/*--------------------------------*- C++ -*----------------------------------*\
  =========                 |
  \\      /  F ield         | OpenFOAM: The Open Source CFD Toolbox
   \\    /   O peration     | Website:  https://openfoam.org
    \\  /    A nd           | Version:  8
     \\/     M anipulation  |
\*---------------------------------------------------------------------------*/
FoamFile
{
    version     2.0;
    format      ascii;
    class       faceList;
    location    "constant/polyMesh";
    object      faces;
}
// * * * * * * * * * * * * * * * * * * * * * * * * * * * * * * * * * * * * * //


3128
(
4(1 26 501 476)
4(25 500 501 26)
4(0 1 476 475)
4(2 27 502 477)
4(26 501 502 27)
4(1 2 477 476)
4(3 28 503 478)
4(27 502 503 28)
4(2 3 478 477)
4(4 29 504 479)
4(28 503 504 29)
4(3 4 479 478)
4(5 30 505 480)
4(29 504 505 30)
4(4 5 480 479)
4(6 31 506 481)
4(30 505 506 31)
4(5 6 481 480)
4(7 32 507 482)
4(31 506 507 32)
4(6 7 482 481)
4(8 33 508 483)
4(32 507 508 33)
4(7 8 483 482)
4(9 34 509 484)
4(33 508 509 34)
4(8 9 484 483)
4(10 35 510 485)
4(34 509 510 35)
4(9 10 485 484)
4(11 36 511 486)
4(35 510 511 36)
4(10 11 486 485)
4(12 37 512 487)
4(36 511 512 37)
4(11 12 487 486)
4(13 38 513 488)
4(37 512 513 38)
4(12 13 488 487)
4(14 39 514 489)
4(38 513 514 39)
4(13 14 489 488)
4(15 40 515 490)
4(39 514 515 40)
4(14 15 490 489)
4(16 41 516 491)
4(40 515 516 41)
4(15 16 491 490)
4(17 42 517 492)
4(41 516 517 42)
4(16 17 492 491)
4(18 43 518 493)
4(42 517 518 43)
4(17 18 493 492)
4(19 44 519 494)
4(43 518 519 44)
4(18 19 494 493)
4(20 45 520 495)
4(44 519 520 45)
4(19 20 495 494)
4(21 46 521 496)
4(45 520 521 46)
4(20 21 496 495)
4(22 47 522 497)
4(46 521 522 47)
4(21 22 497 496)
4(23 48 523 498)
4(47 522 523 48)
4(22 23 498 497)
4(48 523 524 49)
4(23 24 499 498)
4(26 51 526 501)
4(50 525 526 51)
4(27 52 527 502)
4(51 526 527 52)
4(28 53 528 503)
4(52 527 528 53)
4(29 54 529 504)
4(53 528 529 54)
4(30 55 530 505)
4(54 529 530 55)
4(31 56 531 506)
4(55 530 531 56)
4(32 57 532 507)
4(56 531 532 57)
4(33 58 533 508)
4(57 532 533 58)
4(34 59 534 509)
4(58 533 534 59)
4(35 60 535 510)
4(59 534 535 60)
4(36 61 536 511)
4(60 535 536 61)
4(37 62 537 512)
4(61 536 537 62)
4(38 63 538 513)
4(62 537 538 63)
4(39 64 539 514)
4(63 538 539 64)
4(40 65 540 515)
4(64 539 540 65)
4(41 66 541 516)
4(65 540 541 66)
4(42 67 542 517)
4(66 541 542 67)
4(43 68 543 518)
4(67 542 543 68)
4(44 69 544 519)
4(68 543 544 69)
4(45 70 545 520)
4(69 544 545 70)
4(46 71 546 521)
4(70 545 546 71)
4(47 72 547 522)
4(71 546 547 72)
4(48 73 548 523)
4(72 547 548 73)
4(73 548 549 74)
4(51 76 551 526)
4(75 550 551 76)
4(52 77 552 527)
4(76 551 552 77)
4(53 78 553 528)
4(77 552 553 78)
4(54 79 554 529)
4(78 553 554 79)
4(55 80 555 530)
4(79 554 555 80)
4(56 81 556 531)
4(80 555 556 81)
4(57 82 557 532)
4(81 556 557 82)
4(58 83 558 533)
4(82 557 558 83)
4(59 84 559 534)
4(83 558 559 84)
4(60 85 560 535)
4(84 559 560 85)
4(61 86 561 536)
4(85 560 561 86)
4(62 87 562 537)
4(86 561 562 87)
4(63 88 563 538)
4(87 562 563 88)
4(64 89 564 539)
4(88 563 564 89)
4(65 90 565 540)
4(89 564 565 90)
4(66 91 566 541)
4(90 565 566 91)
4(67 92 567 542)
4(91 566 567 92)
4(68 93 568 543)
4(92 567 568 93)
4(69 94 569 544)
4(93 568 569 94)
4(70 95 570 545)
4(94 569 570 95)
4(71 96 571 546)
4(95 570 571 96)
4(72 97 572 547)
4(96 571 572 97)
4(73 98 573 548)
4(97 572 573 98)
4(98 573 574 99)
4(76 101 576 551)
4(100 575 576 101)
4(77 102 577 552)
4(101 576 577 102)
4(78 103 578 553)
4(102 577 578 103)
4(79 104 579 554)
4(103 578 579 104)
4(80 105 580 555)
4(104 579 580 105)
4(81 106 581 556)
4(105 580 581 106)
4(82 107 582 557)
4(106 581 582 107)
4(83 108 583 558)
4(107 582 583 108)
4(84 109 584 559)
4(108 583 584 109)
4(85 110 585 560)
4(109 584 585 110)
4(86 111 586 561)
4(110 585 586 111)
4(87 112 587 562)
4(111 586 587 112)
4(88 113 588 563)
4(112 587 588 113)
4(89 114 589 564)
4(113 588 589 114)
4(90 115 590 565)
4(114 589 590 115)
4(91 116 591 566)
4(115 590 591 116)
4(92 117 592 567)
4(116 591 592 117)
4(93 118 593 568)
4(117 592 593 118)
4(94 119 594 569)
4(118 593 594 119)
4(95 120 595 570)
4(119 594 595 120)
4(96 121 596 571)
4(120 595 596 121)
4(97 122 597 572)
4(121 596 597 122)
4(98 123 598 573)
4(122 597 598 123)
4(123 598 599 124)
4(101 126 601 576)
4(125 600 601 126)
4(102 127 602 577)
4(126 601 602 127)
4(103 128 603 578)
4(127 602 603 128)
4(104 129 604 579)
4(128 603 604 129)
4(105 130 605 580)
4(129 604 605 130)
4(106 131 606 581)
4(130 605 606 131)
4(107 132 607 582)
4(131 606 607 132)
4(108 133 608 583)
4(132 607 608 133)
4(109 134 609 584)
4(133 608 609 134)
4(110 135 610 585)
4(134 609 610 135)
4(111 136 611 586)
4(135 610 611 136)
4(112 137 612 587)
4(136 611 612 137)
4(113 138 613 588)
4(137 612 613 138)
4(114 139 614 589)
4(138 613 614 139)
4(115 140 615 590)
4(139 614 615 140)
4(116 141 616 591)
4(140 615 616 141)
4(117 142 617 592)
4(141 616 617 142)
4(118 143 618 593)
4(142 617 618 143)
4(119 144 619 594)
4(143 618 619 144)
4(120 145 620 595)
4(144 619 620 145)
4(121 146 621 596)
4(145 620 621 146)
4(122 147 622 597)
4(146 621 622 147)
4(123 148 623 598)
4(147 622 623 148)
4(148 623 624 149)
4(126 151 626 601)
4(150 625 626 151)
4(127 152 627 602)
4(151 626 627 152)
4(128 153 628 603)
4(152 627 628 153)
4(129 154 629 604)
4(153 628 629 154)
4(130 155 630 605)
4(154 629 630 155)
4(131 156 631 606)
4(155 630 631 156)
4(132 157 632 607)
4(156 631 632 157)
4(133 158 633 608)
4(157 632 633 158)
4(134 159 634 609)
4(158 633 634 159)
4(135 160 635 610)
4(159 634 635 160)
4(136 161 636 611)
4(160 635 636 161)
4(137 162 637 612)
4(161 636 637 162)
4(138 163 638 613)
4(162 637 638 163)
4(139 164 639 614)
4(163 638 639 164)
4(140 165 640 615)
4(164 639 640 165)
4(141 166 641 616)
4(165 640 641 166)
4(142 167 642 617)
4(166 641 642 167)
4(143 168 643 618)
4(167 642 643 168)
4(144 169 644 619)
4(168 643 644 169)
4(145 170 645 620)
4(169 644 645 170)
4(146 171 646 621)
4(170 645 646 171)
4(147 172 647 622)
4(171 646 647 172)
4(148 173 648 623)
4(172 647 648 173)
4(173 648 649 174)
4(151 176 651 626)
4(175 650 651 176)
4(152 177 652 627)
4(176 651 652 177)
4(153 178 653 628)
4(177 652 653 178)
4(154 179 654 629)
4(178 653 654 179)
4(155 180 655 630)
4(179 654 655 180)
4(156 181 656 631)
4(180 655 656 181)
4(157 182 657 632)
4(181 656 657 182)
4(158 183 658 633)
4(182 657 658 183)
4(159 184 659 634)
4(183 658 659 184)
4(160 185 660 635)
4(184 659 660 185)
4(161 186 661 636)
4(185 660 661 186)
4(162 187 662 637)
4(186 661 662 187)
4(163 188 663 638)
4(187 662 663 188)
4(164 189 664 639)
4(188 663 664 189)
4(165 190 665 640)
4(189 664 665 190)
4(166 191 666 641)
4(190 665 666 191)
4(167 192 667 642)
4(191 666 667 192)
4(168 193 668 643)
4(192 667 668 193)
4(169 194 669 644)
4(193 668 669 194)
4(170 195 670 645)
4(194 669 670 195)
4(171 196 671 646)
4(195 670 671 196)
4(172 197 672 647)
4(196 671 672 197)
4(173 198 673 648)
4(197 672 673 198)
4(198 673 674 199)
4(176 201 676 651)
4(200 675 676 201)
4(177 202 677 652)
4(201 676 677 202)
4(178 203 678 653)
4(202 677 678 203)
4(179 204 679 654)
4(203 678 679 204)
4(180 205 680 655)
4(204 679 680 205)
4(181 206 681 656)
4(205 680 681 206)
4(182 207 682 657)
4(206 681 682 207)
4(183 208 683 658)
4(207 682 683 208)
4(184 209 684 659)
4(208 683 684 209)
4(185 210 685 660)
4(209 684 685 210)
4(186 211 686 661)
4(210 685 686 211)
4(187 212 687 662)
4(211 686 687 212)
4(188 213 688 663)
4(212 687 688 213)
4(189 214 689 664)
4(213 688 689 214)
4(190 215 690 665)
4(214 689 690 215)
4(191 216 691 666)
4(215 690 691 216)
4(192 217 692 667)
4(216 691 692 217)
4(193 218 693 668)
4(217 692 693 218)
4(194 219 694 669)
4(218 693 694 219)
4(195 220 695 670)
4(219 694 695 220)
4(196 221 696 671)
4(220 695 696 221)
4(197 222 697 672)
4(221 696 697 222)
4(198 223 698 673)
4(222 697 698 223)
4(223 698 699 224)
4(201 226 701 676)
4(225 700 701 226)
4(202 227 702 677)
4(226 701 702 227)
4(203 228 703 678)
4(227 702 703 228)
4(204 229 704 679)
4(228 703 704 229)
4(205 230 705 680)
4(229 704 705 230)
4(206 231 706 681)
4(230 705 706 231)
4(207 232 707 682)
4(231 706 707 232)
4(208 233 708 683)
4(232 707 708 233)
4(209 234 709 684)
4(233 708 709 234)
4(210 235 710 685)
4(234 709 710 235)
4(211 236 711 686)
4(235 710 711 236)
4(212 237 712 687)
4(236 711 712 237)
4(213 238 713 688)
4(237 712 713 238)
4(214 239 714 689)
4(238 713 714 239)
4(215 240 715 690)
4(239 714 715 240)
4(216 241 716 691)
4(240 715 716 241)
4(217 242 717 692)
4(241 716 717 242)
4(218 243 718 693)
4(242 717 718 243)
4(219 244 719 694)
4(243 718 719 244)
4(220 245 720 695)
4(244 719 720 245)
4(221 246 721 696)
4(245 720 721 246)
4(222 247 722 697)
4(246 721 722 247)
4(223 248 723 698)
4(247 722 723 248)
4(248 723 724 249)
4(226 251 726 701)
4(250 725 726 251)
4(227 252 727 702)
4(251 726 727 252)
4(228 253 728 703)
4(252 727 728 253)
4(229 254 729 704)
4(253 728 729 254)
4(230 255 730 705)
4(254 729 730 255)
4(231 256 731 706)
4(255 730 731 256)
4(232 257 732 707)
4(256 731 732 257)
4(233 258 733 708)
4(257 732 733 258)
4(234 259 734 709)
4(258 733 734 259)
4(235 260 735 710)
4(259 734 735 260)
4(236 261 736 711)
4(260 735 736 261)
4(237 262 737 712)
4(261 736 737 262)
4(238 263 738 713)
4(262 737 738 263)
4(239 264 739 714)
4(263 738 739 264)
4(240 265 740 715)
4(264 739 740 265)
4(241 266 741 716)
4(265 740 741 266)
4(242 267 742 717)
4(266 741 742 267)
4(243 268 743 718)
4(267 742 743 268)
4(244 269 744 719)
4(268 743 744 269)
4(245 270 745 720)
4(269 744 745 270)
4(246 271 746 721)
4(270 745 746 271)
4(247 272 747 722)
4(271 746 747 272)
4(248 273 748 723)
4(272 747 748 273)
4(273 748 749 274)
4(251 276 751 726)
4(275 750 751 276)
4(252 277 752 727)
4(276 751 752 277)
4(253 278 753 728)
4(277 752 753 278)
4(254 279 754 729)
4(278 753 754 279)
4(255 280 755 730)
4(279 754 755 280)
4(256 281 756 731)
4(280 755 756 281)
4(257 282 757 732)
4(281 756 757 282)
4(258 283 758 733)
4(282 757 758 283)
4(259 284 759 734)
4(283 758 759 284)
4(260 285 760 735)
4(284 759 760 285)
4(261 286 761 736)
4(285 760 761 286)
4(262 287 762 737)
4(286 761 762 287)
4(263 288 763 738)
4(287 762 763 288)
4(264 289 764 739)
4(288 763 764 289)
4(265 290 765 740)
4(289 764 765 290)
4(266 291 766 741)
4(290 765 766 291)
4(267 292 767 742)
4(291 766 767 292)
4(268 293 768 743)
4(292 767 768 293)
4(269 294 769 744)
4(293 768 769 294)
4(270 295 770 745)
4(294 769 770 295)
4(271 296 771 746)
4(295 770 771 296)
4(272 297 772 747)
4(296 771 772 297)
4(273 298 773 748)
4(297 772 773 298)
4(298 773 774 299)
4(276 301 776 751)
4(300 775 776 301)
4(277 302 777 752)
4(301 776 777 302)
4(278 303 778 753)
4(302 777 778 303)
4(279 304 779 754)
4(303 778 779 304)
4(280 305 780 755)
4(304 779 780 305)
4(281 306 781 756)
4(305 780 781 306)
4(282 307 782 757)
4(306 781 782 307)
4(283 308 783 758)
4(307 782 783 308)
4(284 309 784 759)
4(308 783 784 309)
4(285 310 785 760)
4(309 784 785 310)
4(286 311 786 761)
4(310 785 786 311)
4(287 312 787 762)
4(311 786 787 312)
4(288 313 788 763)
4(312 787 788 313)
4(289 314 789 764)
4(313 788 789 314)
4(290 315 790 765)
4(314 789 790 315)
4(291 316 791 766)
4(315 790 791 316)
4(292 317 792 767)
4(316 791 792 317)
4(293 318 793 768)
4(317 792 793 318)
4(294 319 794 769)
4(318 793 794 319)
4(295 320 795 770)
4(319 794 795 320)
4(296 321 796 771)
4(320 795 796 321)
4(297 322 797 772)
4(321 796 797 322)
4(298 323 798 773)
4(322 797 798 323)
4(323 798 799 324)
4(301 326 801 776)
4(325 800 801 326)
4(302 327 802 777)
4(326 801 802 327)
4(303 328 803 778)
4(327 802 803 328)
4(304 329 804 779)
4(328 803 804 329)
4(305 330 805 780)
4(329 804 805 330)
4(306 331 806 781)
4(330 805 806 331)
4(307 332 807 782)
4(331 806 807 332)
4(308 333 808 783)
4(332 807 808 333)
4(309 334 809 784)
4(333 808 809 334)
4(310 335 810 785)
4(334 809 810 335)
4(311 336 811 786)
4(335 810 811 336)
4(312 337 812 787)
4(336 811 812 337)
4(313 338 813 788)
4(337 812 813 338)
4(314 339 814 789)
4(338 813 814 339)
4(315 340 815 790)
4(339 814 815 340)
4(316 341 816 791)
4(340 815 816 341)
4(317 342 817 792)
4(341 816 817 342)
4(318 343 818 793)
4(342 817 818 343)
4(319 344 819 794)
4(343 818 819 344)
4(320 345 820 795)
4(344 819 820 345)
4(321 346 821 796)
4(345 820 821 346)
4(322 347 822 797)
4(346 821 822 347)
4(323 348 823 798)
4(347 822 823 348)
4(348 823 824 349)
4(326 351 826 801)
4(350 825 826 351)
4(327 352 827 802)
4(351 826 827 352)
4(328 353 828 803)
4(352 827 828 353)
4(329 354 829 804)
4(353 828 829 354)
4(330 355 830 805)
4(354 829 830 355)
4(331 356 831 806)
4(355 830 831 356)
4(332 357 832 807)
4(356 831 832 357)
4(333 358 833 808)
4(357 832 833 358)
4(334 359 834 809)
4(358 833 834 359)
4(335 360 835 810)
4(359 834 835 360)
4(336 361 836 811)
4(360 835 836 361)
4(337 362 837 812)
4(361 836 837 362)
4(338 363 838 813)
4(362 837 838 363)
4(339 364 839 814)
4(363 838 839 364)
4(340 365 840 815)
4(364 839 840 365)
4(341 366 841 816)
4(365 840 841 366)
4(342 367 842 817)
4(366 841 842 367)
4(343 368 843 818)
4(367 842 843 368)
4(344 369 844 819)
4(368 843 844 369)
4(345 370 845 820)
4(369 844 845 370)
4(346 371 846 821)
4(370 845 846 371)
4(347 372 847 822)
4(371 846 847 372)
4(348 373 848 823)
4(372 847 848 373)
4(373 848 849 374)
4(351 376 851 826)
4(375 850 851 376)
4(352 377 852 827)
4(376 851 852 377)
4(353 378 853 828)
4(377 852 853 378)
4(354 379 854 829)
4(378 853 854 379)
4(355 380 855 830)
4(379 854 855 380)
4(356 381 856 831)
4(380 855 856 381)
4(357 382 857 832)
4(381 856 857 382)
4(358 383 858 833)
4(382 857 858 383)
4(359 384 859 834)
4(383 858 859 384)
4(360 385 860 835)
4(384 859 860 385)
4(361 386 861 836)
4(385 860 861 386)
4(362 387 862 837)
4(386 861 862 387)
4(363 388 863 838)
4(387 862 863 388)
4(364 389 864 839)
4(388 863 864 389)
4(365 390 865 840)
4(389 864 865 390)
4(366 391 866 841)
4(390 865 866 391)
4(367 392 867 842)
4(391 866 867 392)
4(368 393 868 843)
4(392 867 868 393)
4(369 394 869 844)
4(393 868 869 394)
4(370 395 870 845)
4(394 869 870 395)
4(371 396 871 846)
4(395 870 871 396)
4(372 397 872 847)
4(396 871 872 397)
4(373 398 873 848)
4(397 872 873 398)
4(398 873 874 399)
4(376 401 876 851)
4(400 875 876 401)
4(377 402 877 852)
4(401 876 877 402)
4(378 403 878 853)
4(402 877 878 403)
4(379 404 879 854)
4(403 878 879 404)
4(380 405 880 855)
4(404 879 880 405)
4(381 406 881 856)
4(405 880 881 406)
4(382 407 882 857)
4(406 881 882 407)
4(383 408 883 858)
4(407 882 883 408)
4(384 409 884 859)
4(408 883 884 409)
4(385 410 885 860)
4(409 884 885 410)
4(386 411 886 861)
4(410 885 886 411)
4(387 412 887 862)
4(411 886 887 412)
4(388 413 888 863)
4(412 887 888 413)
4(389 414 889 864)
4(413 888 889 414)
4(390 415 890 865)
4(414 889 890 415)
4(391 416 891 866)
4(415 890 891 416)
4(392 417 892 867)
4(416 891 892 417)
4(393 418 893 868)
4(417 892 893 418)
4(394 419 894 869)
4(418 893 894 419)
4(395 420 895 870)
4(419 894 895 420)
4(396 421 896 871)
4(420 895 896 421)
4(397 422 897 872)
4(421 896 897 422)
4(398 423 898 873)
4(422 897 898 423)
4(423 898 899 424)
4(401 426 901 876)
4(425 900 901 426)
4(402 427 902 877)
4(426 901 902 427)
4(403 428 903 878)
4(427 902 903 428)
4(404 429 904 879)
4(428 903 904 429)
4(405 430 905 880)
4(429 904 905 430)
4(406 431 906 881)
4(430 905 906 431)
4(407 432 907 882)
4(431 906 907 432)
4(408 433 908 883)
4(432 907 908 433)
4(409 434 909 884)
4(433 908 909 434)
4(410 435 910 885)
4(434 909 910 435)
4(411 436 911 886)
4(435 910 911 436)
4(412 437 912 887)
4(436 911 912 437)
4(413 438 913 888)
4(437 912 913 438)
4(414 439 914 889)
4(438 913 914 439)
4(415 440 915 890)
4(439 914 915 440)
4(416 441 916 891)
4(440 915 916 441)
4(417 442 917 892)
4(441 916 917 442)
4(418 443 918 893)
4(442 917 918 443)
4(419 444 919 894)
4(443 918 919 444)
4(420 445 920 895)
4(444 919 920 445)
4(421 446 921 896)
4(445 920 921 446)
4(422 447 922 897)
4(446 921 922 447)
4(423 448 923 898)
4(447 922 923 448)
4(448 923 924 449)
4(426 451 926 901)
4(427 452 927 902)
4(428 453 928 903)
4(429 454 929 904)
4(430 455 930 905)
4(431 456 931 906)
4(432 457 932 907)
4(433 458 933 908)
4(434 459 934 909)
4(435 460 935 910)
4(436 461 936 911)
4(437 462 937 912)
4(438 463 938 913)
4(439 464 939 914)
4(440 465 940 915)
4(441 466 941 916)
4(442 467 942 917)
4(443 468 943 918)
4(444 469 944 919)
4(445 470 945 920)
4(446 471 946 921)
4(447 472 947 922)
4(448 473 948 923)
4(951 976 1176 1151)
4(975 1175 1176 976)
4(950 951 1151 1150)
4(952 977 1177 1152)
4(976 1176 1177 977)
4(951 952 1152 1151)
4(953 978 1178 1153)
4(977 1177 1178 978)
4(952 953 1153 1152)
4(954 979 1179 1154)
4(978 1178 1179 979)
4(953 954 1154 1153)
4(955 980 1180 1155)
4(979 1179 1180 980)
4(954 955 1155 1154)
4(956 981 1181 1156)
4(980 1180 1181 981)
4(955 956 1156 1155)
4(957 982 1182 1157)
4(981 1181 1182 982)
4(956 957 1157 1156)
4(958 983 1183 1158)
4(982 1182 1183 983)
4(957 958 1158 1157)
4(959 984 1184 1159)
4(983 1183 1184 984)
4(958 959 1159 1158)
4(960 985 1185 1160)
4(984 1184 1185 985)
4(959 960 1160 1159)
4(961 986 1186 1161)
4(985 1185 1186 986)
4(960 961 1161 1160)
4(962 987 1187 1162)
4(986 1186 1187 987)
4(961 962 1162 1161)
4(963 988 1188 1163)
4(987 1187 1188 988)
4(962 963 1163 1162)
4(964 989 1189 1164)
4(988 1188 1189 989)
4(963 964 1164 1163)
4(965 990 1190 1165)
4(989 1189 1190 990)
4(964 965 1165 1164)
4(966 991 1191 1166)
4(990 1190 1191 991)
4(965 966 1166 1165)
4(967 992 1192 1167)
4(991 1191 1192 992)
4(966 967 1167 1166)
4(968 993 1193 1168)
4(992 1192 1193 993)
4(967 968 1168 1167)
4(969 994 1194 1169)
4(993 1193 1194 994)
4(968 969 1169 1168)
4(970 995 1195 1170)
4(994 1194 1195 995)
4(969 970 1170 1169)
4(971 996 1196 1171)
4(995 1195 1196 996)
4(970 971 1171 1170)
4(972 997 1197 1172)
4(996 1196 1197 997)
4(971 972 1172 1171)
4(973 998 1198 1173)
4(997 1197 1198 998)
4(972 973 1173 1172)
4(998 1198 1199 999)
4(973 974 1174 1173)
4(976 1001 1201 1176)
4(1000 1200 1201 1001)
4(977 1002 1202 1177)
4(1001 1201 1202 1002)
4(978 1003 1203 1178)
4(1002 1202 1203 1003)
4(979 1004 1204 1179)
4(1003 1203 1204 1004)
4(980 1005 1205 1180)
4(1004 1204 1205 1005)
4(981 1006 1206 1181)
4(1005 1205 1206 1006)
4(982 1007 1207 1182)
4(1006 1206 1207 1007)
4(983 1008 1208 1183)
4(1007 1207 1208 1008)
4(984 1009 1209 1184)
4(1008 1208 1209 1009)
4(985 1010 1210 1185)
4(1009 1209 1210 1010)
4(986 1011 1211 1186)
4(1010 1210 1211 1011)
4(987 1012 1212 1187)
4(1011 1211 1212 1012)
4(988 1013 1213 1188)
4(1012 1212 1213 1013)
4(989 1014 1214 1189)
4(1013 1213 1214 1014)
4(990 1015 1215 1190)
4(1014 1214 1215 1015)
4(991 1016 1216 1191)
4(1015 1215 1216 1016)
4(992 1017 1217 1192)
4(1016 1216 1217 1017)
4(993 1018 1218 1193)
4(1017 1217 1218 1018)
4(994 1019 1219 1194)
4(1018 1218 1219 1019)
4(995 1020 1220 1195)
4(1019 1219 1220 1020)
4(996 1021 1221 1196)
4(1020 1220 1221 1021)
4(997 1022 1222 1197)
4(1021 1221 1222 1022)
4(998 1023 1223 1198)
4(1022 1222 1223 1023)
4(1023 1223 1224 1024)
4(1001 1026 1226 1201)
4(1025 1225 1226 1026)
4(1002 1027 1227 1202)
4(1026 1226 1227 1027)
4(1003 1028 1228 1203)
4(1027 1227 1228 1028)
4(1004 1029 1229 1204)
4(1028 1228 1229 1029)
4(1005 1030 1230 1205)
4(1029 1229 1230 1030)
4(1006 1031 1231 1206)
4(1030 1230 1231 1031)
4(1007 1032 1232 1207)
4(1031 1231 1232 1032)
4(1008 1033 1233 1208)
4(1032 1232 1233 1033)
4(1009 1034 1234 1209)
4(1033 1233 1234 1034)
4(1010 1035 1235 1210)
4(1034 1234 1235 1035)
4(1011 1036 1236 1211)
4(1035 1235 1236 1036)
4(1012 1037 1237 1212)
4(1036 1236 1237 1037)
4(1013 1038 1238 1213)
4(1037 1237 1238 1038)
4(1014 1039 1239 1214)
4(1038 1238 1239 1039)
4(1015 1040 1240 1215)
4(1039 1239 1240 1040)
4(1016 1041 1241 1216)
4(1040 1240 1241 1041)
4(1017 1042 1242 1217)
4(1041 1241 1242 1042)
4(1018 1043 1243 1218)
4(1042 1242 1243 1043)
4(1019 1044 1244 1219)
4(1043 1243 1244 1044)
4(1020 1045 1245 1220)
4(1044 1244 1245 1045)
4(1021 1046 1246 1221)
4(1045 1245 1246 1046)
4(1022 1047 1247 1222)
4(1046 1246 1247 1047)
4(1023 1048 1248 1223)
4(1047 1247 1248 1048)
4(1048 1248 1249 1049)
4(1026 1051 1251 1226)
4(1050 1250 1251 1051)
4(1027 1052 1252 1227)
4(1051 1251 1252 1052)
4(1028 1053 1253 1228)
4(1052 1252 1253 1053)
4(1029 1054 1254 1229)
4(1053 1253 1254 1054)
4(1030 1055 1255 1230)
4(1054 1254 1255 1055)
4(1031 1056 1256 1231)
4(1055 1255 1256 1056)
4(1032 1057 1257 1232)
4(1056 1256 1257 1057)
4(1033 1058 1258 1233)
4(1057 1257 1258 1058)
4(1034 1059 1259 1234)
4(1058 1258 1259 1059)
4(1035 1060 1260 1235)
4(1059 1259 1260 1060)
4(1036 1061 1261 1236)
4(1060 1260 1261 1061)
4(1037 1062 1262 1237)
4(1061 1261 1262 1062)
4(1038 1063 1263 1238)
4(1062 1262 1263 1063)
4(1039 1064 1264 1239)
4(1063 1263 1264 1064)
4(1040 1065 1265 1240)
4(1064 1264 1265 1065)
4(1041 1066 1266 1241)
4(1065 1265 1266 1066)
4(1042 1067 1267 1242)
4(1066 1266 1267 1067)
4(1043 1068 1268 1243)
4(1067 1267 1268 1068)
4(1044 1069 1269 1244)
4(1068 1268 1269 1069)
4(1045 1070 1270 1245)
4(1069 1269 1270 1070)
4(1046 1071 1271 1246)
4(1070 1270 1271 1071)
4(1047 1072 1272 1247)
4(1071 1271 1272 1072)
4(1048 1073 1273 1248)
4(1072 1272 1273 1073)
4(1073 1273 1274 1074)
4(1051 1076 1276 1251)
4(1075 1275 1276 1076)
4(1052 1077 1277 1252)
4(1076 1276 1277 1077)
4(1053 1078 1278 1253)
4(1077 1277 1278 1078)
4(1054 1079 1279 1254)
4(1078 1278 1279 1079)
4(1055 1080 1280 1255)
4(1079 1279 1280 1080)
4(1056 1081 1281 1256)
4(1080 1280 1281 1081)
4(1057 1082 1282 1257)
4(1081 1281 1282 1082)
4(1058 1083 1283 1258)
4(1082 1282 1283 1083)
4(1059 1084 1284 1259)
4(1083 1283 1284 1084)
4(1060 1085 1285 1260)
4(1084 1284 1285 1085)
4(1061 1086 1286 1261)
4(1085 1285 1286 1086)
4(1062 1087 1287 1262)
4(1086 1286 1287 1087)
4(1063 1088 1288 1263)
4(1087 1287 1288 1088)
4(1064 1089 1289 1264)
4(1088 1288 1289 1089)
4(1065 1090 1290 1265)
4(1089 1289 1290 1090)
4(1066 1091 1291 1266)
4(1090 1290 1291 1091)
4(1067 1092 1292 1267)
4(1091 1291 1292 1092)
4(1068 1093 1293 1268)
4(1092 1292 1293 1093)
4(1069 1094 1294 1269)
4(1093 1293 1294 1094)
4(1070 1095 1295 1270)
4(1094 1294 1295 1095)
4(1071 1096 1296 1271)
4(1095 1295 1296 1096)
4(1072 1097 1297 1272)
4(1096 1296 1297 1097)
4(1073 1098 1298 1273)
4(1097 1297 1298 1098)
4(1098 1298 1299 1099)
4(1076 1101 1301 1276)
4(1100 1300 1301 1101)
4(1077 1102 1302 1277)
4(1101 1301 1302 1102)
4(1078 1103 1303 1278)
4(1102 1302 1303 1103)
4(1079 1104 1304 1279)
4(1103 1303 1304 1104)
4(1080 1105 1305 1280)
4(1104 1304 1305 1105)
4(1081 1106 1306 1281)
4(1105 1305 1306 1106)
4(1082 1107 1307 1282)
4(1106 1306 1307 1107)
4(1083 1108 1308 1283)
4(1107 1307 1308 1108)
4(1084 1109 1309 1284)
4(1108 1308 1309 1109)
4(1085 1110 1310 1285)
4(1109 1309 1310 1110)
4(1086 1111 1311 1286)
4(1110 1310 1311 1111)
4(1087 1112 1312 1287)
4(1111 1311 1312 1112)
4(1088 1113 1313 1288)
4(1112 1312 1313 1113)
4(1089 1114 1314 1289)
4(1113 1313 1314 1114)
4(1090 1115 1315 1290)
4(1114 1314 1315 1115)
4(1091 1116 1316 1291)
4(1115 1315 1316 1116)
4(1092 1117 1317 1292)
4(1116 1316 1317 1117)
4(1093 1118 1318 1293)
4(1117 1317 1318 1118)
4(1094 1119 1319 1294)
4(1118 1318 1319 1119)
4(1095 1120 1320 1295)
4(1119 1319 1320 1120)
4(1096 1121 1321 1296)
4(1120 1320 1321 1121)
4(1097 1122 1322 1297)
4(1121 1321 1322 1122)
4(1098 1123 1323 1298)
4(1122 1322 1323 1123)
4(1123 1323 1324 1124)
4(1101 1126 1326 1301)
4(1125 1325 1326 1126)
4(1102 1127 1327 1302)
4(1126 1326 1327 1127)
4(1103 1128 1328 1303)
4(1127 1327 1328 1128)
4(1104 1129 1329 1304)
4(1128 1328 1329 1129)
4(1105 1130 1330 1305)
4(1129 1329 1330 1130)
4(1106 1131 1331 1306)
4(1130 1330 1331 1131)
4(1107 1132 1332 1307)
4(1131 1331 1332 1132)
4(1108 1133 1333 1308)
4(1132 1332 1333 1133)
4(1109 1134 1334 1309)
4(1133 1333 1334 1134)
4(1110 1135 1335 1310)
4(1134 1334 1335 1135)
4(1111 1136 1336 1311)
4(1135 1335 1336 1136)
4(1112 1137 1337 1312)
4(1136 1336 1337 1137)
4(1113 1138 1338 1313)
4(1137 1337 1338 1138)
4(1114 1139 1339 1314)
4(1138 1338 1339 1139)
4(1115 1140 1340 1315)
4(1139 1339 1340 1140)
4(1116 1141 1341 1316)
4(1140 1340 1341 1141)
4(1117 1142 1342 1317)
4(1141 1341 1342 1142)
4(1118 1143 1343 1318)
4(1142 1342 1343 1143)
4(1119 1144 1344 1319)
4(1143 1343 1344 1144)
4(1120 1145 1345 1320)
4(1144 1344 1345 1145)
4(1121 1146 1346 1321)
4(1145 1345 1346 1146)
4(1122 1147 1347 1322)
4(1146 1346 1347 1147)
4(1123 1148 1348 1323)
4(1147 1347 1348 1148)
4(1148 1348 1349 1149)
4(1126 1 476 1326)
4(1127 2 477 1327)
4(1128 3 478 1328)
4(1129 4 479 1329)
4(1130 5 480 1330)
4(1131 6 481 1331)
4(1132 7 482 1332)
4(1133 8 483 1333)
4(1134 9 484 1334)
4(1135 10 485 1335)
4(1136 11 486 1336)
4(1137 12 487 1337)
4(1138 13 488 1338)
4(1139 14 489 1339)
4(1140 15 490 1340)
4(1141 16 491 1341)
4(1142 17 492 1342)
4(1143 18 493 1343)
4(1144 19 494 1344)
4(1145 20 495 1345)
4(1146 21 496 1346)
4(1147 22 497 1347)
4(1148 23 498 1348)
4(1351 1376 1526 1501)
4(1375 1525 1526 1376)
4(1352 1377 1527 1502)
4(1376 1526 1527 1377)
4(1353 1378 1528 1503)
4(1377 1527 1528 1378)
4(1354 1379 1529 1504)
4(1378 1528 1529 1379)
4(1355 1380 1530 1505)
4(1379 1529 1530 1380)
4(1356 1381 1531 1506)
4(1380 1530 1531 1381)
4(1357 1382 1532 1507)
4(1381 1531 1532 1382)
4(1358 1383 1533 1508)
4(1382 1532 1533 1383)
4(1359 1384 1534 1509)
4(1383 1533 1534 1384)
4(1360 1385 1535 1510)
4(1384 1534 1535 1385)
4(1361 1386 1536 1511)
4(1385 1535 1536 1386)
4(1362 1387 1537 1512)
4(1386 1536 1537 1387)
4(1363 1388 1538 1513)
4(1387 1537 1538 1388)
4(1364 1389 1539 1514)
4(1388 1538 1539 1389)
4(1365 1390 1540 1515)
4(1389 1539 1540 1390)
4(1366 1391 1541 1516)
4(1390 1540 1541 1391)
4(1367 1392 1542 1517)
4(1391 1541 1542 1392)
4(1368 1393 1543 1518)
4(1392 1542 1543 1393)
4(1369 1394 1544 1519)
4(1393 1543 1544 1394)
4(1370 1395 1545 1520)
4(1394 1544 1545 1395)
4(1371 1396 1546 1521)
4(1395 1545 1546 1396)
4(1372 1397 1547 1522)
4(1396 1546 1547 1397)
4(1373 1398 1548 1523)
4(1397 1547 1548 1398)
4(1398 1548 1549 1399)
4(1376 1401 1551 1526)
4(1400 1550 1551 1401)
4(1377 1402 1552 1527)
4(1401 1551 1552 1402)
4(1378 1403 1553 1528)
4(1402 1552 1553 1403)
4(1379 1404 1554 1529)
4(1403 1553 1554 1404)
4(1380 1405 1555 1530)
4(1404 1554 1555 1405)
4(1381 1406 1556 1531)
4(1405 1555 1556 1406)
4(1382 1407 1557 1532)
4(1406 1556 1557 1407)
4(1383 1408 1558 1533)
4(1407 1557 1558 1408)
4(1384 1409 1559 1534)
4(1408 1558 1559 1409)
4(1385 1410 1560 1535)
4(1409 1559 1560 1410)
4(1386 1411 1561 1536)
4(1410 1560 1561 1411)
4(1387 1412 1562 1537)
4(1411 1561 1562 1412)
4(1388 1413 1563 1538)
4(1412 1562 1563 1413)
4(1389 1414 1564 1539)
4(1413 1563 1564 1414)
4(1390 1415 1565 1540)
4(1414 1564 1565 1415)
4(1391 1416 1566 1541)
4(1415 1565 1566 1416)
4(1392 1417 1567 1542)
4(1416 1566 1567 1417)
4(1393 1418 1568 1543)
4(1417 1567 1568 1418)
4(1394 1419 1569 1544)
4(1418 1568 1569 1419)
4(1395 1420 1570 1545)
4(1419 1569 1570 1420)
4(1396 1421 1571 1546)
4(1420 1570 1571 1421)
4(1397 1422 1572 1547)
4(1421 1571 1572 1422)
4(1398 1423 1573 1548)
4(1422 1572 1573 1423)
4(1423 1573 1574 1424)
4(1401 1426 1576 1551)
4(1425 1575 1576 1426)
4(1402 1427 1577 1552)
4(1426 1576 1577 1427)
4(1403 1428 1578 1553)
4(1427 1577 1578 1428)
4(1404 1429 1579 1554)
4(1428 1578 1579 1429)
4(1405 1430 1580 1555)
4(1429 1579 1580 1430)
4(1406 1431 1581 1556)
4(1430 1580 1581 1431)
4(1407 1432 1582 1557)
4(1431 1581 1582 1432)
4(1408 1433 1583 1558)
4(1432 1582 1583 1433)
4(1409 1434 1584 1559)
4(1433 1583 1584 1434)
4(1410 1435 1585 1560)
4(1434 1584 1585 1435)
4(1411 1436 1586 1561)
4(1435 1585 1586 1436)
4(1412 1437 1587 1562)
4(1436 1586 1587 1437)
4(1413 1438 1588 1563)
4(1437 1587 1588 1438)
4(1414 1439 1589 1564)
4(1438 1588 1589 1439)
4(1415 1440 1590 1565)
4(1439 1589 1590 1440)
4(1416 1441 1591 1566)
4(1440 1590 1591 1441)
4(1417 1442 1592 1567)
4(1441 1591 1592 1442)
4(1418 1443 1593 1568)
4(1442 1592 1593 1443)
4(1419 1444 1594 1569)
4(1443 1593 1594 1444)
4(1420 1445 1595 1570)
4(1444 1594 1595 1445)
4(1421 1446 1596 1571)
4(1445 1595 1596 1446)
4(1422 1447 1597 1572)
4(1446 1596 1597 1447)
4(1423 1448 1598 1573)
4(1447 1597 1598 1448)
4(1448 1598 1599 1449)
4(1426 1451 1601 1576)
4(1450 1600 1601 1451)
4(1427 1452 1602 1577)
4(1451 1601 1602 1452)
4(1428 1453 1603 1578)
4(1452 1602 1603 1453)
4(1429 1454 1604 1579)
4(1453 1603 1604 1454)
4(1430 1455 1605 1580)
4(1454 1604 1605 1455)
4(1431 1456 1606 1581)
4(1455 1605 1606 1456)
4(1432 1457 1607 1582)
4(1456 1606 1607 1457)
4(1433 1458 1608 1583)
4(1457 1607 1608 1458)
4(1434 1459 1609 1584)
4(1458 1608 1609 1459)
4(1435 1460 1610 1585)
4(1459 1609 1610 1460)
4(1436 1461 1611 1586)
4(1460 1610 1611 1461)
4(1437 1462 1612 1587)
4(1461 1611 1612 1462)
4(1438 1463 1613 1588)
4(1462 1612 1613 1463)
4(1439 1464 1614 1589)
4(1463 1613 1614 1464)
4(1440 1465 1615 1590)
4(1464 1614 1615 1465)
4(1441 1466 1616 1591)
4(1465 1615 1616 1466)
4(1442 1467 1617 1592)
4(1466 1616 1617 1467)
4(1443 1468 1618 1593)
4(1467 1617 1618 1468)
4(1444 1469 1619 1594)
4(1468 1618 1619 1469)
4(1445 1470 1620 1595)
4(1469 1619 1620 1470)
4(1446 1471 1621 1596)
4(1470 1620 1621 1471)
4(1447 1472 1622 1597)
4(1471 1621 1622 1472)
4(1448 1473 1623 1598)
4(1472 1622 1623 1473)
4(1473 1623 1624 1474)
4(1451 1476 1626 1601)
4(1475 1625 1626 1476)
4(1452 1477 1627 1602)
4(1476 1626 1627 1477)
4(1453 1478 1628 1603)
4(1477 1627 1628 1478)
4(1454 1479 1629 1604)
4(1478 1628 1629 1479)
4(1455 1480 1630 1605)
4(1479 1629 1630 1480)
4(1456 1481 1631 1606)
4(1480 1630 1631 1481)
4(1457 1482 1632 1607)
4(1481 1631 1632 1482)
4(1458 1483 1633 1608)
4(1482 1632 1633 1483)
4(1459 1484 1634 1609)
4(1483 1633 1634 1484)
4(1460 1485 1635 1610)
4(1484 1634 1635 1485)
4(1461 1486 1636 1611)
4(1485 1635 1636 1486)
4(1462 1487 1637 1612)
4(1486 1636 1637 1487)
4(1463 1488 1638 1613)
4(1487 1637 1638 1488)
4(1464 1489 1639 1614)
4(1488 1638 1639 1489)
4(1465 1490 1640 1615)
4(1489 1639 1640 1490)
4(1466 1491 1641 1616)
4(1490 1640 1641 1491)
4(1467 1492 1642 1617)
4(1491 1641 1642 1492)
4(1468 1493 1643 1618)
4(1492 1642 1643 1493)
4(1469 1494 1644 1619)
4(1493 1643 1644 1494)
4(1470 1495 1645 1620)
4(1494 1644 1645 1495)
4(1471 1496 1646 1621)
4(1495 1645 1646 1496)
4(1472 1497 1647 1622)
4(1496 1646 1647 1497)
4(1473 1498 1648 1623)
4(1497 1647 1648 1498)
4(1498 1648 1649 1499)
4(1476 951 1151 1626)
4(1477 952 1152 1627)
4(1478 953 1153 1628)
4(1479 954 1154 1629)
4(1480 955 1155 1630)
4(1481 956 1156 1631)
4(1482 957 1157 1632)
4(1483 958 1158 1633)
4(1484 959 1159 1634)
4(1485 960 1160 1635)
4(1486 961 1161 1636)
4(1487 962 1162 1637)
4(1488 963 1163 1638)
4(1489 964 1164 1639)
4(1490 965 1165 1640)
4(1491 966 1166 1641)
4(1492 967 1167 1642)
4(1493 968 1168 1643)
4(1494 969 1169 1644)
4(1495 970 1170 1645)
4(1496 971 1171 1646)
4(1497 972 1172 1647)
4(1498 973 1173 1648)
4(0 475 500 25)
4(25 500 525 50)
4(50 525 550 75)
4(75 550 575 100)
4(100 575 600 125)
4(125 600 625 150)
4(150 625 650 175)
4(175 650 675 200)
4(200 675 700 225)
4(225 700 725 250)
4(250 725 750 275)
4(275 750 775 300)
4(300 775 800 325)
4(325 800 825 350)
4(350 825 850 375)
4(375 850 875 400)
4(400 875 900 425)
4(425 900 925 450)
4(950 1150 1175 975)
4(975 1175 1200 1000)
4(1000 1200 1225 1025)
4(1025 1225 1250 1050)
4(1050 1250 1275 1075)
4(1075 1275 1300 1100)
4(1100 1300 1325 1125)
4(1125 1325 475 0)
4(24 49 524 499)
4(49 74 549 524)
4(74 99 574 549)
4(99 124 599 574)
4(124 149 624 599)
4(149 174 649 624)
4(174 199 674 649)
4(199 224 699 674)
4(224 249 724 699)
4(249 274 749 724)
4(274 299 774 749)
4(299 324 799 774)
4(324 349 824 799)
4(349 374 849 824)
4(374 399 874 849)
4(399 424 899 874)
4(424 449 924 899)
4(449 474 949 924)
4(974 999 1199 1174)
4(999 1024 1224 1199)
4(1024 1049 1249 1224)
4(1049 1074 1274 1249)
4(1074 1099 1299 1274)
4(1099 1124 1324 1299)
4(1124 1149 1349 1324)
4(1149 24 499 1349)
4(1350 1500 1525 1375)
4(1375 1525 1550 1400)
4(1400 1550 1575 1425)
4(1425 1575 1600 1450)
4(1450 1600 1625 1475)
4(1475 1625 1150 950)
4(1374 1399 1549 1524)
4(1399 1424 1574 1549)
4(1424 1449 1599 1574)
4(1449 1474 1624 1599)
4(1474 1499 1649 1624)
4(1499 974 1174 1649)
4(1150 1151 1176 1175)
4(1175 1176 1201 1200)
4(1200 1201 1226 1225)
4(1225 1226 1251 1250)
4(1250 1251 1276 1275)
4(1275 1276 1301 1300)
4(1300 1301 1326 1325)
4(1325 1326 476 475)
4(1151 1152 1177 1176)
4(1176 1177 1202 1201)
4(1201 1202 1227 1226)
4(1226 1227 1252 1251)
4(1251 1252 1277 1276)
4(1276 1277 1302 1301)
4(1301 1302 1327 1326)
4(1326 1327 477 476)
4(1152 1153 1178 1177)
4(1177 1178 1203 1202)
4(1202 1203 1228 1227)
4(1227 1228 1253 1252)
4(1252 1253 1278 1277)
4(1277 1278 1303 1302)
4(1302 1303 1328 1327)
4(1327 1328 478 477)
4(1153 1154 1179 1178)
4(1178 1179 1204 1203)
4(1203 1204 1229 1228)
4(1228 1229 1254 1253)
4(1253 1254 1279 1278)
4(1278 1279 1304 1303)
4(1303 1304 1329 1328)
4(1328 1329 479 478)
4(1154 1155 1180 1179)
4(1179 1180 1205 1204)
4(1204 1205 1230 1229)
4(1229 1230 1255 1254)
4(1254 1255 1280 1279)
4(1279 1280 1305 1304)
4(1304 1305 1330 1329)
4(1329 1330 480 479)
4(1155 1156 1181 1180)
4(1180 1181 1206 1205)
4(1205 1206 1231 1230)
4(1230 1231 1256 1255)
4(1255 1256 1281 1280)
4(1280 1281 1306 1305)
4(1305 1306 1331 1330)
4(1330 1331 481 480)
4(1156 1157 1182 1181)
4(1181 1182 1207 1206)
4(1206 1207 1232 1231)
4(1231 1232 1257 1256)
4(1256 1257 1282 1281)
4(1281 1282 1307 1306)
4(1306 1307 1332 1331)
4(1331 1332 482 481)
4(1157 1158 1183 1182)
4(1182 1183 1208 1207)
4(1207 1208 1233 1232)
4(1232 1233 1258 1257)
4(1257 1258 1283 1282)
4(1282 1283 1308 1307)
4(1307 1308 1333 1332)
4(1332 1333 483 482)
4(1158 1159 1184 1183)
4(1183 1184 1209 1208)
4(1208 1209 1234 1233)
4(1233 1234 1259 1258)
4(1258 1259 1284 1283)
4(1283 1284 1309 1308)
4(1308 1309 1334 1333)
4(1333 1334 484 483)
4(1159 1160 1185 1184)
4(1184 1185 1210 1209)
4(1209 1210 1235 1234)
4(1234 1235 1260 1259)
4(1259 1260 1285 1284)
4(1284 1285 1310 1309)
4(1309 1310 1335 1334)
4(1334 1335 485 484)
4(1160 1161 1186 1185)
4(1185 1186 1211 1210)
4(1210 1211 1236 1235)
4(1235 1236 1261 1260)
4(1260 1261 1286 1285)
4(1285 1286 1311 1310)
4(1310 1311 1336 1335)
4(1335 1336 486 485)
4(1161 1162 1187 1186)
4(1186 1187 1212 1211)
4(1211 1212 1237 1236)
4(1236 1237 1262 1261)
4(1261 1262 1287 1286)
4(1286 1287 1312 1311)
4(1311 1312 1337 1336)
4(1336 1337 487 486)
4(1162 1163 1188 1187)
4(1187 1188 1213 1212)
4(1212 1213 1238 1237)
4(1237 1238 1263 1262)
4(1262 1263 1288 1287)
4(1287 1288 1313 1312)
4(1312 1313 1338 1337)
4(1337 1338 488 487)
4(1163 1164 1189 1188)
4(1188 1189 1214 1213)
4(1213 1214 1239 1238)
4(1238 1239 1264 1263)
4(1263 1264 1289 1288)
4(1288 1289 1314 1313)
4(1313 1314 1339 1338)
4(1338 1339 489 488)
4(1164 1165 1190 1189)
4(1189 1190 1215 1214)
4(1214 1215 1240 1239)
4(1239 1240 1265 1264)
4(1264 1265 1290 1289)
4(1289 1290 1315 1314)
4(1314 1315 1340 1339)
4(1339 1340 490 489)
4(1165 1166 1191 1190)
4(1190 1191 1216 1215)
4(1215 1216 1241 1240)
4(1240 1241 1266 1265)
4(1265 1266 1291 1290)
4(1290 1291 1316 1315)
4(1315 1316 1341 1340)
4(1340 1341 491 490)
4(1166 1167 1192 1191)
4(1191 1192 1217 1216)
4(1216 1217 1242 1241)
4(1241 1242 1267 1266)
4(1266 1267 1292 1291)
4(1291 1292 1317 1316)
4(1316 1317 1342 1341)
4(1341 1342 492 491)
4(1167 1168 1193 1192)
4(1192 1193 1218 1217)
4(1217 1218 1243 1242)
4(1242 1243 1268 1267)
4(1267 1268 1293 1292)
4(1292 1293 1318 1317)
4(1317 1318 1343 1342)
4(1342 1343 493 492)
4(1168 1169 1194 1193)
4(1193 1194 1219 1218)
4(1218 1219 1244 1243)
4(1243 1244 1269 1268)
4(1268 1269 1294 1293)
4(1293 1294 1319 1318)
4(1318 1319 1344 1343)
4(1343 1344 494 493)
4(1169 1170 1195 1194)
4(1194 1195 1220 1219)
4(1219 1220 1245 1244)
4(1244 1245 1270 1269)
4(1269 1270 1295 1294)
4(1294 1295 1320 1319)
4(1319 1320 1345 1344)
4(1344 1345 495 494)
4(1170 1171 1196 1195)
4(1195 1196 1221 1220)
4(1220 1221 1246 1245)
4(1245 1246 1271 1270)
4(1270 1271 1296 1295)
4(1295 1296 1321 1320)
4(1320 1321 1346 1345)
4(1345 1346 496 495)
4(1171 1172 1197 1196)
4(1196 1197 1222 1221)
4(1221 1222 1247 1246)
4(1246 1247 1272 1271)
4(1271 1272 1297 1296)
4(1296 1297 1322 1321)
4(1321 1322 1347 1346)
4(1346 1347 497 496)
4(1172 1173 1198 1197)
4(1197 1198 1223 1222)
4(1222 1223 1248 1247)
4(1247 1248 1273 1272)
4(1272 1273 1298 1297)
4(1297 1298 1323 1322)
4(1322 1323 1348 1347)
4(1347 1348 498 497)
4(1173 1174 1199 1198)
4(1198 1199 1224 1223)
4(1223 1224 1249 1248)
4(1248 1249 1274 1273)
4(1273 1274 1299 1298)
4(1298 1299 1324 1323)
4(1323 1324 1349 1348)
4(1348 1349 499 498)
4(475 476 501 500)
4(500 501 526 525)
4(525 526 551 550)
4(550 551 576 575)
4(575 576 601 600)
4(600 601 626 625)
4(625 626 651 650)
4(650 651 676 675)
4(675 676 701 700)
4(700 701 726 725)
4(725 726 751 750)
4(750 751 776 775)
4(775 776 801 800)
4(800 801 826 825)
4(825 826 851 850)
4(850 851 876 875)
4(875 876 901 900)
4(900 901 926 925)
4(476 477 502 501)
4(501 502 527 526)
4(526 527 552 551)
4(551 552 577 576)
4(576 577 602 601)
4(601 602 627 626)
4(626 627 652 651)
4(651 652 677 676)
4(676 677 702 701)
4(701 702 727 726)
4(726 727 752 751)
4(751 752 777 776)
4(776 777 802 801)
4(801 802 827 826)
4(826 827 852 851)
4(851 852 877 876)
4(876 877 902 901)
4(901 902 927 926)
4(477 478 503 502)
4(502 503 528 527)
4(527 528 553 552)
4(552 553 578 577)
4(577 578 603 602)
4(602 603 628 627)
4(627 628 653 652)
4(652 653 678 677)
4(677 678 703 702)
4(702 703 728 727)
4(727 728 753 752)
4(752 753 778 777)
4(777 778 803 802)
4(802 803 828 827)
4(827 828 853 852)
4(852 853 878 877)
4(877 878 903 902)
4(902 903 928 927)
4(478 479 504 503)
4(503 504 529 528)
4(528 529 554 553)
4(553 554 579 578)
4(578 579 604 603)
4(603 604 629 628)
4(628 629 654 653)
4(653 654 679 678)
4(678 679 704 703)
4(703 704 729 728)
4(728 729 754 753)
4(753 754 779 778)
4(778 779 804 803)
4(803 804 829 828)
4(828 829 854 853)
4(853 854 879 878)
4(878 879 904 903)
4(903 904 929 928)
4(479 480 505 504)
4(504 505 530 529)
4(529 530 555 554)
4(554 555 580 579)
4(579 580 605 604)
4(604 605 630 629)
4(629 630 655 654)
4(654 655 680 679)
4(679 680 705 704)
4(704 705 730 729)
4(729 730 755 754)
4(754 755 780 779)
4(779 780 805 804)
4(804 805 830 829)
4(829 830 855 854)
4(854 855 880 879)
4(879 880 905 904)
4(904 905 930 929)
4(480 481 506 505)
4(505 506 531 530)
4(530 531 556 555)
4(555 556 581 580)
4(580 581 606 605)
4(605 606 631 630)
4(630 631 656 655)
4(655 656 681 680)
4(680 681 706 705)
4(705 706 731 730)
4(730 731 756 755)
4(755 756 781 780)
4(780 781 806 805)
4(805 806 831 830)
4(830 831 856 855)
4(855 856 881 880)
4(880 881 906 905)
4(905 906 931 930)
4(481 482 507 506)
4(506 507 532 531)
4(531 532 557 556)
4(556 557 582 581)
4(581 582 607 606)
4(606 607 632 631)
4(631 632 657 656)
4(656 657 682 681)
4(681 682 707 706)
4(706 707 732 731)
4(731 732 757 756)
4(756 757 782 781)
4(781 782 807 806)
4(806 807 832 831)
4(831 832 857 856)
4(856 857 882 881)
4(881 882 907 906)
4(906 907 932 931)
4(482 483 508 507)
4(507 508 533 532)
4(532 533 558 557)
4(557 558 583 582)
4(582 583 608 607)
4(607 608 633 632)
4(632 633 658 657)
4(657 658 683 682)
4(682 683 708 707)
4(707 708 733 732)
4(732 733 758 757)
4(757 758 783 782)
4(782 783 808 807)
4(807 808 833 832)
4(832 833 858 857)
4(857 858 883 882)
4(882 883 908 907)
4(907 908 933 932)
4(483 484 509 508)
4(508 509 534 533)
4(533 534 559 558)
4(558 559 584 583)
4(583 584 609 608)
4(608 609 634 633)
4(633 634 659 658)
4(658 659 684 683)
4(683 684 709 708)
4(708 709 734 733)
4(733 734 759 758)
4(758 759 784 783)
4(783 784 809 808)
4(808 809 834 833)
4(833 834 859 858)
4(858 859 884 883)
4(883 884 909 908)
4(908 909 934 933)
4(484 485 510 509)
4(509 510 535 534)
4(534 535 560 559)
4(559 560 585 584)
4(584 585 610 609)
4(609 610 635 634)
4(634 635 660 659)
4(659 660 685 684)
4(684 685 710 709)
4(709 710 735 734)
4(734 735 760 759)
4(759 760 785 784)
4(784 785 810 809)
4(809 810 835 834)
4(834 835 860 859)
4(859 860 885 884)
4(884 885 910 909)
4(909 910 935 934)
4(485 486 511 510)
4(510 511 536 535)
4(535 536 561 560)
4(560 561 586 585)
4(585 586 611 610)
4(610 611 636 635)
4(635 636 661 660)
4(660 661 686 685)
4(685 686 711 710)
4(710 711 736 735)
4(735 736 761 760)
4(760 761 786 785)
4(785 786 811 810)
4(810 811 836 835)
4(835 836 861 860)
4(860 861 886 885)
4(885 886 911 910)
4(910 911 936 935)
4(486 487 512 511)
4(511 512 537 536)
4(536 537 562 561)
4(561 562 587 586)
4(586 587 612 611)
4(611 612 637 636)
4(636 637 662 661)
4(661 662 687 686)
4(686 687 712 711)
4(711 712 737 736)
4(736 737 762 761)
4(761 762 787 786)
4(786 787 812 811)
4(811 812 837 836)
4(836 837 862 861)
4(861 862 887 886)
4(886 887 912 911)
4(911 912 937 936)
4(487 488 513 512)
4(512 513 538 537)
4(537 538 563 562)
4(562 563 588 587)
4(587 588 613 612)
4(612 613 638 637)
4(637 638 663 662)
4(662 663 688 687)
4(687 688 713 712)
4(712 713 738 737)
4(737 738 763 762)
4(762 763 788 787)
4(787 788 813 812)
4(812 813 838 837)
4(837 838 863 862)
4(862 863 888 887)
4(887 888 913 912)
4(912 913 938 937)
4(488 489 514 513)
4(513 514 539 538)
4(538 539 564 563)
4(563 564 589 588)
4(588 589 614 613)
4(613 614 639 638)
4(638 639 664 663)
4(663 664 689 688)
4(688 689 714 713)
4(713 714 739 738)
4(738 739 764 763)
4(763 764 789 788)
4(788 789 814 813)
4(813 814 839 838)
4(838 839 864 863)
4(863 864 889 888)
4(888 889 914 913)
4(913 914 939 938)
4(489 490 515 514)
4(514 515 540 539)
4(539 540 565 564)
4(564 565 590 589)
4(589 590 615 614)
4(614 615 640 639)
4(639 640 665 664)
4(664 665 690 689)
4(689 690 715 714)
4(714 715 740 739)
4(739 740 765 764)
4(764 765 790 789)
4(789 790 815 814)
4(814 815 840 839)
4(839 840 865 864)
4(864 865 890 889)
4(889 890 915 914)
4(914 915 940 939)
4(490 491 516 515)
4(515 516 541 540)
4(540 541 566 565)
4(565 566 591 590)
4(590 591 616 615)
4(615 616 641 640)
4(640 641 666 665)
4(665 666 691 690)
4(690 691 716 715)
4(715 716 741 740)
4(740 741 766 765)
4(765 766 791 790)
4(790 791 816 815)
4(815 816 841 840)
4(840 841 866 865)
4(865 866 891 890)
4(890 891 916 915)
4(915 916 941 940)
4(491 492 517 516)
4(516 517 542 541)
4(541 542 567 566)
4(566 567 592 591)
4(591 592 617 616)
4(616 617 642 641)
4(641 642 667 666)
4(666 667 692 691)
4(691 692 717 716)
4(716 717 742 741)
4(741 742 767 766)
4(766 767 792 791)
4(791 792 817 816)
4(816 817 842 841)
4(841 842 867 866)
4(866 867 892 891)
4(891 892 917 916)
4(916 917 942 941)
4(492 493 518 517)
4(517 518 543 542)
4(542 543 568 567)
4(567 568 593 592)
4(592 593 618 617)
4(617 618 643 642)
4(642 643 668 667)
4(667 668 693 692)
4(692 693 718 717)
4(717 718 743 742)
4(742 743 768 767)
4(767 768 793 792)
4(792 793 818 817)
4(817 818 843 842)
4(842 843 868 867)
4(867 868 893 892)
4(892 893 918 917)
4(917 918 943 942)
4(493 494 519 518)
4(518 519 544 543)
4(543 544 569 568)
4(568 569 594 593)
4(593 594 619 618)
4(618 619 644 643)
4(643 644 669 668)
4(668 669 694 693)
4(693 694 719 718)
4(718 719 744 743)
4(743 744 769 768)
4(768 769 794 793)
4(793 794 819 818)
4(818 819 844 843)
4(843 844 869 868)
4(868 869 894 893)
4(893 894 919 918)
4(918 919 944 943)
4(494 495 520 519)
4(519 520 545 544)
4(544 545 570 569)
4(569 570 595 594)
4(594 595 620 619)
4(619 620 645 644)
4(644 645 670 669)
4(669 670 695 694)
4(694 695 720 719)
4(719 720 745 744)
4(744 745 770 769)
4(769 770 795 794)
4(794 795 820 819)
4(819 820 845 844)
4(844 845 870 869)
4(869 870 895 894)
4(894 895 920 919)
4(919 920 945 944)
4(495 496 521 520)
4(520 521 546 545)
4(545 546 571 570)
4(570 571 596 595)
4(595 596 621 620)
4(620 621 646 645)
4(645 646 671 670)
4(670 671 696 695)
4(695 696 721 720)
4(720 721 746 745)
4(745 746 771 770)
4(770 771 796 795)
4(795 796 821 820)
4(820 821 846 845)
4(845 846 871 870)
4(870 871 896 895)
4(895 896 921 920)
4(920 921 946 945)
4(496 497 522 521)
4(521 522 547 546)
4(546 547 572 571)
4(571 572 597 596)
4(596 597 622 621)
4(621 622 647 646)
4(646 647 672 671)
4(671 672 697 696)
4(696 697 722 721)
4(721 722 747 746)
4(746 747 772 771)
4(771 772 797 796)
4(796 797 822 821)
4(821 822 847 846)
4(846 847 872 871)
4(871 872 897 896)
4(896 897 922 921)
4(921 922 947 946)
4(497 498 523 522)
4(522 523 548 547)
4(547 548 573 572)
4(572 573 598 597)
4(597 598 623 622)
4(622 623 648 647)
4(647 648 673 672)
4(672 673 698 697)
4(697 698 723 722)
4(722 723 748 747)
4(747 748 773 772)
4(772 773 798 797)
4(797 798 823 822)
4(822 823 848 847)
4(847 848 873 872)
4(872 873 898 897)
4(897 898 923 922)
4(922 923 948 947)
4(498 499 524 523)
4(523 524 549 548)
4(548 549 574 573)
4(573 574 599 598)
4(598 599 624 623)
4(623 624 649 648)
4(648 649 674 673)
4(673 674 699 698)
4(698 699 724 723)
4(723 724 749 748)
4(748 749 774 773)
4(773 774 799 798)
4(798 799 824 823)
4(823 824 849 848)
4(848 849 874 873)
4(873 874 899 898)
4(898 899 924 923)
4(923 924 949 948)
4(0 25 26 1)
4(25 50 51 26)
4(50 75 76 51)
4(75 100 101 76)
4(100 125 126 101)
4(125 150 151 126)
4(150 175 176 151)
4(175 200 201 176)
4(200 225 226 201)
4(225 250 251 226)
4(250 275 276 251)
4(275 300 301 276)
4(300 325 326 301)
4(325 350 351 326)
4(350 375 376 351)
4(375 400 401 376)
4(400 425 426 401)
4(425 450 451 426)
4(1 26 27 2)
4(26 51 52 27)
4(51 76 77 52)
4(76 101 102 77)
4(101 126 127 102)
4(126 151 152 127)
4(151 176 177 152)
4(176 201 202 177)
4(201 226 227 202)
4(226 251 252 227)
4(251 276 277 252)
4(276 301 302 277)
4(301 326 327 302)
4(326 351 352 327)
4(351 376 377 352)
4(376 401 402 377)
4(401 426 427 402)
4(426 451 452 427)
4(2 27 28 3)
4(27 52 53 28)
4(52 77 78 53)
4(77 102 103 78)
4(102 127 128 103)
4(127 152 153 128)
4(152 177 178 153)
4(177 202 203 178)
4(202 227 228 203)
4(227 252 253 228)
4(252 277 278 253)
4(277 302 303 278)
4(302 327 328 303)
4(327 352 353 328)
4(352 377 378 353)
4(377 402 403 378)
4(402 427 428 403)
4(427 452 453 428)
4(3 28 29 4)
4(28 53 54 29)
4(53 78 79 54)
4(78 103 104 79)
4(103 128 129 104)
4(128 153 154 129)
4(153 178 179 154)
4(178 203 204 179)
4(203 228 229 204)
4(228 253 254 229)
4(253 278 279 254)
4(278 303 304 279)
4(303 328 329 304)
4(328 353 354 329)
4(353 378 379 354)
4(378 403 404 379)
4(403 428 429 404)
4(428 453 454 429)
4(4 29 30 5)
4(29 54 55 30)
4(54 79 80 55)
4(79 104 105 80)
4(104 129 130 105)
4(129 154 155 130)
4(154 179 180 155)
4(179 204 205 180)
4(204 229 230 205)
4(229 254 255 230)
4(254 279 280 255)
4(279 304 305 280)
4(304 329 330 305)
4(329 354 355 330)
4(354 379 380 355)
4(379 404 405 380)
4(404 429 430 405)
4(429 454 455 430)
4(5 30 31 6)
4(30 55 56 31)
4(55 80 81 56)
4(80 105 106 81)
4(105 130 131 106)
4(130 155 156 131)
4(155 180 181 156)
4(180 205 206 181)
4(205 230 231 206)
4(230 255 256 231)
4(255 280 281 256)
4(280 305 306 281)
4(305 330 331 306)
4(330 355 356 331)
4(355 380 381 356)
4(380 405 406 381)
4(405 430 431 406)
4(430 455 456 431)
4(6 31 32 7)
4(31 56 57 32)
4(56 81 82 57)
4(81 106 107 82)
4(106 131 132 107)
4(131 156 157 132)
4(156 181 182 157)
4(181 206 207 182)
4(206 231 232 207)
4(231 256 257 232)
4(256 281 282 257)
4(281 306 307 282)
4(306 331 332 307)
4(331 356 357 332)
4(356 381 382 357)
4(381 406 407 382)
4(406 431 432 407)
4(431 456 457 432)
4(7 32 33 8)
4(32 57 58 33)
4(57 82 83 58)
4(82 107 108 83)
4(107 132 133 108)
4(132 157 158 133)
4(157 182 183 158)
4(182 207 208 183)
4(207 232 233 208)
4(232 257 258 233)
4(257 282 283 258)
4(282 307 308 283)
4(307 332 333 308)
4(332 357 358 333)
4(357 382 383 358)
4(382 407 408 383)
4(407 432 433 408)
4(432 457 458 433)
4(8 33 34 9)
4(33 58 59 34)
4(58 83 84 59)
4(83 108 109 84)
4(108 133 134 109)
4(133 158 159 134)
4(158 183 184 159)
4(183 208 209 184)
4(208 233 234 209)
4(233 258 259 234)
4(258 283 284 259)
4(283 308 309 284)
4(308 333 334 309)
4(333 358 359 334)
4(358 383 384 359)
4(383 408 409 384)
4(408 433 434 409)
4(433 458 459 434)
4(9 34 35 10)
4(34 59 60 35)
4(59 84 85 60)
4(84 109 110 85)
4(109 134 135 110)
4(134 159 160 135)
4(159 184 185 160)
4(184 209 210 185)
4(209 234 235 210)
4(234 259 260 235)
4(259 284 285 260)
4(284 309 310 285)
4(309 334 335 310)
4(334 359 360 335)
4(359 384 385 360)
4(384 409 410 385)
4(409 434 435 410)
4(434 459 460 435)
4(10 35 36 11)
4(35 60 61 36)
4(60 85 86 61)
4(85 110 111 86)
4(110 135 136 111)
4(135 160 161 136)
4(160 185 186 161)
4(185 210 211 186)
4(210 235 236 211)
4(235 260 261 236)
4(260 285 286 261)
4(285 310 311 286)
4(310 335 336 311)
4(335 360 361 336)
4(360 385 386 361)
4(385 410 411 386)
4(410 435 436 411)
4(435 460 461 436)
4(11 36 37 12)
4(36 61 62 37)
4(61 86 87 62)
4(86 111 112 87)
4(111 136 137 112)
4(136 161 162 137)
4(161 186 187 162)
4(186 211 212 187)
4(211 236 237 212)
4(236 261 262 237)
4(261 286 287 262)
4(286 311 312 287)
4(311 336 337 312)
4(336 361 362 337)
4(361 386 387 362)
4(386 411 412 387)
4(411 436 437 412)
4(436 461 462 437)
4(12 37 38 13)
4(37 62 63 38)
4(62 87 88 63)
4(87 112 113 88)
4(112 137 138 113)
4(137 162 163 138)
4(162 187 188 163)
4(187 212 213 188)
4(212 237 238 213)
4(237 262 263 238)
4(262 287 288 263)
4(287 312 313 288)
4(312 337 338 313)
4(337 362 363 338)
4(362 387 388 363)
4(387 412 413 388)
4(412 437 438 413)
4(437 462 463 438)
4(13 38 39 14)
4(38 63 64 39)
4(63 88 89 64)
4(88 113 114 89)
4(113 138 139 114)
4(138 163 164 139)
4(163 188 189 164)
4(188 213 214 189)
4(213 238 239 214)
4(238 263 264 239)
4(263 288 289 264)
4(288 313 314 289)
4(313 338 339 314)
4(338 363 364 339)
4(363 388 389 364)
4(388 413 414 389)
4(413 438 439 414)
4(438 463 464 439)
4(14 39 40 15)
4(39 64 65 40)
4(64 89 90 65)
4(89 114 115 90)
4(114 139 140 115)
4(139 164 165 140)
4(164 189 190 165)
4(189 214 215 190)
4(214 239 240 215)
4(239 264 265 240)
4(264 289 290 265)
4(289 314 315 290)
4(314 339 340 315)
4(339 364 365 340)
4(364 389 390 365)
4(389 414 415 390)
4(414 439 440 415)
4(439 464 465 440)
4(15 40 41 16)
4(40 65 66 41)
4(65 90 91 66)
4(90 115 116 91)
4(115 140 141 116)
4(140 165 166 141)
4(165 190 191 166)
4(190 215 216 191)
4(215 240 241 216)
4(240 265 266 241)
4(265 290 291 266)
4(290 315 316 291)
4(315 340 341 316)
4(340 365 366 341)
4(365 390 391 366)
4(390 415 416 391)
4(415 440 441 416)
4(440 465 466 441)
4(16 41 42 17)
4(41 66 67 42)
4(66 91 92 67)
4(91 116 117 92)
4(116 141 142 117)
4(141 166 167 142)
4(166 191 192 167)
4(191 216 217 192)
4(216 241 242 217)
4(241 266 267 242)
4(266 291 292 267)
4(291 316 317 292)
4(316 341 342 317)
4(341 366 367 342)
4(366 391 392 367)
4(391 416 417 392)
4(416 441 442 417)
4(441 466 467 442)
4(17 42 43 18)
4(42 67 68 43)
4(67 92 93 68)
4(92 117 118 93)
4(117 142 143 118)
4(142 167 168 143)
4(167 192 193 168)
4(192 217 218 193)
4(217 242 243 218)
4(242 267 268 243)
4(267 292 293 268)
4(292 317 318 293)
4(317 342 343 318)
4(342 367 368 343)
4(367 392 393 368)
4(392 417 418 393)
4(417 442 443 418)
4(442 467 468 443)
4(18 43 44 19)
4(43 68 69 44)
4(68 93 94 69)
4(93 118 119 94)
4(118 143 144 119)
4(143 168 169 144)
4(168 193 194 169)
4(193 218 219 194)
4(218 243 244 219)
4(243 268 269 244)
4(268 293 294 269)
4(293 318 319 294)
4(318 343 344 319)
4(343 368 369 344)
4(368 393 394 369)
4(393 418 419 394)
4(418 443 444 419)
4(443 468 469 444)
4(19 44 45 20)
4(44 69 70 45)
4(69 94 95 70)
4(94 119 120 95)
4(119 144 145 120)
4(144 169 170 145)
4(169 194 195 170)
4(194 219 220 195)
4(219 244 245 220)
4(244 269 270 245)
4(269 294 295 270)
4(294 319 320 295)
4(319 344 345 320)
4(344 369 370 345)
4(369 394 395 370)
4(394 419 420 395)
4(419 444 445 420)
4(444 469 470 445)
4(20 45 46 21)
4(45 70 71 46)
4(70 95 96 71)
4(95 120 121 96)
4(120 145 146 121)
4(145 170 171 146)
4(170 195 196 171)
4(195 220 221 196)
4(220 245 246 221)
4(245 270 271 246)
4(270 295 296 271)
4(295 320 321 296)
4(320 345 346 321)
4(345 370 371 346)
4(370 395 396 371)
4(395 420 421 396)
4(420 445 446 421)
4(445 470 471 446)
4(21 46 47 22)
4(46 71 72 47)
4(71 96 97 72)
4(96 121 122 97)
4(121 146 147 122)
4(146 171 172 147)
4(171 196 197 172)
4(196 221 222 197)
4(221 246 247 222)
4(246 271 272 247)
4(271 296 297 272)
4(296 321 322 297)
4(321 346 347 322)
4(346 371 372 347)
4(371 396 397 372)
4(396 421 422 397)
4(421 446 447 422)
4(446 471 472 447)
4(22 47 48 23)
4(47 72 73 48)
4(72 97 98 73)
4(97 122 123 98)
4(122 147 148 123)
4(147 172 173 148)
4(172 197 198 173)
4(197 222 223 198)
4(222 247 248 223)
4(247 272 273 248)
4(272 297 298 273)
4(297 322 323 298)
4(322 347 348 323)
4(347 372 373 348)
4(372 397 398 373)
4(397 422 423 398)
4(422 447 448 423)
4(447 472 473 448)
4(23 48 49 24)
4(48 73 74 49)
4(73 98 99 74)
4(98 123 124 99)
4(123 148 149 124)
4(148 173 174 149)
4(173 198 199 174)
4(198 223 224 199)
4(223 248 249 224)
4(248 273 274 249)
4(273 298 299 274)
4(298 323 324 299)
4(323 348 349 324)
4(348 373 374 349)
4(373 398 399 374)
4(398 423 424 399)
4(423 448 449 424)
4(448 473 474 449)
4(950 975 976 951)
4(975 1000 1001 976)
4(1000 1025 1026 1001)
4(1025 1050 1051 1026)
4(1050 1075 1076 1051)
4(1075 1100 1101 1076)
4(1100 1125 1126 1101)
4(1125 0 1 1126)
4(951 976 977 952)
4(976 1001 1002 977)
4(1001 1026 1027 1002)
4(1026 1051 1052 1027)
4(1051 1076 1077 1052)
4(1076 1101 1102 1077)
4(1101 1126 1127 1102)
4(1126 1 2 1127)
4(952 977 978 953)
4(977 1002 1003 978)
4(1002 1027 1028 1003)
4(1027 1052 1053 1028)
4(1052 1077 1078 1053)
4(1077 1102 1103 1078)
4(1102 1127 1128 1103)
4(1127 2 3 1128)
4(953 978 979 954)
4(978 1003 1004 979)
4(1003 1028 1029 1004)
4(1028 1053 1054 1029)
4(1053 1078 1079 1054)
4(1078 1103 1104 1079)
4(1103 1128 1129 1104)
4(1128 3 4 1129)
4(954 979 980 955)
4(979 1004 1005 980)
4(1004 1029 1030 1005)
4(1029 1054 1055 1030)
4(1054 1079 1080 1055)
4(1079 1104 1105 1080)
4(1104 1129 1130 1105)
4(1129 4 5 1130)
4(955 980 981 956)
4(980 1005 1006 981)
4(1005 1030 1031 1006)
4(1030 1055 1056 1031)
4(1055 1080 1081 1056)
4(1080 1105 1106 1081)
4(1105 1130 1131 1106)
4(1130 5 6 1131)
4(956 981 982 957)
4(981 1006 1007 982)
4(1006 1031 1032 1007)
4(1031 1056 1057 1032)
4(1056 1081 1082 1057)
4(1081 1106 1107 1082)
4(1106 1131 1132 1107)
4(1131 6 7 1132)
4(957 982 983 958)
4(982 1007 1008 983)
4(1007 1032 1033 1008)
4(1032 1057 1058 1033)
4(1057 1082 1083 1058)
4(1082 1107 1108 1083)
4(1107 1132 1133 1108)
4(1132 7 8 1133)
4(958 983 984 959)
4(983 1008 1009 984)
4(1008 1033 1034 1009)
4(1033 1058 1059 1034)
4(1058 1083 1084 1059)
4(1083 1108 1109 1084)
4(1108 1133 1134 1109)
4(1133 8 9 1134)
4(959 984 985 960)
4(984 1009 1010 985)
4(1009 1034 1035 1010)
4(1034 1059 1060 1035)
4(1059 1084 1085 1060)
4(1084 1109 1110 1085)
4(1109 1134 1135 1110)
4(1134 9 10 1135)
4(960 985 986 961)
4(985 1010 1011 986)
4(1010 1035 1036 1011)
4(1035 1060 1061 1036)
4(1060 1085 1086 1061)
4(1085 1110 1111 1086)
4(1110 1135 1136 1111)
4(1135 10 11 1136)
4(961 986 987 962)
4(986 1011 1012 987)
4(1011 1036 1037 1012)
4(1036 1061 1062 1037)
4(1061 1086 1087 1062)
4(1086 1111 1112 1087)
4(1111 1136 1137 1112)
4(1136 11 12 1137)
4(962 987 988 963)
4(987 1012 1013 988)
4(1012 1037 1038 1013)
4(1037 1062 1063 1038)
4(1062 1087 1088 1063)
4(1087 1112 1113 1088)
4(1112 1137 1138 1113)
4(1137 12 13 1138)
4(963 988 989 964)
4(988 1013 1014 989)
4(1013 1038 1039 1014)
4(1038 1063 1064 1039)
4(1063 1088 1089 1064)
4(1088 1113 1114 1089)
4(1113 1138 1139 1114)
4(1138 13 14 1139)
4(964 989 990 965)
4(989 1014 1015 990)
4(1014 1039 1040 1015)
4(1039 1064 1065 1040)
4(1064 1089 1090 1065)
4(1089 1114 1115 1090)
4(1114 1139 1140 1115)
4(1139 14 15 1140)
4(965 990 991 966)
4(990 1015 1016 991)
4(1015 1040 1041 1016)
4(1040 1065 1066 1041)
4(1065 1090 1091 1066)
4(1090 1115 1116 1091)
4(1115 1140 1141 1116)
4(1140 15 16 1141)
4(966 991 992 967)
4(991 1016 1017 992)
4(1016 1041 1042 1017)
4(1041 1066 1067 1042)
4(1066 1091 1092 1067)
4(1091 1116 1117 1092)
4(1116 1141 1142 1117)
4(1141 16 17 1142)
4(967 992 993 968)
4(992 1017 1018 993)
4(1017 1042 1043 1018)
4(1042 1067 1068 1043)
4(1067 1092 1093 1068)
4(1092 1117 1118 1093)
4(1117 1142 1143 1118)
4(1142 17 18 1143)
4(968 993 994 969)
4(993 1018 1019 994)
4(1018 1043 1044 1019)
4(1043 1068 1069 1044)
4(1068 1093 1094 1069)
4(1093 1118 1119 1094)
4(1118 1143 1144 1119)
4(1143 18 19 1144)
4(969 994 995 970)
4(994 1019 1020 995)
4(1019 1044 1045 1020)
4(1044 1069 1070 1045)
4(1069 1094 1095 1070)
4(1094 1119 1120 1095)
4(1119 1144 1145 1120)
4(1144 19 20 1145)
4(970 995 996 971)
4(995 1020 1021 996)
4(1020 1045 1046 1021)
4(1045 1070 1071 1046)
4(1070 1095 1096 1071)
4(1095 1120 1121 1096)
4(1120 1145 1146 1121)
4(1145 20 21 1146)
4(971 996 997 972)
4(996 1021 1022 997)
4(1021 1046 1047 1022)
4(1046 1071 1072 1047)
4(1071 1096 1097 1072)
4(1096 1121 1122 1097)
4(1121 1146 1147 1122)
4(1146 21 22 1147)
4(972 997 998 973)
4(997 1022 1023 998)
4(1022 1047 1048 1023)
4(1047 1072 1073 1048)
4(1072 1097 1098 1073)
4(1097 1122 1123 1098)
4(1122 1147 1148 1123)
4(1147 22 23 1148)
4(973 998 999 974)
4(998 1023 1024 999)
4(1023 1048 1049 1024)
4(1048 1073 1074 1049)
4(1073 1098 1099 1074)
4(1098 1123 1124 1099)
4(1123 1148 1149 1124)
4(1148 23 24 1149)
4(1500 1501 1526 1525)
4(1525 1526 1551 1550)
4(1550 1551 1576 1575)
4(1575 1576 1601 1600)
4(1600 1601 1626 1625)
4(1625 1626 1151 1150)
4(1501 1502 1527 1526)
4(1526 1527 1552 1551)
4(1551 1552 1577 1576)
4(1576 1577 1602 1601)
4(1601 1602 1627 1626)
4(1626 1627 1152 1151)
4(1502 1503 1528 1527)
4(1527 1528 1553 1552)
4(1552 1553 1578 1577)
4(1577 1578 1603 1602)
4(1602 1603 1628 1627)
4(1627 1628 1153 1152)
4(1503 1504 1529 1528)
4(1528 1529 1554 1553)
4(1553 1554 1579 1578)
4(1578 1579 1604 1603)
4(1603 1604 1629 1628)
4(1628 1629 1154 1153)
4(1504 1505 1530 1529)
4(1529 1530 1555 1554)
4(1554 1555 1580 1579)
4(1579 1580 1605 1604)
4(1604 1605 1630 1629)
4(1629 1630 1155 1154)
4(1505 1506 1531 1530)
4(1530 1531 1556 1555)
4(1555 1556 1581 1580)
4(1580 1581 1606 1605)
4(1605 1606 1631 1630)
4(1630 1631 1156 1155)
4(1506 1507 1532 1531)
4(1531 1532 1557 1556)
4(1556 1557 1582 1581)
4(1581 1582 1607 1606)
4(1606 1607 1632 1631)
4(1631 1632 1157 1156)
4(1507 1508 1533 1532)
4(1532 1533 1558 1557)
4(1557 1558 1583 1582)
4(1582 1583 1608 1607)
4(1607 1608 1633 1632)
4(1632 1633 1158 1157)
4(1508 1509 1534 1533)
4(1533 1534 1559 1558)
4(1558 1559 1584 1583)
4(1583 1584 1609 1608)
4(1608 1609 1634 1633)
4(1633 1634 1159 1158)
4(1509 1510 1535 1534)
4(1534 1535 1560 1559)
4(1559 1560 1585 1584)
4(1584 1585 1610 1609)
4(1609 1610 1635 1634)
4(1634 1635 1160 1159)
4(1510 1511 1536 1535)
4(1535 1536 1561 1560)
4(1560 1561 1586 1585)
4(1585 1586 1611 1610)
4(1610 1611 1636 1635)
4(1635 1636 1161 1160)
4(1511 1512 1537 1536)
4(1536 1537 1562 1561)
4(1561 1562 1587 1586)
4(1586 1587 1612 1611)
4(1611 1612 1637 1636)
4(1636 1637 1162 1161)
4(1512 1513 1538 1537)
4(1537 1538 1563 1562)
4(1562 1563 1588 1587)
4(1587 1588 1613 1612)
4(1612 1613 1638 1637)
4(1637 1638 1163 1162)
4(1513 1514 1539 1538)
4(1538 1539 1564 1563)
4(1563 1564 1589 1588)
4(1588 1589 1614 1613)
4(1613 1614 1639 1638)
4(1638 1639 1164 1163)
4(1514 1515 1540 1539)
4(1539 1540 1565 1564)
4(1564 1565 1590 1589)
4(1589 1590 1615 1614)
4(1614 1615 1640 1639)
4(1639 1640 1165 1164)
4(1515 1516 1541 1540)
4(1540 1541 1566 1565)
4(1565 1566 1591 1590)
4(1590 1591 1616 1615)
4(1615 1616 1641 1640)
4(1640 1641 1166 1165)
4(1516 1517 1542 1541)
4(1541 1542 1567 1566)
4(1566 1567 1592 1591)
4(1591 1592 1617 1616)
4(1616 1617 1642 1641)
4(1641 1642 1167 1166)
4(1517 1518 1543 1542)
4(1542 1543 1568 1567)
4(1567 1568 1593 1592)
4(1592 1593 1618 1617)
4(1617 1618 1643 1642)
4(1642 1643 1168 1167)
4(1518 1519 1544 1543)
4(1543 1544 1569 1568)
4(1568 1569 1594 1593)
4(1593 1594 1619 1618)
4(1618 1619 1644 1643)
4(1643 1644 1169 1168)
4(1519 1520 1545 1544)
4(1544 1545 1570 1569)
4(1569 1570 1595 1594)
4(1594 1595 1620 1619)
4(1619 1620 1645 1644)
4(1644 1645 1170 1169)
4(1520 1521 1546 1545)
4(1545 1546 1571 1570)
4(1570 1571 1596 1595)
4(1595 1596 1621 1620)
4(1620 1621 1646 1645)
4(1645 1646 1171 1170)
4(1521 1522 1547 1546)
4(1546 1547 1572 1571)
4(1571 1572 1597 1596)
4(1596 1597 1622 1621)
4(1621 1622 1647 1646)
4(1646 1647 1172 1171)
4(1522 1523 1548 1547)
4(1547 1548 1573 1572)
4(1572 1573 1598 1597)
4(1597 1598 1623 1622)
4(1622 1623 1648 1647)
4(1647 1648 1173 1172)
4(1523 1524 1549 1548)
4(1548 1549 1574 1573)
4(1573 1574 1599 1598)
4(1598 1599 1624 1623)
4(1623 1624 1649 1648)
4(1648 1649 1174 1173)
4(1350 1375 1376 1351)
4(1375 1400 1401 1376)
4(1400 1425 1426 1401)
4(1425 1450 1451 1426)
4(1450 1475 1476 1451)
4(1475 950 951 1476)
4(1351 1376 1377 1352)
4(1376 1401 1402 1377)
4(1401 1426 1427 1402)
4(1426 1451 1452 1427)
4(1451 1476 1477 1452)
4(1476 951 952 1477)
4(1352 1377 1378 1353)
4(1377 1402 1403 1378)
4(1402 1427 1428 1403)
4(1427 1452 1453 1428)
4(1452 1477 1478 1453)
4(1477 952 953 1478)
4(1353 1378 1379 1354)
4(1378 1403 1404 1379)
4(1403 1428 1429 1404)
4(1428 1453 1454 1429)
4(1453 1478 1479 1454)
4(1478 953 954 1479)
4(1354 1379 1380 1355)
4(1379 1404 1405 1380)
4(1404 1429 1430 1405)
4(1429 1454 1455 1430)
4(1454 1479 1480 1455)
4(1479 954 955 1480)
4(1355 1380 1381 1356)
4(1380 1405 1406 1381)
4(1405 1430 1431 1406)
4(1430 1455 1456 1431)
4(1455 1480 1481 1456)
4(1480 955 956 1481)
4(1356 1381 1382 1357)
4(1381 1406 1407 1382)
4(1406 1431 1432 1407)
4(1431 1456 1457 1432)
4(1456 1481 1482 1457)
4(1481 956 957 1482)
4(1357 1382 1383 1358)
4(1382 1407 1408 1383)
4(1407 1432 1433 1408)
4(1432 1457 1458 1433)
4(1457 1482 1483 1458)
4(1482 957 958 1483)
4(1358 1383 1384 1359)
4(1383 1408 1409 1384)
4(1408 1433 1434 1409)
4(1433 1458 1459 1434)
4(1458 1483 1484 1459)
4(1483 958 959 1484)
4(1359 1384 1385 1360)
4(1384 1409 1410 1385)
4(1409 1434 1435 1410)
4(1434 1459 1460 1435)
4(1459 1484 1485 1460)
4(1484 959 960 1485)
4(1360 1385 1386 1361)
4(1385 1410 1411 1386)
4(1410 1435 1436 1411)
4(1435 1460 1461 1436)
4(1460 1485 1486 1461)
4(1485 960 961 1486)
4(1361 1386 1387 1362)
4(1386 1411 1412 1387)
4(1411 1436 1437 1412)
4(1436 1461 1462 1437)
4(1461 1486 1487 1462)
4(1486 961 962 1487)
4(1362 1387 1388 1363)
4(1387 1412 1413 1388)
4(1412 1437 1438 1413)
4(1437 1462 1463 1438)
4(1462 1487 1488 1463)
4(1487 962 963 1488)
4(1363 1388 1389 1364)
4(1388 1413 1414 1389)
4(1413 1438 1439 1414)
4(1438 1463 1464 1439)
4(1463 1488 1489 1464)
4(1488 963 964 1489)
4(1364 1389 1390 1365)
4(1389 1414 1415 1390)
4(1414 1439 1440 1415)
4(1439 1464 1465 1440)
4(1464 1489 1490 1465)
4(1489 964 965 1490)
4(1365 1390 1391 1366)
4(1390 1415 1416 1391)
4(1415 1440 1441 1416)
4(1440 1465 1466 1441)
4(1465 1490 1491 1466)
4(1490 965 966 1491)
4(1366 1391 1392 1367)
4(1391 1416 1417 1392)
4(1416 1441 1442 1417)
4(1441 1466 1467 1442)
4(1466 1491 1492 1467)
4(1491 966 967 1492)
4(1367 1392 1393 1368)
4(1392 1417 1418 1393)
4(1417 1442 1443 1418)
4(1442 1467 1468 1443)
4(1467 1492 1493 1468)
4(1492 967 968 1493)
4(1368 1393 1394 1369)
4(1393 1418 1419 1394)
4(1418 1443 1444 1419)
4(1443 1468 1469 1444)
4(1468 1493 1494 1469)
4(1493 968 969 1494)
4(1369 1394 1395 1370)
4(1394 1419 1420 1395)
4(1419 1444 1445 1420)
4(1444 1469 1470 1445)
4(1469 1494 1495 1470)
4(1494 969 970 1495)
4(1370 1395 1396 1371)
4(1395 1420 1421 1396)
4(1420 1445 1446 1421)
4(1445 1470 1471 1446)
4(1470 1495 1496 1471)
4(1495 970 971 1496)
4(1371 1396 1397 1372)
4(1396 1421 1422 1397)
4(1421 1446 1447 1422)
4(1446 1471 1472 1447)
4(1471 1496 1497 1472)
4(1496 971 972 1497)
4(1372 1397 1398 1373)
4(1397 1422 1423 1398)
4(1422 1447 1448 1423)
4(1447 1472 1473 1448)
4(1472 1497 1498 1473)
4(1497 972 973 1498)
4(1373 1398 1399 1374)
4(1398 1423 1424 1399)
4(1423 1448 1449 1424)
4(1448 1473 1474 1449)
4(1473 1498 1499 1474)
4(1498 973 974 1499)
4(1350 1351 1501 1500)
4(1351 1352 1502 1501)
4(1352 1353 1503 1502)
4(1353 1354 1504 1503)
4(1354 1355 1505 1504)
4(1355 1356 1506 1505)
4(1356 1357 1507 1506)
4(1357 1358 1508 1507)
4(1358 1359 1509 1508)
4(1359 1360 1510 1509)
4(1360 1361 1511 1510)
4(1361 1362 1512 1511)
4(1362 1363 1513 1512)
4(1363 1364 1514 1513)
4(1364 1365 1515 1514)
4(1365 1366 1516 1515)
4(1366 1367 1517 1516)
4(1367 1368 1518 1517)
4(1368 1369 1519 1518)
4(1369 1370 1520 1519)
4(1370 1371 1521 1520)
4(1371 1372 1522 1521)
4(1372 1373 1523 1522)
4(1373 1374 1524 1523)
4(450 925 926 451)
4(451 926 927 452)
4(452 927 928 453)
4(453 928 929 454)
4(454 929 930 455)
4(455 930 931 456)
4(456 931 932 457)
4(457 932 933 458)
4(458 933 934 459)
4(459 934 935 460)
4(460 935 936 461)
4(461 936 937 462)
4(462 937 938 463)
4(463 938 939 464)
4(464 939 940 465)
4(465 940 941 466)
4(466 941 942 467)
4(467 942 943 468)
4(468 943 944 469)
4(469 944 945 470)
4(470 945 946 471)
4(471 946 947 472)
4(472 947 948 473)
4(473 948 949 474)
)


// ************************************************************************* //
