/*--------------------------------*- C++ -*----------------------------------*\
  =========                 |
  \\      /  F ield         | OpenFOAM: The Open Source CFD Toolbox
   \\    /   O peration     | Website:  https://openfoam.org
    \\  /    A nd           | Version:  8
     \\/     M anipulation  |
\*---------------------------------------------------------------------------*/
FoamFile
{
    version     2.0;
    format      ascii;
    class       labelList;
    note        "nPoints: 1650 nCells: 768 nFaces: 3128 nInternalFaces: 1480";
    location    "constant/polyMesh";
    object      neighbour;
}
// * * * * * * * * * * * * * * * * * * * * * * * * * * * * * * * * * * * * * //


1480
(
1
24
600
2
25
601
3
26
602
4
27
603
5
28
604
6
29
605
7
30
606
8
31
607
9
32
608
10
33
609
11
34
610
12
35
611
13
36
612
14
37
613
15
38
614
16
39
615
17
40
616
18
41
617
19
42
618
20
43
619
21
44
620
22
45
621
23
46
622
47
623
25
48
26
49
27
50
28
51
29
52
30
53
31
54
32
55
33
56
34
57
35
58
36
59
37
60
38
61
39
62
40
63
41
64
42
65
43
66
44
67
45
68
46
69
47
70
71
49
72
50
73
51
74
52
75
53
76
54
77
55
78
56
79
57
80
58
81
59
82
60
83
61
84
62
85
63
86
64
87
65
88
66
89
67
90
68
91
69
92
70
93
71
94
95
73
96
74
97
75
98
76
99
77
100
78
101
79
102
80
103
81
104
82
105
83
106
84
107
85
108
86
109
87
110
88
111
89
112
90
113
91
114
92
115
93
116
94
117
95
118
119
97
120
98
121
99
122
100
123
101
124
102
125
103
126
104
127
105
128
106
129
107
130
108
131
109
132
110
133
111
134
112
135
113
136
114
137
115
138
116
139
117
140
118
141
119
142
143
121
144
122
145
123
146
124
147
125
148
126
149
127
150
128
151
129
152
130
153
131
154
132
155
133
156
134
157
135
158
136
159
137
160
138
161
139
162
140
163
141
164
142
165
143
166
167
145
168
146
169
147
170
148
171
149
172
150
173
151
174
152
175
153
176
154
177
155
178
156
179
157
180
158
181
159
182
160
183
161
184
162
185
163
186
164
187
165
188
166
189
167
190
191
169
192
170
193
171
194
172
195
173
196
174
197
175
198
176
199
177
200
178
201
179
202
180
203
181
204
182
205
183
206
184
207
185
208
186
209
187
210
188
211
189
212
190
213
191
214
215
193
216
194
217
195
218
196
219
197
220
198
221
199
222
200
223
201
224
202
225
203
226
204
227
205
228
206
229
207
230
208
231
209
232
210
233
211
234
212
235
213
236
214
237
215
238
239
217
240
218
241
219
242
220
243
221
244
222
245
223
246
224
247
225
248
226
249
227
250
228
251
229
252
230
253
231
254
232
255
233
256
234
257
235
258
236
259
237
260
238
261
239
262
263
241
264
242
265
243
266
244
267
245
268
246
269
247
270
248
271
249
272
250
273
251
274
252
275
253
276
254
277
255
278
256
279
257
280
258
281
259
282
260
283
261
284
262
285
263
286
287
265
288
266
289
267
290
268
291
269
292
270
293
271
294
272
295
273
296
274
297
275
298
276
299
277
300
278
301
279
302
280
303
281
304
282
305
283
306
284
307
285
308
286
309
287
310
311
289
312
290
313
291
314
292
315
293
316
294
317
295
318
296
319
297
320
298
321
299
322
300
323
301
324
302
325
303
326
304
327
305
328
306
329
307
330
308
331
309
332
310
333
311
334
335
313
336
314
337
315
338
316
339
317
340
318
341
319
342
320
343
321
344
322
345
323
346
324
347
325
348
326
349
327
350
328
351
329
352
330
353
331
354
332
355
333
356
334
357
335
358
359
337
360
338
361
339
362
340
363
341
364
342
365
343
366
344
367
345
368
346
369
347
370
348
371
349
372
350
373
351
374
352
375
353
376
354
377
355
378
356
379
357
380
358
381
359
382
383
361
384
362
385
363
386
364
387
365
388
366
389
367
390
368
391
369
392
370
393
371
394
372
395
373
396
374
397
375
398
376
399
377
400
378
401
379
402
380
403
381
404
382
405
383
406
407
385
408
386
409
387
410
388
411
389
412
390
413
391
414
392
415
393
416
394
417
395
418
396
419
397
420
398
421
399
422
400
423
401
424
402
425
403
426
404
427
405
428
406
429
407
430
431
409
410
411
412
413
414
415
416
417
418
419
420
421
422
423
424
425
426
427
428
429
430
431
433
456
744
434
457
745
435
458
746
436
459
747
437
460
748
438
461
749
439
462
750
440
463
751
441
464
752
442
465
753
443
466
754
444
467
755
445
468
756
446
469
757
447
470
758
448
471
759
449
472
760
450
473
761
451
474
762
452
475
763
453
476
764
454
477
765
455
478
766
479
767
457
480
458
481
459
482
460
483
461
484
462
485
463
486
464
487
465
488
466
489
467
490
468
491
469
492
470
493
471
494
472
495
473
496
474
497
475
498
476
499
477
500
478
501
479
502
503
481
504
482
505
483
506
484
507
485
508
486
509
487
510
488
511
489
512
490
513
491
514
492
515
493
516
494
517
495
518
496
519
497
520
498
521
499
522
500
523
501
524
502
525
503
526
527
505
528
506
529
507
530
508
531
509
532
510
533
511
534
512
535
513
536
514
537
515
538
516
539
517
540
518
541
519
542
520
543
521
544
522
545
523
546
524
547
525
548
526
549
527
550
551
529
552
530
553
531
554
532
555
533
556
534
557
535
558
536
559
537
560
538
561
539
562
540
563
541
564
542
565
543
566
544
567
545
568
546
569
547
570
548
571
549
572
550
573
551
574
575
553
576
554
577
555
578
556
579
557
580
558
581
559
582
560
583
561
584
562
585
563
586
564
587
565
588
566
589
567
590
568
591
569
592
570
593
571
594
572
595
573
596
574
597
575
598
599
577
600
578
601
579
602
580
603
581
604
582
605
583
606
584
607
585
608
586
609
587
610
588
611
589
612
590
613
591
614
592
615
593
616
594
617
595
618
596
619
597
620
598
621
599
622
623
601
602
603
604
605
606
607
608
609
610
611
612
613
614
615
616
617
618
619
620
621
622
623
625
648
626
649
627
650
628
651
629
652
630
653
631
654
632
655
633
656
634
657
635
658
636
659
637
660
638
661
639
662
640
663
641
664
642
665
643
666
644
667
645
668
646
669
647
670
671
649
672
650
673
651
674
652
675
653
676
654
677
655
678
656
679
657
680
658
681
659
682
660
683
661
684
662
685
663
686
664
687
665
688
666
689
667
690
668
691
669
692
670
693
671
694
695
673
696
674
697
675
698
676
699
677
700
678
701
679
702
680
703
681
704
682
705
683
706
684
707
685
708
686
709
687
710
688
711
689
712
690
713
691
714
692
715
693
716
694
717
695
718
719
697
720
698
721
699
722
700
723
701
724
702
725
703
726
704
727
705
728
706
729
707
730
708
731
709
732
710
733
711
734
712
735
713
736
714
737
715
738
716
739
717
740
718
741
719
742
743
721
744
722
745
723
746
724
747
725
748
726
749
727
750
728
751
729
752
730
753
731
754
732
755
733
756
734
757
735
758
736
759
737
760
738
761
739
762
740
763
741
764
742
765
743
766
767
745
746
747
748
749
750
751
752
753
754
755
756
757
758
759
760
761
762
763
764
765
766
767
)


// ************************************************************************* //
