/*--------------------------------*- C++ -*----------------------------------*\
  =========                 |
  \\      /  F ield         | OpenFOAM: The Open Source CFD Toolbox
   \\    /   O peration     | Website:  https://openfoam.org
    \\  /    A nd           | Version:  8
     \\/     M anipulation  |
\*---------------------------------------------------------------------------*/
FoamFile
{
    version     2.0;
    format      ascii;
    class       vectorField;
    location    "constant/polyMesh";
    object      points;
}
// * * * * * * * * * * * * * * * * * * * * * * * * * * * * * * * * * * * * * //


1650
(
(0 0.0779423 0)
(0.0125 0.0779423 0)
(0.025 0.0779423 0)
(0.0375 0.0779423 0)
(0.05 0.0779423 0)
(0.0625 0.0779423 0)
(0.075 0.0779423 0)
(0.0875 0.0779423 0)
(0.1 0.0779423 0)
(0.1125 0.0779423 0)
(0.125 0.0779423 0)
(0.1375 0.0779423 0)
(0.15 0.0779423 0)
(0.1625 0.0779423 0)
(0.175 0.0779423 0)
(0.1875 0.0779423 0)
(0.2 0.0779423 0)
(0.2125 0.0779423 0)
(0.225 0.0779423 0)
(0.2375 0.0779423 0)
(0.25 0.0779423 0)
(0.2625 0.0779423 0)
(0.275 0.0779423 0)
(0.2875 0.0779423 0)
(0.3 0.0779423 0)
(0 0.086383454 0)
(0.0125 0.086383454 0)
(0.025 0.086383454 0)
(0.0375 0.086383454 0)
(0.05 0.086383454 0)
(0.0625 0.086383454 0)
(0.075 0.086383454 0)
(0.0875 0.086383454 0)
(0.1 0.086383454 0)
(0.1125 0.086383454 0)
(0.125 0.086383454 0)
(0.1375 0.086383454 0)
(0.15 0.086383454 0)
(0.1625 0.086383454 0)
(0.175 0.086383454 0)
(0.1875 0.086383454 0)
(0.2 0.086383454 0)
(0.2125 0.086383454 0)
(0.225 0.086383454 0)
(0.2375 0.086383454 0)
(0.25 0.086383454 0)
(0.2625 0.086383454 0)
(0.275 0.086383454 0)
(0.2875 0.086383454 0)
(0.3 0.086383454 0)
(0 0.094824608 0)
(0.0125 0.094824608 0)
(0.025 0.094824608 0)
(0.0375 0.094824608 0)
(0.05 0.094824608 0)
(0.0625 0.094824608 0)
(0.075 0.094824608 0)
(0.0875 0.094824608 0)
(0.1 0.094824608 0)
(0.1125 0.094824608 0)
(0.125 0.094824608 0)
(0.1375 0.094824608 0)
(0.15 0.094824608 0)
(0.1625 0.094824608 0)
(0.175 0.094824608 0)
(0.1875 0.094824608 0)
(0.2 0.094824608 0)
(0.2125 0.094824608 0)
(0.225 0.094824608 0)
(0.2375 0.094824608 0)
(0.25 0.094824608 0)
(0.2625 0.094824608 0)
(0.275 0.094824608 0)
(0.2875 0.094824608 0)
(0.3 0.094824608 0)
(0 0.103265762 0)
(0.0125 0.103265762 0)
(0.025 0.103265762 0)
(0.0375 0.103265762 0)
(0.05 0.103265762 0)
(0.0625 0.103265762 0)
(0.075 0.103265762 0)
(0.0875 0.103265762 0)
(0.1 0.103265762 0)
(0.1125 0.103265762 0)
(0.125 0.103265762 0)
(0.1375 0.103265762 0)
(0.15 0.103265762 0)
(0.1625 0.103265762 0)
(0.175 0.103265762 0)
(0.1875 0.103265762 0)
(0.2 0.103265762 0)
(0.2125 0.103265762 0)
(0.225 0.103265762 0)
(0.2375 0.103265762 0)
(0.25 0.103265762 0)
(0.2625 0.103265762 0)
(0.275 0.103265762 0)
(0.2875 0.103265762 0)
(0.3 0.103265762 0)
(0 0.111706916 0)
(0.0125 0.111706916 0)
(0.025 0.111706916 0)
(0.0375 0.111706916 0)
(0.05 0.111706916 0)
(0.0625 0.111706916 0)
(0.075 0.111706916 0)
(0.0875 0.111706916 0)
(0.1 0.111706916 0)
(0.1125 0.111706916 0)
(0.125 0.111706916 0)
(0.1375 0.111706916 0)
(0.15 0.111706916 0)
(0.1625 0.111706916 0)
(0.175 0.111706916 0)
(0.1875 0.111706916 0)
(0.2 0.111706916 0)
(0.2125 0.111706916 0)
(0.225 0.111706916 0)
(0.2375 0.111706916 0)
(0.25 0.111706916 0)
(0.2625 0.111706916 0)
(0.275 0.111706916 0)
(0.2875 0.111706916 0)
(0.3 0.111706916 0)
(0 0.12014807 0)
(0.0125 0.12014807 0)
(0.025 0.12014807 0)
(0.0375 0.12014807 0)
(0.05 0.12014807 0)
(0.0625 0.12014807 0)
(0.075 0.12014807 0)
(0.0875 0.12014807 0)
(0.1 0.12014807 0)
(0.1125 0.12014807 0)
(0.125 0.12014807 0)
(0.1375 0.12014807 0)
(0.15 0.12014807 0)
(0.1625 0.12014807 0)
(0.175 0.12014807 0)
(0.1875 0.12014807 0)
(0.2 0.12014807 0)
(0.2125 0.12014807 0)
(0.225 0.12014807 0)
(0.2375 0.12014807 0)
(0.25 0.12014807 0)
(0.2625 0.12014807 0)
(0.275 0.12014807 0)
(0.2875 0.12014807 0)
(0.3 0.12014807 0)
(0 0.128589224 0)
(0.0125 0.128589224 0)
(0.025 0.128589224 0)
(0.0375 0.128589224 0)
(0.05 0.128589224 0)
(0.0625 0.128589224 0)
(0.075 0.128589224 0)
(0.0875 0.128589224 0)
(0.1 0.128589224 0)
(0.1125 0.128589224 0)
(0.125 0.128589224 0)
(0.1375 0.128589224 0)
(0.15 0.128589224 0)
(0.1625 0.128589224 0)
(0.175 0.128589224 0)
(0.1875 0.128589224 0)
(0.2 0.128589224 0)
(0.2125 0.128589224 0)
(0.225 0.128589224 0)
(0.2375 0.128589224 0)
(0.25 0.128589224 0)
(0.2625 0.128589224 0)
(0.275 0.128589224 0)
(0.2875 0.128589224 0)
(0.3 0.128589224 0)
(0 0.137030378 0)
(0.0125 0.137030378 0)
(0.025 0.137030378 0)
(0.0375 0.137030378 0)
(0.05 0.137030378 0)
(0.0625 0.137030378 0)
(0.075 0.137030378 0)
(0.0875 0.137030378 0)
(0.1 0.137030378 0)
(0.1125 0.137030378 0)
(0.125 0.137030378 0)
(0.1375 0.137030378 0)
(0.15 0.137030378 0)
(0.1625 0.137030378 0)
(0.175 0.137030378 0)
(0.1875 0.137030378 0)
(0.2 0.137030378 0)
(0.2125 0.137030378 0)
(0.225 0.137030378 0)
(0.2375 0.137030378 0)
(0.25 0.137030378 0)
(0.2625 0.137030378 0)
(0.275 0.137030378 0)
(0.2875 0.137030378 0)
(0.3 0.137030378 0)
(0 0.145471532 0)
(0.0125 0.145471532 0)
(0.025 0.145471532 0)
(0.0375 0.145471532 0)
(0.05 0.145471532 0)
(0.0625 0.145471532 0)
(0.075 0.145471532 0)
(0.0875 0.145471532 0)
(0.1 0.145471532 0)
(0.1125 0.145471532 0)
(0.125 0.145471532 0)
(0.1375 0.145471532 0)
(0.15 0.145471532 0)
(0.1625 0.145471532 0)
(0.175 0.145471532 0)
(0.1875 0.145471532 0)
(0.2 0.145471532 0)
(0.2125 0.145471532 0)
(0.225 0.145471532 0)
(0.2375 0.145471532 0)
(0.25 0.145471532 0)
(0.2625 0.145471532 0)
(0.275 0.145471532 0)
(0.2875 0.145471532 0)
(0.3 0.145471532 0)
(0 0.153912686 0)
(0.0125 0.153912686 0)
(0.025 0.153912686 0)
(0.0375 0.153912686 0)
(0.05 0.153912686 0)
(0.0625 0.153912686 0)
(0.075 0.153912686 0)
(0.0875 0.153912686 0)
(0.1 0.153912686 0)
(0.1125 0.153912686 0)
(0.125 0.153912686 0)
(0.1375 0.153912686 0)
(0.15 0.153912686 0)
(0.1625 0.153912686 0)
(0.175 0.153912686 0)
(0.1875 0.153912686 0)
(0.2 0.153912686 0)
(0.2125 0.153912686 0)
(0.225 0.153912686 0)
(0.2375 0.153912686 0)
(0.25 0.153912686 0)
(0.2625 0.153912686 0)
(0.275 0.153912686 0)
(0.2875 0.153912686 0)
(0.3 0.153912686 0)
(0 0.16235384 0)
(0.0125 0.16235384 0)
(0.025 0.16235384 0)
(0.0375 0.16235384 0)
(0.05 0.16235384 0)
(0.0625 0.16235384 0)
(0.075 0.16235384 0)
(0.0875 0.16235384 0)
(0.1 0.16235384 0)
(0.1125 0.16235384 0)
(0.125 0.16235384 0)
(0.1375 0.16235384 0)
(0.15 0.16235384 0)
(0.1625 0.16235384 0)
(0.175 0.16235384 0)
(0.1875 0.16235384 0)
(0.2 0.16235384 0)
(0.2125 0.16235384 0)
(0.225 0.16235384 0)
(0.2375 0.16235384 0)
(0.25 0.16235384 0)
(0.2625 0.16235384 0)
(0.275 0.16235384 0)
(0.2875 0.16235384 0)
(0.3 0.16235384 0)
(0 0.170794994 0)
(0.0125 0.170794994 0)
(0.025 0.170794994 0)
(0.0375 0.170794994 0)
(0.05 0.170794994 0)
(0.0625 0.170794994 0)
(0.075 0.170794994 0)
(0.0875 0.170794994 0)
(0.1 0.170794994 0)
(0.1125 0.170794994 0)
(0.125 0.170794994 0)
(0.1375 0.170794994 0)
(0.15 0.170794994 0)
(0.1625 0.170794994 0)
(0.175 0.170794994 0)
(0.1875 0.170794994 0)
(0.2 0.170794994 0)
(0.2125 0.170794994 0)
(0.225 0.170794994 0)
(0.2375 0.170794994 0)
(0.25 0.170794994 0)
(0.2625 0.170794994 0)
(0.275 0.170794994 0)
(0.2875 0.170794994 0)
(0.3 0.170794994 0)
(0 0.179236148 0)
(0.0125 0.179236148 0)
(0.025 0.179236148 0)
(0.0375 0.179236148 0)
(0.05 0.179236148 0)
(0.0625 0.179236148 0)
(0.075 0.179236148 0)
(0.0875 0.179236148 0)
(0.1 0.179236148 0)
(0.1125 0.179236148 0)
(0.125 0.179236148 0)
(0.1375 0.179236148 0)
(0.15 0.179236148 0)
(0.1625 0.179236148 0)
(0.175 0.179236148 0)
(0.1875 0.179236148 0)
(0.2 0.179236148 0)
(0.2125 0.179236148 0)
(0.225 0.179236148 0)
(0.2375 0.179236148 0)
(0.25 0.179236148 0)
(0.2625 0.179236148 0)
(0.275 0.179236148 0)
(0.2875 0.179236148 0)
(0.3 0.179236148 0)
(0 0.187677302 0)
(0.0125 0.187677302 0)
(0.025 0.187677302 0)
(0.0375 0.187677302 0)
(0.05 0.187677302 0)
(0.0625 0.187677302 0)
(0.075 0.187677302 0)
(0.0875 0.187677302 0)
(0.1 0.187677302 0)
(0.1125 0.187677302 0)
(0.125 0.187677302 0)
(0.1375 0.187677302 0)
(0.15 0.187677302 0)
(0.1625 0.187677302 0)
(0.175 0.187677302 0)
(0.1875 0.187677302 0)
(0.2 0.187677302 0)
(0.2125 0.187677302 0)
(0.225 0.187677302 0)
(0.2375 0.187677302 0)
(0.25 0.187677302 0)
(0.2625 0.187677302 0)
(0.275 0.187677302 0)
(0.2875 0.187677302 0)
(0.3 0.187677302 0)
(0 0.196118456 0)
(0.0125 0.196118456 0)
(0.025 0.196118456 0)
(0.0375 0.196118456 0)
(0.05 0.196118456 0)
(0.0625 0.196118456 0)
(0.075 0.196118456 0)
(0.0875 0.196118456 0)
(0.1 0.196118456 0)
(0.1125 0.196118456 0)
(0.125 0.196118456 0)
(0.1375 0.196118456 0)
(0.15 0.196118456 0)
(0.1625 0.196118456 0)
(0.175 0.196118456 0)
(0.1875 0.196118456 0)
(0.2 0.196118456 0)
(0.2125 0.196118456 0)
(0.225 0.196118456 0)
(0.2375 0.196118456 0)
(0.25 0.196118456 0)
(0.2625 0.196118456 0)
(0.275 0.196118456 0)
(0.2875 0.196118456 0)
(0.3 0.196118456 0)
(0 0.20455961 0)
(0.0125 0.20455961 0)
(0.025 0.20455961 0)
(0.0375 0.20455961 0)
(0.05 0.20455961 0)
(0.0625 0.20455961 0)
(0.075 0.20455961 0)
(0.0875 0.20455961 0)
(0.1 0.20455961 0)
(0.1125 0.20455961 0)
(0.125 0.20455961 0)
(0.1375 0.20455961 0)
(0.15 0.20455961 0)
(0.1625 0.20455961 0)
(0.175 0.20455961 0)
(0.1875 0.20455961 0)
(0.2 0.20455961 0)
(0.2125 0.20455961 0)
(0.225 0.20455961 0)
(0.2375 0.20455961 0)
(0.25 0.20455961 0)
(0.2625 0.20455961 0)
(0.275 0.20455961 0)
(0.2875 0.20455961 0)
(0.3 0.20455961 0)
(0 0.213000764 0)
(0.0125 0.213000764 0)
(0.025 0.213000764 0)
(0.0375 0.213000764 0)
(0.05 0.213000764 0)
(0.0625 0.213000764 0)
(0.075 0.213000764 0)
(0.0875 0.213000764 0)
(0.1 0.213000764 0)
(0.1125 0.213000764 0)
(0.125 0.213000764 0)
(0.1375 0.213000764 0)
(0.15 0.213000764 0)
(0.1625 0.213000764 0)
(0.175 0.213000764 0)
(0.1875 0.213000764 0)
(0.2 0.213000764 0)
(0.2125 0.213000764 0)
(0.225 0.213000764 0)
(0.2375 0.213000764 0)
(0.25 0.213000764 0)
(0.2625 0.213000764 0)
(0.275 0.213000764 0)
(0.2875 0.213000764 0)
(0.3 0.213000764 0)
(0 0.221441918 0)
(0.0125 0.221441918 0)
(0.025 0.221441918 0)
(0.0375 0.221441918 0)
(0.05 0.221441918 0)
(0.0625 0.221441918 0)
(0.075 0.221441918 0)
(0.0875 0.221441918 0)
(0.1 0.221441918 0)
(0.1125 0.221441918 0)
(0.125 0.221441918 0)
(0.1375 0.221441918 0)
(0.15 0.221441918 0)
(0.1625 0.221441918 0)
(0.175 0.221441918 0)
(0.1875 0.221441918 0)
(0.2 0.221441918 0)
(0.2125 0.221441918 0)
(0.225 0.221441918 0)
(0.2375 0.221441918 0)
(0.25 0.221441918 0)
(0.2625 0.221441918 0)
(0.275 0.221441918 0)
(0.2875 0.221441918 0)
(0.3 0.221441918 0)
(0 0.229883072 0)
(0.0125 0.229883072 0)
(0.025 0.229883072 0)
(0.0375 0.229883072 0)
(0.05 0.229883072 0)
(0.0625 0.229883072 0)
(0.075 0.229883072 0)
(0.0875 0.229883072 0)
(0.1 0.229883072 0)
(0.1125 0.229883072 0)
(0.125 0.229883072 0)
(0.1375 0.229883072 0)
(0.15 0.229883072 0)
(0.1625 0.229883072 0)
(0.175 0.229883072 0)
(0.1875 0.229883072 0)
(0.2 0.229883072 0)
(0.2125 0.229883072 0)
(0.225 0.229883072 0)
(0.2375 0.229883072 0)
(0.25 0.229883072 0)
(0.2625 0.229883072 0)
(0.275 0.229883072 0)
(0.2875 0.229883072 0)
(0.3 0.229883072 0)
(0 0.0779423 0.0062)
(0.0125 0.0779423 0.0062)
(0.025 0.0779423 0.0062)
(0.0375 0.0779423 0.0062)
(0.05 0.0779423 0.0062)
(0.0625 0.0779423 0.0062)
(0.075 0.0779423 0.0062)
(0.0875 0.0779423 0.0062)
(0.1 0.0779423 0.0062)
(0.1125 0.0779423 0.0062)
(0.125 0.0779423 0.0062)
(0.1375 0.0779423 0.0062)
(0.15 0.0779423 0.0062)
(0.1625 0.0779423 0.0062)
(0.175 0.0779423 0.0062)
(0.1875 0.0779423 0.0062)
(0.2 0.0779423 0.0062)
(0.2125 0.0779423 0.0062)
(0.225 0.0779423 0.0062)
(0.2375 0.0779423 0.0062)
(0.25 0.0779423 0.0062)
(0.2625 0.0779423 0.0062)
(0.275 0.0779423 0.0062)
(0.2875 0.0779423 0.0062)
(0.3 0.0779423 0.0062)
(0 0.086383454 0.0062)
(0.0125 0.086383454 0.0062)
(0.025 0.086383454 0.0062)
(0.0375 0.086383454 0.0062)
(0.05 0.086383454 0.0062)
(0.0625 0.086383454 0.0062)
(0.075 0.086383454 0.0062)
(0.0875 0.086383454 0.0062)
(0.1 0.086383454 0.0062)
(0.1125 0.086383454 0.0062)
(0.125 0.086383454 0.0062)
(0.1375 0.086383454 0.0062)
(0.15 0.086383454 0.0062)
(0.1625 0.086383454 0.0062)
(0.175 0.086383454 0.0062)
(0.1875 0.086383454 0.0062)
(0.2 0.086383454 0.0062)
(0.2125 0.086383454 0.0062)
(0.225 0.086383454 0.0062)
(0.2375 0.086383454 0.0062)
(0.25 0.086383454 0.0062)
(0.2625 0.086383454 0.0062)
(0.275 0.086383454 0.0062)
(0.2875 0.086383454 0.0062)
(0.3 0.086383454 0.0062)
(0 0.094824608 0.0062)
(0.0125 0.094824608 0.0062)
(0.025 0.094824608 0.0062)
(0.0375 0.094824608 0.0062)
(0.05 0.094824608 0.0062)
(0.0625 0.094824608 0.0062)
(0.075 0.094824608 0.0062)
(0.0875 0.094824608 0.0062)
(0.1 0.094824608 0.0062)
(0.1125 0.094824608 0.0062)
(0.125 0.094824608 0.0062)
(0.1375 0.094824608 0.0062)
(0.15 0.094824608 0.0062)
(0.1625 0.094824608 0.0062)
(0.175 0.094824608 0.0062)
(0.1875 0.094824608 0.0062)
(0.2 0.094824608 0.0062)
(0.2125 0.094824608 0.0062)
(0.225 0.094824608 0.0062)
(0.2375 0.094824608 0.0062)
(0.25 0.094824608 0.0062)
(0.2625 0.094824608 0.0062)
(0.275 0.094824608 0.0062)
(0.2875 0.094824608 0.0062)
(0.3 0.094824608 0.0062)
(0 0.103265762 0.0062)
(0.0125 0.103265762 0.0062)
(0.025 0.103265762 0.0062)
(0.0375 0.103265762 0.0062)
(0.05 0.103265762 0.0062)
(0.0625 0.103265762 0.0062)
(0.075 0.103265762 0.0062)
(0.0875 0.103265762 0.0062)
(0.1 0.103265762 0.0062)
(0.1125 0.103265762 0.0062)
(0.125 0.103265762 0.0062)
(0.1375 0.103265762 0.0062)
(0.15 0.103265762 0.0062)
(0.1625 0.103265762 0.0062)
(0.175 0.103265762 0.0062)
(0.1875 0.103265762 0.0062)
(0.2 0.103265762 0.0062)
(0.2125 0.103265762 0.0062)
(0.225 0.103265762 0.0062)
(0.2375 0.103265762 0.0062)
(0.25 0.103265762 0.0062)
(0.2625 0.103265762 0.0062)
(0.275 0.103265762 0.0062)
(0.2875 0.103265762 0.0062)
(0.3 0.103265762 0.0062)
(0 0.111706916 0.0062)
(0.0125 0.111706916 0.0062)
(0.025 0.111706916 0.0062)
(0.0375 0.111706916 0.0062)
(0.05 0.111706916 0.0062)
(0.0625 0.111706916 0.0062)
(0.075 0.111706916 0.0062)
(0.0875 0.111706916 0.0062)
(0.1 0.111706916 0.0062)
(0.1125 0.111706916 0.0062)
(0.125 0.111706916 0.0062)
(0.1375 0.111706916 0.0062)
(0.15 0.111706916 0.0062)
(0.1625 0.111706916 0.0062)
(0.175 0.111706916 0.0062)
(0.1875 0.111706916 0.0062)
(0.2 0.111706916 0.0062)
(0.2125 0.111706916 0.0062)
(0.225 0.111706916 0.0062)
(0.2375 0.111706916 0.0062)
(0.25 0.111706916 0.0062)
(0.2625 0.111706916 0.0062)
(0.275 0.111706916 0.0062)
(0.2875 0.111706916 0.0062)
(0.3 0.111706916 0.0062)
(0 0.12014807 0.0062)
(0.0125 0.12014807 0.0062)
(0.025 0.12014807 0.0062)
(0.0375 0.12014807 0.0062)
(0.05 0.12014807 0.0062)
(0.0625 0.12014807 0.0062)
(0.075 0.12014807 0.0062)
(0.0875 0.12014807 0.0062)
(0.1 0.12014807 0.0062)
(0.1125 0.12014807 0.0062)
(0.125 0.12014807 0.0062)
(0.1375 0.12014807 0.0062)
(0.15 0.12014807 0.0062)
(0.1625 0.12014807 0.0062)
(0.175 0.12014807 0.0062)
(0.1875 0.12014807 0.0062)
(0.2 0.12014807 0.0062)
(0.2125 0.12014807 0.0062)
(0.225 0.12014807 0.0062)
(0.2375 0.12014807 0.0062)
(0.25 0.12014807 0.0062)
(0.2625 0.12014807 0.0062)
(0.275 0.12014807 0.0062)
(0.2875 0.12014807 0.0062)
(0.3 0.12014807 0.0062)
(0 0.128589224 0.0062)
(0.0125 0.128589224 0.0062)
(0.025 0.128589224 0.0062)
(0.0375 0.128589224 0.0062)
(0.05 0.128589224 0.0062)
(0.0625 0.128589224 0.0062)
(0.075 0.128589224 0.0062)
(0.0875 0.128589224 0.0062)
(0.1 0.128589224 0.0062)
(0.1125 0.128589224 0.0062)
(0.125 0.128589224 0.0062)
(0.1375 0.128589224 0.0062)
(0.15 0.128589224 0.0062)
(0.1625 0.128589224 0.0062)
(0.175 0.128589224 0.0062)
(0.1875 0.128589224 0.0062)
(0.2 0.128589224 0.0062)
(0.2125 0.128589224 0.0062)
(0.225 0.128589224 0.0062)
(0.2375 0.128589224 0.0062)
(0.25 0.128589224 0.0062)
(0.2625 0.128589224 0.0062)
(0.275 0.128589224 0.0062)
(0.2875 0.128589224 0.0062)
(0.3 0.128589224 0.0062)
(0 0.137030378 0.0062)
(0.0125 0.137030378 0.0062)
(0.025 0.137030378 0.0062)
(0.0375 0.137030378 0.0062)
(0.05 0.137030378 0.0062)
(0.0625 0.137030378 0.0062)
(0.075 0.137030378 0.0062)
(0.0875 0.137030378 0.0062)
(0.1 0.137030378 0.0062)
(0.1125 0.137030378 0.0062)
(0.125 0.137030378 0.0062)
(0.1375 0.137030378 0.0062)
(0.15 0.137030378 0.0062)
(0.1625 0.137030378 0.0062)
(0.175 0.137030378 0.0062)
(0.1875 0.137030378 0.0062)
(0.2 0.137030378 0.0062)
(0.2125 0.137030378 0.0062)
(0.225 0.137030378 0.0062)
(0.2375 0.137030378 0.0062)
(0.25 0.137030378 0.0062)
(0.2625 0.137030378 0.0062)
(0.275 0.137030378 0.0062)
(0.2875 0.137030378 0.0062)
(0.3 0.137030378 0.0062)
(0 0.145471532 0.0062)
(0.0125 0.145471532 0.0062)
(0.025 0.145471532 0.0062)
(0.0375 0.145471532 0.0062)
(0.05 0.145471532 0.0062)
(0.0625 0.145471532 0.0062)
(0.075 0.145471532 0.0062)
(0.0875 0.145471532 0.0062)
(0.1 0.145471532 0.0062)
(0.1125 0.145471532 0.0062)
(0.125 0.145471532 0.0062)
(0.1375 0.145471532 0.0062)
(0.15 0.145471532 0.0062)
(0.1625 0.145471532 0.0062)
(0.175 0.145471532 0.0062)
(0.1875 0.145471532 0.0062)
(0.2 0.145471532 0.0062)
(0.2125 0.145471532 0.0062)
(0.225 0.145471532 0.0062)
(0.2375 0.145471532 0.0062)
(0.25 0.145471532 0.0062)
(0.2625 0.145471532 0.0062)
(0.275 0.145471532 0.0062)
(0.2875 0.145471532 0.0062)
(0.3 0.145471532 0.0062)
(0 0.153912686 0.0062)
(0.0125 0.153912686 0.0062)
(0.025 0.153912686 0.0062)
(0.0375 0.153912686 0.0062)
(0.05 0.153912686 0.0062)
(0.0625 0.153912686 0.0062)
(0.075 0.153912686 0.0062)
(0.0875 0.153912686 0.0062)
(0.1 0.153912686 0.0062)
(0.1125 0.153912686 0.0062)
(0.125 0.153912686 0.0062)
(0.1375 0.153912686 0.0062)
(0.15 0.153912686 0.0062)
(0.1625 0.153912686 0.0062)
(0.175 0.153912686 0.0062)
(0.1875 0.153912686 0.0062)
(0.2 0.153912686 0.0062)
(0.2125 0.153912686 0.0062)
(0.225 0.153912686 0.0062)
(0.2375 0.153912686 0.0062)
(0.25 0.153912686 0.0062)
(0.2625 0.153912686 0.0062)
(0.275 0.153912686 0.0062)
(0.2875 0.153912686 0.0062)
(0.3 0.153912686 0.0062)
(0 0.16235384 0.0062)
(0.0125 0.16235384 0.0062)
(0.025 0.16235384 0.0062)
(0.0375 0.16235384 0.0062)
(0.05 0.16235384 0.0062)
(0.0625 0.16235384 0.0062)
(0.075 0.16235384 0.0062)
(0.0875 0.16235384 0.0062)
(0.1 0.16235384 0.0062)
(0.1125 0.16235384 0.0062)
(0.125 0.16235384 0.0062)
(0.1375 0.16235384 0.0062)
(0.15 0.16235384 0.0062)
(0.1625 0.16235384 0.0062)
(0.175 0.16235384 0.0062)
(0.1875 0.16235384 0.0062)
(0.2 0.16235384 0.0062)
(0.2125 0.16235384 0.0062)
(0.225 0.16235384 0.0062)
(0.2375 0.16235384 0.0062)
(0.25 0.16235384 0.0062)
(0.2625 0.16235384 0.0062)
(0.275 0.16235384 0.0062)
(0.2875 0.16235384 0.0062)
(0.3 0.16235384 0.0062)
(0 0.170794994 0.0062)
(0.0125 0.170794994 0.0062)
(0.025 0.170794994 0.0062)
(0.0375 0.170794994 0.0062)
(0.05 0.170794994 0.0062)
(0.0625 0.170794994 0.0062)
(0.075 0.170794994 0.0062)
(0.0875 0.170794994 0.0062)
(0.1 0.170794994 0.0062)
(0.1125 0.170794994 0.0062)
(0.125 0.170794994 0.0062)
(0.1375 0.170794994 0.0062)
(0.15 0.170794994 0.0062)
(0.1625 0.170794994 0.0062)
(0.175 0.170794994 0.0062)
(0.1875 0.170794994 0.0062)
(0.2 0.170794994 0.0062)
(0.2125 0.170794994 0.0062)
(0.225 0.170794994 0.0062)
(0.2375 0.170794994 0.0062)
(0.25 0.170794994 0.0062)
(0.2625 0.170794994 0.0062)
(0.275 0.170794994 0.0062)
(0.2875 0.170794994 0.0062)
(0.3 0.170794994 0.0062)
(0 0.179236148 0.0062)
(0.0125 0.179236148 0.0062)
(0.025 0.179236148 0.0062)
(0.0375 0.179236148 0.0062)
(0.05 0.179236148 0.0062)
(0.0625 0.179236148 0.0062)
(0.075 0.179236148 0.0062)
(0.0875 0.179236148 0.0062)
(0.1 0.179236148 0.0062)
(0.1125 0.179236148 0.0062)
(0.125 0.179236148 0.0062)
(0.1375 0.179236148 0.0062)
(0.15 0.179236148 0.0062)
(0.1625 0.179236148 0.0062)
(0.175 0.179236148 0.0062)
(0.1875 0.179236148 0.0062)
(0.2 0.179236148 0.0062)
(0.2125 0.179236148 0.0062)
(0.225 0.179236148 0.0062)
(0.2375 0.179236148 0.0062)
(0.25 0.179236148 0.0062)
(0.2625 0.179236148 0.0062)
(0.275 0.179236148 0.0062)
(0.2875 0.179236148 0.0062)
(0.3 0.179236148 0.0062)
(0 0.187677302 0.0062)
(0.0125 0.187677302 0.0062)
(0.025 0.187677302 0.0062)
(0.0375 0.187677302 0.0062)
(0.05 0.187677302 0.0062)
(0.0625 0.187677302 0.0062)
(0.075 0.187677302 0.0062)
(0.0875 0.187677302 0.0062)
(0.1 0.187677302 0.0062)
(0.1125 0.187677302 0.0062)
(0.125 0.187677302 0.0062)
(0.1375 0.187677302 0.0062)
(0.15 0.187677302 0.0062)
(0.1625 0.187677302 0.0062)
(0.175 0.187677302 0.0062)
(0.1875 0.187677302 0.0062)
(0.2 0.187677302 0.0062)
(0.2125 0.187677302 0.0062)
(0.225 0.187677302 0.0062)
(0.2375 0.187677302 0.0062)
(0.25 0.187677302 0.0062)
(0.2625 0.187677302 0.0062)
(0.275 0.187677302 0.0062)
(0.2875 0.187677302 0.0062)
(0.3 0.187677302 0.0062)
(0 0.196118456 0.0062)
(0.0125 0.196118456 0.0062)
(0.025 0.196118456 0.0062)
(0.0375 0.196118456 0.0062)
(0.05 0.196118456 0.0062)
(0.0625 0.196118456 0.0062)
(0.075 0.196118456 0.0062)
(0.0875 0.196118456 0.0062)
(0.1 0.196118456 0.0062)
(0.1125 0.196118456 0.0062)
(0.125 0.196118456 0.0062)
(0.1375 0.196118456 0.0062)
(0.15 0.196118456 0.0062)
(0.1625 0.196118456 0.0062)
(0.175 0.196118456 0.0062)
(0.1875 0.196118456 0.0062)
(0.2 0.196118456 0.0062)
(0.2125 0.196118456 0.0062)
(0.225 0.196118456 0.0062)
(0.2375 0.196118456 0.0062)
(0.25 0.196118456 0.0062)
(0.2625 0.196118456 0.0062)
(0.275 0.196118456 0.0062)
(0.2875 0.196118456 0.0062)
(0.3 0.196118456 0.0062)
(0 0.20455961 0.0062)
(0.0125 0.20455961 0.0062)
(0.025 0.20455961 0.0062)
(0.0375 0.20455961 0.0062)
(0.05 0.20455961 0.0062)
(0.0625 0.20455961 0.0062)
(0.075 0.20455961 0.0062)
(0.0875 0.20455961 0.0062)
(0.1 0.20455961 0.0062)
(0.1125 0.20455961 0.0062)
(0.125 0.20455961 0.0062)
(0.1375 0.20455961 0.0062)
(0.15 0.20455961 0.0062)
(0.1625 0.20455961 0.0062)
(0.175 0.20455961 0.0062)
(0.1875 0.20455961 0.0062)
(0.2 0.20455961 0.0062)
(0.2125 0.20455961 0.0062)
(0.225 0.20455961 0.0062)
(0.2375 0.20455961 0.0062)
(0.25 0.20455961 0.0062)
(0.2625 0.20455961 0.0062)
(0.275 0.20455961 0.0062)
(0.2875 0.20455961 0.0062)
(0.3 0.20455961 0.0062)
(0 0.213000764 0.0062)
(0.0125 0.213000764 0.0062)
(0.025 0.213000764 0.0062)
(0.0375 0.213000764 0.0062)
(0.05 0.213000764 0.0062)
(0.0625 0.213000764 0.0062)
(0.075 0.213000764 0.0062)
(0.0875 0.213000764 0.0062)
(0.1 0.213000764 0.0062)
(0.1125 0.213000764 0.0062)
(0.125 0.213000764 0.0062)
(0.1375 0.213000764 0.0062)
(0.15 0.213000764 0.0062)
(0.1625 0.213000764 0.0062)
(0.175 0.213000764 0.0062)
(0.1875 0.213000764 0.0062)
(0.2 0.213000764 0.0062)
(0.2125 0.213000764 0.0062)
(0.225 0.213000764 0.0062)
(0.2375 0.213000764 0.0062)
(0.25 0.213000764 0.0062)
(0.2625 0.213000764 0.0062)
(0.275 0.213000764 0.0062)
(0.2875 0.213000764 0.0062)
(0.3 0.213000764 0.0062)
(0 0.221441918 0.0062)
(0.0125 0.221441918 0.0062)
(0.025 0.221441918 0.0062)
(0.0375 0.221441918 0.0062)
(0.05 0.221441918 0.0062)
(0.0625 0.221441918 0.0062)
(0.075 0.221441918 0.0062)
(0.0875 0.221441918 0.0062)
(0.1 0.221441918 0.0062)
(0.1125 0.221441918 0.0062)
(0.125 0.221441918 0.0062)
(0.1375 0.221441918 0.0062)
(0.15 0.221441918 0.0062)
(0.1625 0.221441918 0.0062)
(0.175 0.221441918 0.0062)
(0.1875 0.221441918 0.0062)
(0.2 0.221441918 0.0062)
(0.2125 0.221441918 0.0062)
(0.225 0.221441918 0.0062)
(0.2375 0.221441918 0.0062)
(0.25 0.221441918 0.0062)
(0.2625 0.221441918 0.0062)
(0.275 0.221441918 0.0062)
(0.2875 0.221441918 0.0062)
(0.3 0.221441918 0.0062)
(0 0.229883072 0.0062)
(0.0125 0.229883072 0.0062)
(0.025 0.229883072 0.0062)
(0.0375 0.229883072 0.0062)
(0.05 0.229883072 0.0062)
(0.0625 0.229883072 0.0062)
(0.075 0.229883072 0.0062)
(0.0875 0.229883072 0.0062)
(0.1 0.229883072 0.0062)
(0.1125 0.229883072 0.0062)
(0.125 0.229883072 0.0062)
(0.1375 0.229883072 0.0062)
(0.15 0.229883072 0.0062)
(0.1625 0.229883072 0.0062)
(0.175 0.229883072 0.0062)
(0.1875 0.229883072 0.0062)
(0.2 0.229883072 0.0062)
(0.2125 0.229883072 0.0062)
(0.225 0.229883072 0.0062)
(0.2375 0.229883072 0.0062)
(0.25 0.229883072 0.0062)
(0.2625 0.229883072 0.0062)
(0.275 0.229883072 0.0062)
(0.2875 0.229883072 0.0062)
(0.3 0.229883072 0.0062)
(0.135 0 0)
(0.13625 0 0)
(0.1375 0 0)
(0.13875 0 0)
(0.14 0 0)
(0.14125 0 0)
(0.1425 0 0)
(0.14375 0 0)
(0.145 0 0)
(0.14625 0 0)
(0.1475 0 0)
(0.14875 0 0)
(0.15 0 0)
(0.15125 0 0)
(0.1525 0 0)
(0.15375 0 0)
(0.155 0 0)
(0.15625 0 0)
(0.1575 0 0)
(0.15875 0 0)
(0.16 0 0)
(0.16125 0 0)
(0.1625 0 0)
(0.16375 0 0)
(0.165 0 0)
(0.118125 0.0097427875 0)
(0.12078125 0.0097427875 0)
(0.1234375 0.0097427875 0)
(0.12609375 0.0097427875 0)
(0.12875 0.0097427875 0)
(0.13140625 0.0097427875 0)
(0.1340625 0.0097427875 0)
(0.13671875 0.0097427875 0)
(0.139375 0.0097427875 0)
(0.14203125 0.0097427875 0)
(0.1446875 0.0097427875 0)
(0.14734375 0.0097427875 0)
(0.15 0.0097427875 0)
(0.15265625 0.0097427875 0)
(0.1553125 0.0097427875 0)
(0.15796875 0.0097427875 0)
(0.160625 0.0097427875 0)
(0.16328125 0.0097427875 0)
(0.1659375 0.0097427875 0)
(0.16859375 0.0097427875 0)
(0.17125 0.0097427875 0)
(0.17390625 0.0097427875 0)
(0.1765625 0.0097427875 0)
(0.17921875 0.0097427875 0)
(0.181875 0.0097427875 0)
(0.10125 0.019485575 0)
(0.1053125 0.019485575 0)
(0.109375 0.019485575 0)
(0.1134375 0.019485575 0)
(0.1175 0.019485575 0)
(0.1215625 0.019485575 0)
(0.125625 0.019485575 0)
(0.1296875 0.019485575 0)
(0.13375 0.019485575 0)
(0.1378125 0.019485575 0)
(0.141875 0.019485575 0)
(0.1459375 0.019485575 0)
(0.15 0.019485575 0)
(0.1540625 0.019485575 0)
(0.158125 0.019485575 0)
(0.1621875 0.019485575 0)
(0.16625 0.019485575 0)
(0.1703125 0.019485575 0)
(0.174375 0.019485575 0)
(0.1784375 0.019485575 0)
(0.1825 0.019485575 0)
(0.1865625 0.019485575 0)
(0.190625 0.019485575 0)
(0.1946875 0.019485575 0)
(0.19875 0.019485575 0)
(0.084375 0.0292283625 0)
(0.08984375 0.0292283625 0)
(0.0953125 0.0292283625 0)
(0.10078125 0.0292283625 0)
(0.10625 0.0292283625 0)
(0.11171875 0.0292283625 0)
(0.1171875 0.0292283625 0)
(0.12265625 0.0292283625 0)
(0.128125 0.0292283625 0)
(0.13359375 0.0292283625 0)
(0.1390625 0.0292283625 0)
(0.14453125 0.0292283625 0)
(0.15 0.0292283625 0)
(0.15546875 0.0292283625 0)
(0.1609375 0.0292283625 0)
(0.16640625 0.0292283625 0)
(0.171875 0.0292283625 0)
(0.17734375 0.0292283625 0)
(0.1828125 0.0292283625 0)
(0.18828125 0.0292283625 0)
(0.19375 0.0292283625 0)
(0.19921875 0.0292283625 0)
(0.2046875 0.0292283625 0)
(0.21015625 0.0292283625 0)
(0.215625 0.0292283625 0)
(0.0675 0.03897115 0)
(0.074375 0.03897115 0)
(0.08125 0.03897115 0)
(0.088125 0.03897115 0)
(0.095 0.03897115 0)
(0.101875 0.03897115 0)
(0.10875 0.03897115 0)
(0.115625 0.03897115 0)
(0.1225 0.03897115 0)
(0.129375 0.03897115 0)
(0.13625 0.03897115 0)
(0.143125 0.03897115 0)
(0.15 0.03897115 0)
(0.156875 0.03897115 0)
(0.16375 0.03897115 0)
(0.170625 0.03897115 0)
(0.1775 0.03897115 0)
(0.184375 0.03897115 0)
(0.19125 0.03897115 0)
(0.198125 0.03897115 0)
(0.205 0.03897115 0)
(0.211875 0.03897115 0)
(0.21875 0.03897115 0)
(0.225625 0.03897115 0)
(0.2325 0.03897115 0)
(0.050625 0.0487139375 0)
(0.05890625 0.0487139375 0)
(0.0671875 0.0487139375 0)
(0.07546875 0.0487139375 0)
(0.08375 0.0487139375 0)
(0.09203125 0.0487139375 0)
(0.1003125 0.0487139375 0)
(0.10859375 0.0487139375 0)
(0.116875 0.0487139375 0)
(0.12515625 0.0487139375 0)
(0.1334375 0.0487139375 0)
(0.14171875 0.0487139375 0)
(0.15 0.0487139375 0)
(0.15828125 0.0487139375 0)
(0.1665625 0.0487139375 0)
(0.17484375 0.0487139375 0)
(0.183125 0.0487139375 0)
(0.19140625 0.0487139375 0)
(0.1996875 0.0487139375 0)
(0.20796875 0.0487139375 0)
(0.21625 0.0487139375 0)
(0.22453125 0.0487139375 0)
(0.2328125 0.0487139375 0)
(0.24109375 0.0487139375 0)
(0.249375 0.0487139375 0)
(0.03375 0.058456725 0)
(0.0434375 0.058456725 0)
(0.053125 0.058456725 0)
(0.0628125 0.058456725 0)
(0.0725 0.058456725 0)
(0.0821875 0.058456725 0)
(0.091875 0.058456725 0)
(0.1015625 0.058456725 0)
(0.11125 0.058456725 0)
(0.1209375 0.058456725 0)
(0.130625 0.058456725 0)
(0.1403125 0.058456725 0)
(0.15 0.058456725 0)
(0.1596875 0.058456725 0)
(0.169375 0.058456725 0)
(0.1790625 0.058456725 0)
(0.18875 0.058456725 0)
(0.1984375 0.058456725 0)
(0.208125 0.058456725 0)
(0.2178125 0.058456725 0)
(0.2275 0.058456725 0)
(0.2371875 0.058456725 0)
(0.246875 0.058456725 0)
(0.2565625 0.058456725 0)
(0.26625 0.058456725 0)
(0.016875 0.0681995125 0)
(0.02796875 0.0681995125 0)
(0.0390625 0.0681995125 0)
(0.05015625 0.0681995125 0)
(0.06125 0.0681995125 0)
(0.07234375 0.0681995125 0)
(0.0834375 0.0681995125 0)
(0.09453125 0.0681995125 0)
(0.105625 0.0681995125 0)
(0.11671875 0.0681995125 0)
(0.1278125 0.0681995125 0)
(0.13890625 0.0681995125 0)
(0.15 0.0681995125 0)
(0.16109375 0.0681995125 0)
(0.1721875 0.0681995125 0)
(0.18328125 0.0681995125 0)
(0.194375 0.0681995125 0)
(0.20546875 0.0681995125 0)
(0.2165625 0.0681995125 0)
(0.22765625 0.0681995125 0)
(0.23875 0.0681995125 0)
(0.24984375 0.0681995125 0)
(0.2609375 0.0681995125 0)
(0.27203125 0.0681995125 0)
(0.283125 0.0681995125 0)
(0.135 0 0.0062)
(0.13625 0 0.0062)
(0.1375 0 0.0062)
(0.13875 0 0.0062)
(0.14 0 0.0062)
(0.14125 0 0.0062)
(0.1425 0 0.0062)
(0.14375 0 0.0062)
(0.145 0 0.0062)
(0.14625 0 0.0062)
(0.1475 0 0.0062)
(0.14875 0 0.0062)
(0.15 0 0.0062)
(0.15125 0 0.0062)
(0.1525 0 0.0062)
(0.15375 0 0.0062)
(0.155 0 0.0062)
(0.15625 0 0.0062)
(0.1575 0 0.0062)
(0.15875 0 0.0062)
(0.16 0 0.0062)
(0.16125 0 0.0062)
(0.1625 0 0.0062)
(0.16375 0 0.0062)
(0.165 0 0.0062)
(0.118125 0.0097427875 0.0062)
(0.12078125 0.0097427875 0.0062)
(0.1234375 0.0097427875 0.0062)
(0.12609375 0.0097427875 0.0062)
(0.12875 0.0097427875 0.0062)
(0.13140625 0.0097427875 0.0062)
(0.1340625 0.0097427875 0.0062)
(0.13671875 0.0097427875 0.0062)
(0.139375 0.0097427875 0.0062)
(0.14203125 0.0097427875 0.0062)
(0.1446875 0.0097427875 0.0062)
(0.14734375 0.0097427875 0.0062)
(0.15 0.0097427875 0.0062)
(0.15265625 0.0097427875 0.0062)
(0.1553125 0.0097427875 0.0062)
(0.15796875 0.0097427875 0.0062)
(0.160625 0.0097427875 0.0062)
(0.16328125 0.0097427875 0.0062)
(0.1659375 0.0097427875 0.0062)
(0.16859375 0.0097427875 0.0062)
(0.17125 0.0097427875 0.0062)
(0.17390625 0.0097427875 0.0062)
(0.1765625 0.0097427875 0.0062)
(0.17921875 0.0097427875 0.0062)
(0.181875 0.0097427875 0.0062)
(0.10125 0.019485575 0.0062)
(0.1053125 0.019485575 0.0062)
(0.109375 0.019485575 0.0062)
(0.1134375 0.019485575 0.0062)
(0.1175 0.019485575 0.0062)
(0.1215625 0.019485575 0.0062)
(0.125625 0.019485575 0.0062)
(0.1296875 0.019485575 0.0062)
(0.13375 0.019485575 0.0062)
(0.1378125 0.019485575 0.0062)
(0.141875 0.019485575 0.0062)
(0.1459375 0.019485575 0.0062)
(0.15 0.019485575 0.0062)
(0.1540625 0.019485575 0.0062)
(0.158125 0.019485575 0.0062)
(0.1621875 0.019485575 0.0062)
(0.16625 0.019485575 0.0062)
(0.1703125 0.019485575 0.0062)
(0.174375 0.019485575 0.0062)
(0.1784375 0.019485575 0.0062)
(0.1825 0.019485575 0.0062)
(0.1865625 0.019485575 0.0062)
(0.190625 0.019485575 0.0062)
(0.1946875 0.019485575 0.0062)
(0.19875 0.019485575 0.0062)
(0.084375 0.0292283625 0.0062)
(0.08984375 0.0292283625 0.0062)
(0.0953125 0.0292283625 0.0062)
(0.10078125 0.0292283625 0.0062)
(0.10625 0.0292283625 0.0062)
(0.11171875 0.0292283625 0.0062)
(0.1171875 0.0292283625 0.0062)
(0.12265625 0.0292283625 0.0062)
(0.128125 0.0292283625 0.0062)
(0.13359375 0.0292283625 0.0062)
(0.1390625 0.0292283625 0.0062)
(0.14453125 0.0292283625 0.0062)
(0.15 0.0292283625 0.0062)
(0.15546875 0.0292283625 0.0062)
(0.1609375 0.0292283625 0.0062)
(0.16640625 0.0292283625 0.0062)
(0.171875 0.0292283625 0.0062)
(0.17734375 0.0292283625 0.0062)
(0.1828125 0.0292283625 0.0062)
(0.18828125 0.0292283625 0.0062)
(0.19375 0.0292283625 0.0062)
(0.19921875 0.0292283625 0.0062)
(0.2046875 0.0292283625 0.0062)
(0.21015625 0.0292283625 0.0062)
(0.215625 0.0292283625 0.0062)
(0.0675 0.03897115 0.0062)
(0.074375 0.03897115 0.0062)
(0.08125 0.03897115 0.0062)
(0.088125 0.03897115 0.0062)
(0.095 0.03897115 0.0062)
(0.101875 0.03897115 0.0062)
(0.10875 0.03897115 0.0062)
(0.115625 0.03897115 0.0062)
(0.1225 0.03897115 0.0062)
(0.129375 0.03897115 0.0062)
(0.13625 0.03897115 0.0062)
(0.143125 0.03897115 0.0062)
(0.15 0.03897115 0.0062)
(0.156875 0.03897115 0.0062)
(0.16375 0.03897115 0.0062)
(0.170625 0.03897115 0.0062)
(0.1775 0.03897115 0.0062)
(0.184375 0.03897115 0.0062)
(0.19125 0.03897115 0.0062)
(0.198125 0.03897115 0.0062)
(0.205 0.03897115 0.0062)
(0.211875 0.03897115 0.0062)
(0.21875 0.03897115 0.0062)
(0.225625 0.03897115 0.0062)
(0.2325 0.03897115 0.0062)
(0.050625 0.0487139375 0.0062)
(0.05890625 0.0487139375 0.0062)
(0.0671875 0.0487139375 0.0062)
(0.07546875 0.0487139375 0.0062)
(0.08375 0.0487139375 0.0062)
(0.09203125 0.0487139375 0.0062)
(0.1003125 0.0487139375 0.0062)
(0.10859375 0.0487139375 0.0062)
(0.116875 0.0487139375 0.0062)
(0.12515625 0.0487139375 0.0062)
(0.1334375 0.0487139375 0.0062)
(0.14171875 0.0487139375 0.0062)
(0.15 0.0487139375 0.0062)
(0.15828125 0.0487139375 0.0062)
(0.1665625 0.0487139375 0.0062)
(0.17484375 0.0487139375 0.0062)
(0.183125 0.0487139375 0.0062)
(0.19140625 0.0487139375 0.0062)
(0.1996875 0.0487139375 0.0062)
(0.20796875 0.0487139375 0.0062)
(0.21625 0.0487139375 0.0062)
(0.22453125 0.0487139375 0.0062)
(0.2328125 0.0487139375 0.0062)
(0.24109375 0.0487139375 0.0062)
(0.249375 0.0487139375 0.0062)
(0.03375 0.058456725 0.0062)
(0.0434375 0.058456725 0.0062)
(0.053125 0.058456725 0.0062)
(0.0628125 0.058456725 0.0062)
(0.0725 0.058456725 0.0062)
(0.0821875 0.058456725 0.0062)
(0.091875 0.058456725 0.0062)
(0.1015625 0.058456725 0.0062)
(0.11125 0.058456725 0.0062)
(0.1209375 0.058456725 0.0062)
(0.130625 0.058456725 0.0062)
(0.1403125 0.058456725 0.0062)
(0.15 0.058456725 0.0062)
(0.1596875 0.058456725 0.0062)
(0.169375 0.058456725 0.0062)
(0.1790625 0.058456725 0.0062)
(0.18875 0.058456725 0.0062)
(0.1984375 0.058456725 0.0062)
(0.208125 0.058456725 0.0062)
(0.2178125 0.058456725 0.0062)
(0.2275 0.058456725 0.0062)
(0.2371875 0.058456725 0.0062)
(0.246875 0.058456725 0.0062)
(0.2565625 0.058456725 0.0062)
(0.26625 0.058456725 0.0062)
(0.016875 0.0681995125 0.0062)
(0.02796875 0.0681995125 0.0062)
(0.0390625 0.0681995125 0.0062)
(0.05015625 0.0681995125 0.0062)
(0.06125 0.0681995125 0.0062)
(0.07234375 0.0681995125 0.0062)
(0.0834375 0.0681995125 0.0062)
(0.09453125 0.0681995125 0.0062)
(0.105625 0.0681995125 0.0062)
(0.11671875 0.0681995125 0.0062)
(0.1278125 0.0681995125 0.0062)
(0.13890625 0.0681995125 0.0062)
(0.15 0.0681995125 0.0062)
(0.16109375 0.0681995125 0.0062)
(0.1721875 0.0681995125 0.0062)
(0.18328125 0.0681995125 0.0062)
(0.194375 0.0681995125 0.0062)
(0.20546875 0.0681995125 0.0062)
(0.2165625 0.0681995125 0.0062)
(0.22765625 0.0681995125 0.0062)
(0.23875 0.0681995125 0.0062)
(0.24984375 0.0681995125 0.0062)
(0.2609375 0.0681995125 0.0062)
(0.27203125 0.0681995125 0.0062)
(0.283125 0.0681995125 0.0062)
(0 -0.0779423 0)
(0.0125 -0.0779423 0)
(0.025 -0.0779423 0)
(0.0375 -0.0779423 0)
(0.05 -0.0779423 0)
(0.0625 -0.0779423 0)
(0.075 -0.0779423 0)
(0.0875 -0.0779423 0)
(0.1 -0.0779423 0)
(0.1125 -0.0779423 0)
(0.125 -0.0779423 0)
(0.1375 -0.0779423 0)
(0.15 -0.0779423 0)
(0.1625 -0.0779423 0)
(0.175 -0.0779423 0)
(0.1875 -0.0779423 0)
(0.2 -0.0779423 0)
(0.2125 -0.0779423 0)
(0.225 -0.0779423 0)
(0.2375 -0.0779423 0)
(0.25 -0.0779423 0)
(0.2625 -0.0779423 0)
(0.275 -0.0779423 0)
(0.2875 -0.0779423 0)
(0.3 -0.0779423 0)
(0.0225 -0.06495191667 0)
(0.033125 -0.06495191667 0)
(0.04375 -0.06495191667 0)
(0.054375 -0.06495191667 0)
(0.065 -0.06495191667 0)
(0.075625 -0.06495191667 0)
(0.08625 -0.06495191667 0)
(0.096875 -0.06495191667 0)
(0.1075 -0.06495191667 0)
(0.118125 -0.06495191667 0)
(0.12875 -0.06495191667 0)
(0.139375 -0.06495191667 0)
(0.15 -0.06495191667 0)
(0.160625 -0.06495191667 0)
(0.17125 -0.06495191667 0)
(0.181875 -0.06495191667 0)
(0.1925 -0.06495191667 0)
(0.203125 -0.06495191667 0)
(0.21375 -0.06495191667 0)
(0.224375 -0.06495191667 0)
(0.235 -0.06495191667 0)
(0.245625 -0.06495191667 0)
(0.25625 -0.06495191667 0)
(0.266875 -0.06495191667 0)
(0.2775 -0.06495191667 0)
(0.045 -0.05196153333 0)
(0.05375 -0.05196153333 0)
(0.0625 -0.05196153333 0)
(0.07125 -0.05196153333 0)
(0.08 -0.05196153333 0)
(0.08875 -0.05196153333 0)
(0.0975 -0.05196153333 0)
(0.10625 -0.05196153333 0)
(0.115 -0.05196153333 0)
(0.12375 -0.05196153333 0)
(0.1325 -0.05196153333 0)
(0.14125 -0.05196153333 0)
(0.15 -0.05196153333 0)
(0.15875 -0.05196153333 0)
(0.1675 -0.05196153333 0)
(0.17625 -0.05196153333 0)
(0.185 -0.05196153333 0)
(0.19375 -0.05196153333 0)
(0.2025 -0.05196153333 0)
(0.21125 -0.05196153333 0)
(0.22 -0.05196153333 0)
(0.22875 -0.05196153333 0)
(0.2375 -0.05196153333 0)
(0.24625 -0.05196153333 0)
(0.255 -0.05196153333 0)
(0.0675 -0.03897115 0)
(0.074375 -0.03897115 0)
(0.08125 -0.03897115 0)
(0.088125 -0.03897115 0)
(0.095 -0.03897115 0)
(0.101875 -0.03897115 0)
(0.10875 -0.03897115 0)
(0.115625 -0.03897115 0)
(0.1225 -0.03897115 0)
(0.129375 -0.03897115 0)
(0.13625 -0.03897115 0)
(0.143125 -0.03897115 0)
(0.15 -0.03897115 0)
(0.156875 -0.03897115 0)
(0.16375 -0.03897115 0)
(0.170625 -0.03897115 0)
(0.1775 -0.03897115 0)
(0.184375 -0.03897115 0)
(0.19125 -0.03897115 0)
(0.198125 -0.03897115 0)
(0.205 -0.03897115 0)
(0.211875 -0.03897115 0)
(0.21875 -0.03897115 0)
(0.225625 -0.03897115 0)
(0.2325 -0.03897115 0)
(0.09 -0.02598076667 0)
(0.095 -0.02598076667 0)
(0.1 -0.02598076667 0)
(0.105 -0.02598076667 0)
(0.11 -0.02598076667 0)
(0.115 -0.02598076667 0)
(0.12 -0.02598076667 0)
(0.125 -0.02598076667 0)
(0.13 -0.02598076667 0)
(0.135 -0.02598076667 0)
(0.14 -0.02598076667 0)
(0.145 -0.02598076667 0)
(0.15 -0.02598076667 0)
(0.155 -0.02598076667 0)
(0.16 -0.02598076667 0)
(0.165 -0.02598076667 0)
(0.17 -0.02598076667 0)
(0.175 -0.02598076667 0)
(0.18 -0.02598076667 0)
(0.185 -0.02598076667 0)
(0.19 -0.02598076667 0)
(0.195 -0.02598076667 0)
(0.2 -0.02598076667 0)
(0.205 -0.02598076667 0)
(0.21 -0.02598076667 0)
(0.1125 -0.01299038333 0)
(0.115625 -0.01299038333 0)
(0.11875 -0.01299038333 0)
(0.121875 -0.01299038333 0)
(0.125 -0.01299038333 0)
(0.128125 -0.01299038333 0)
(0.13125 -0.01299038333 0)
(0.134375 -0.01299038333 0)
(0.1375 -0.01299038333 0)
(0.140625 -0.01299038333 0)
(0.14375 -0.01299038333 0)
(0.146875 -0.01299038333 0)
(0.15 -0.01299038333 0)
(0.153125 -0.01299038333 0)
(0.15625 -0.01299038333 0)
(0.159375 -0.01299038333 0)
(0.1625 -0.01299038333 0)
(0.165625 -0.01299038333 0)
(0.16875 -0.01299038333 0)
(0.171875 -0.01299038333 0)
(0.175 -0.01299038333 0)
(0.178125 -0.01299038333 0)
(0.18125 -0.01299038333 0)
(0.184375 -0.01299038333 0)
(0.1875 -0.01299038333 0)
(0 -0.0779423 0.0062)
(0.0125 -0.0779423 0.0062)
(0.025 -0.0779423 0.0062)
(0.0375 -0.0779423 0.0062)
(0.05 -0.0779423 0.0062)
(0.0625 -0.0779423 0.0062)
(0.075 -0.0779423 0.0062)
(0.0875 -0.0779423 0.0062)
(0.1 -0.0779423 0.0062)
(0.1125 -0.0779423 0.0062)
(0.125 -0.0779423 0.0062)
(0.1375 -0.0779423 0.0062)
(0.15 -0.0779423 0.0062)
(0.1625 -0.0779423 0.0062)
(0.175 -0.0779423 0.0062)
(0.1875 -0.0779423 0.0062)
(0.2 -0.0779423 0.0062)
(0.2125 -0.0779423 0.0062)
(0.225 -0.0779423 0.0062)
(0.2375 -0.0779423 0.0062)
(0.25 -0.0779423 0.0062)
(0.2625 -0.0779423 0.0062)
(0.275 -0.0779423 0.0062)
(0.2875 -0.0779423 0.0062)
(0.3 -0.0779423 0.0062)
(0.0225 -0.06495191667 0.0062)
(0.033125 -0.06495191667 0.0062)
(0.04375 -0.06495191667 0.0062)
(0.054375 -0.06495191667 0.0062)
(0.065 -0.06495191667 0.0062)
(0.075625 -0.06495191667 0.0062)
(0.08625 -0.06495191667 0.0062)
(0.096875 -0.06495191667 0.0062)
(0.1075 -0.06495191667 0.0062)
(0.118125 -0.06495191667 0.0062)
(0.12875 -0.06495191667 0.0062)
(0.139375 -0.06495191667 0.0062)
(0.15 -0.06495191667 0.0062)
(0.160625 -0.06495191667 0.0062)
(0.17125 -0.06495191667 0.0062)
(0.181875 -0.06495191667 0.0062)
(0.1925 -0.06495191667 0.0062)
(0.203125 -0.06495191667 0.0062)
(0.21375 -0.06495191667 0.0062)
(0.224375 -0.06495191667 0.0062)
(0.235 -0.06495191667 0.0062)
(0.245625 -0.06495191667 0.0062)
(0.25625 -0.06495191667 0.0062)
(0.266875 -0.06495191667 0.0062)
(0.2775 -0.06495191667 0.0062)
(0.045 -0.05196153333 0.0062)
(0.05375 -0.05196153333 0.0062)
(0.0625 -0.05196153333 0.0062)
(0.07125 -0.05196153333 0.0062)
(0.08 -0.05196153333 0.0062)
(0.08875 -0.05196153333 0.0062)
(0.0975 -0.05196153333 0.0062)
(0.10625 -0.05196153333 0.0062)
(0.115 -0.05196153333 0.0062)
(0.12375 -0.05196153333 0.0062)
(0.1325 -0.05196153333 0.0062)
(0.14125 -0.05196153333 0.0062)
(0.15 -0.05196153333 0.0062)
(0.15875 -0.05196153333 0.0062)
(0.1675 -0.05196153333 0.0062)
(0.17625 -0.05196153333 0.0062)
(0.185 -0.05196153333 0.0062)
(0.19375 -0.05196153333 0.0062)
(0.2025 -0.05196153333 0.0062)
(0.21125 -0.05196153333 0.0062)
(0.22 -0.05196153333 0.0062)
(0.22875 -0.05196153333 0.0062)
(0.2375 -0.05196153333 0.0062)
(0.24625 -0.05196153333 0.0062)
(0.255 -0.05196153333 0.0062)
(0.0675 -0.03897115 0.0062)
(0.074375 -0.03897115 0.0062)
(0.08125 -0.03897115 0.0062)
(0.088125 -0.03897115 0.0062)
(0.095 -0.03897115 0.0062)
(0.101875 -0.03897115 0.0062)
(0.10875 -0.03897115 0.0062)
(0.115625 -0.03897115 0.0062)
(0.1225 -0.03897115 0.0062)
(0.129375 -0.03897115 0.0062)
(0.13625 -0.03897115 0.0062)
(0.143125 -0.03897115 0.0062)
(0.15 -0.03897115 0.0062)
(0.156875 -0.03897115 0.0062)
(0.16375 -0.03897115 0.0062)
(0.170625 -0.03897115 0.0062)
(0.1775 -0.03897115 0.0062)
(0.184375 -0.03897115 0.0062)
(0.19125 -0.03897115 0.0062)
(0.198125 -0.03897115 0.0062)
(0.205 -0.03897115 0.0062)
(0.211875 -0.03897115 0.0062)
(0.21875 -0.03897115 0.0062)
(0.225625 -0.03897115 0.0062)
(0.2325 -0.03897115 0.0062)
(0.09 -0.02598076667 0.0062)
(0.095 -0.02598076667 0.0062)
(0.1 -0.02598076667 0.0062)
(0.105 -0.02598076667 0.0062)
(0.11 -0.02598076667 0.0062)
(0.115 -0.02598076667 0.0062)
(0.12 -0.02598076667 0.0062)
(0.125 -0.02598076667 0.0062)
(0.13 -0.02598076667 0.0062)
(0.135 -0.02598076667 0.0062)
(0.14 -0.02598076667 0.0062)
(0.145 -0.02598076667 0.0062)
(0.15 -0.02598076667 0.0062)
(0.155 -0.02598076667 0.0062)
(0.16 -0.02598076667 0.0062)
(0.165 -0.02598076667 0.0062)
(0.17 -0.02598076667 0.0062)
(0.175 -0.02598076667 0.0062)
(0.18 -0.02598076667 0.0062)
(0.185 -0.02598076667 0.0062)
(0.19 -0.02598076667 0.0062)
(0.195 -0.02598076667 0.0062)
(0.2 -0.02598076667 0.0062)
(0.205 -0.02598076667 0.0062)
(0.21 -0.02598076667 0.0062)
(0.1125 -0.01299038333 0.0062)
(0.115625 -0.01299038333 0.0062)
(0.11875 -0.01299038333 0.0062)
(0.121875 -0.01299038333 0.0062)
(0.125 -0.01299038333 0.0062)
(0.128125 -0.01299038333 0.0062)
(0.13125 -0.01299038333 0.0062)
(0.134375 -0.01299038333 0.0062)
(0.1375 -0.01299038333 0.0062)
(0.140625 -0.01299038333 0.0062)
(0.14375 -0.01299038333 0.0062)
(0.146875 -0.01299038333 0.0062)
(0.15 -0.01299038333 0.0062)
(0.153125 -0.01299038333 0.0062)
(0.15625 -0.01299038333 0.0062)
(0.159375 -0.01299038333 0.0062)
(0.1625 -0.01299038333 0.0062)
(0.165625 -0.01299038333 0.0062)
(0.16875 -0.01299038333 0.0062)
(0.171875 -0.01299038333 0.0062)
(0.175 -0.01299038333 0.0062)
(0.178125 -0.01299038333 0.0062)
(0.18125 -0.01299038333 0.0062)
(0.184375 -0.01299038333 0.0062)
(0.1875 -0.01299038333 0.0062)
)


// ************************************************************************* //
