/*--------------------------------*- C++ -*----------------------------------*\
  =========                 |
  \\      /  F ield         | OpenFOAM: The Open Source CFD Toolbox
   \\    /   O peration     | Website:  https://openfoam.org
    \\  /    A nd           | Version:  8
     \\/     M anipulation  |
\*---------------------------------------------------------------------------*/
FoamFile
{
    version     2.0;
    format      ascii;
    class       vectorField;
    location    "0/lagrangian/kinematicCloud";
    object      angularMomentum;
}
// * * * * * * * * * * * * * * * * * * * * * * * * * * * * * * * * * * * * * //


1722
(
(2.76909e-12 1.34427e-12 -3.48094e-12)
(-9.0506e-12 -1.12349e-11 -6.39444e-13)
(-2.71406e-12 -5.12256e-12 9.04635e-12)
(-4.17612e-12 3.91786e-12 2.51978e-12)
(1.12575e-12 1.39648e-11 -6.54671e-12)
(4.13235e-12 3.1273e-12 -1.91798e-12)
(-2.78845e-12 -9.54798e-12 -7.71875e-12)
(-2.20525e-11 9.45742e-12 -1.53507e-12)
(-2.56763e-11 -2.41757e-11 -1.5785e-11)
(-1.10497e-11 -1.20624e-11 -7.66759e-12)
(1.08025e-11 1.31863e-11 2.467e-11)
(5.21552e-13 5.43606e-12 1.96058e-11)
(1.33019e-12 2.01172e-12 -1.94992e-11)
(2.93339e-12 -2.33354e-12 -2.52682e-12)
(9.04396e-12 2.80985e-14 1.02924e-12)
(6.27684e-12 -3.26298e-12 8.7689e-14)
(4.50479e-12 4.32566e-12 -9.91477e-12)
(3.42881e-12 1.17424e-13 8.75914e-12)
(1.80496e-11 -4.50299e-11 9.22718e-12)
(3.48392e-11 3.7988e-11 -4.7105e-12)
(-4.92315e-11 1.90685e-11 -4.69939e-12)
(-4.61923e-12 -7.71972e-12 -5.40686e-13)
(1.80767e-11 1.11204e-11 -1.00937e-11)
(-2.10517e-12 2.24475e-12 4.49487e-12)
(1.3853e-11 2.11588e-12 1.37694e-11)
(-2.85412e-11 6.86315e-12 -2.66658e-12)
(-4.60881e-11 -1.45622e-11 -8.01324e-12)
(-8.13093e-11 -1.36911e-10 -6.30081e-12)
(-1.43961e-12 3.01316e-11 5.84414e-12)
(1.2409e-10 1.12906e-10 1.03604e-11)
(-1.59192e-10 -6.26664e-12 -5.26098e-12)
(6.67376e-11 -1.23419e-10 1.91584e-11)
(-4.59044e-11 8.84908e-11 1.12348e-11)
(-1.01884e-09 -1.35491e-09 -3.56228e-11)
(-7.47854e-10 7.41777e-10 -9.04386e-11)
(8.29813e-11 1.24942e-10 4.52656e-11)
(2.76446e-11 -4.45615e-12 -4.33099e-11)
(1.24359e-11 -2.57651e-11 -1.06611e-11)
(-2.15424e-11 2.03845e-11 -1.63762e-11)
(-6.27532e-10 -3.80908e-09 1.24146e-10)
(1.72954e-11 -9.14961e-12 3.69695e-11)
(3.41863e-11 -1.32504e-11 5.23686e-12)
(-3.40405e-11 -1.53314e-11 8.04475e-12)
(1.18363e-11 6.28841e-12 9.33529e-12)
(7.20495e-11 5.5436e-12 -1.73915e-11)
(2.15457e-11 3.81895e-12 -5.2642e-12)
(-3.99504e-11 8.93122e-13 1.27956e-11)
(-1.50574e-10 -3.05358e-11 -5.53091e-12)
(1.64244e-10 -1.79273e-11 -2.04963e-11)
(-6.99616e-11 3.9096e-11 5.79309e-11)
(-2.49591e-11 3.77183e-11 4.0928e-11)
(2.6218e-11 -5.68349e-11 -2.0079e-11)
(-1.30761e-11 -5.98732e-11 -1.6282e-11)
(-9.50994e-13 5.20697e-11 4.45829e-12)
(1.58017e-11 -1.12179e-11 -9.13468e-12)
(6.86744e-11 6.73786e-11 2.59407e-11)
(2.1249e-11 1.82558e-11 1.22092e-11)
(-3.31997e-12 -5.1713e-11 -3.48113e-13)
(3.12397e-11 -4.45511e-11 6.78319e-12)
(-4.09991e-11 3.97359e-11 1.45084e-11)
(-3.11607e-12 -8.59318e-13 -6.64538e-11)
(-8.09135e-12 -1.04375e-10 1.5173e-10)
(-1.09148e-10 -8.11988e-11 4.86145e-11)
(-2.71059e-10 1.2521e-11 2.741e-10)
(1.3363e-12 9.95793e-11 -5.36353e-11)
(-6.67912e-11 -2.06363e-10 1.81516e-11)
(1.69245e-10 1.78844e-10 -1.65354e-12)
(-1.36343e-10 6.18039e-11 4.47452e-11)
(3.5731e-10 5.54115e-11 -1.83975e-11)
(1.46686e-11 2.39377e-12 -1.22088e-10)
(-2.37251e-09 -3.67096e-10 -7.23048e-11)
(3.61017e-12 8.40917e-10 9.24825e-11)
(1.75941e-09 -1.02217e-09 2.95072e-11)
(7.17353e-10 1.24558e-09 1.24177e-11)
(-3.75425e-10 -1.38247e-09 4.83193e-11)
(3.72514e-10 -2.45199e-10 -7.13817e-11)
(-2.20855e-10 4.23175e-10 7.34214e-12)
(7.78812e-11 -1.40542e-10 2.97551e-11)
(1.59929e-10 -1.04925e-10 1.41292e-11)
(-6.81719e-12 2.09897e-11 -1.39822e-11)
(-3.95251e-12 6.37112e-12 -1.59814e-13)
(1.06561e-11 -1.04484e-11 6.56524e-12)
(-4.28934e-12 -2.5273e-11 -4.11389e-12)
(3.28267e-12 -1.22468e-12 5.223e-12)
(3.58068e-12 2.16313e-12 7.50732e-12)
(-3.22483e-12 -4.49753e-11 -8.45797e-12)
(6.14264e-11 5.52892e-11 1.83545e-11)
(8.08749e-12 -5.7555e-11 -3.20127e-11)
(2.00492e-12 -1.77472e-11 -7.70223e-12)
(-3.87791e-12 1.15755e-11 6.70987e-12)
(2.52153e-10 1.24577e-10 1.1517e-11)
(1.01346e-12 1.06759e-11 1.42743e-11)
(-9.67137e-12 -9.76553e-13 -2.12945e-11)
(1.13489e-11 -2.52024e-11 7.68987e-12)
(3.21205e-12 1.25819e-11 -9.69978e-12)
(-3.98091e-12 1.42047e-12 1.86215e-11)
(5.79948e-13 -4.04936e-12 -8.92244e-12)
(1.74516e-12 -1.61712e-12 -9.0669e-13)
(-6.10732e-12 4.53922e-12 4.88444e-12)
(2.70044e-11 -6.66142e-11 3.95722e-12)
(4.04833e-11 6.51596e-11 -7.31899e-12)
(1.38421e-12 1.35148e-11 -1.50355e-11)
(1.08424e-11 3.79712e-12 4.71867e-12)
(5.91039e-12 -8.03719e-12 1.39268e-11)
(-1.09712e-11 -4.00235e-12 -2.54697e-11)
(2.01167e-11 -2.81635e-12 -1.61257e-11)
(-6.27951e-12 -1.4586e-11 4.1899e-11)
(-3.88061e-12 9.77187e-12 6.72565e-12)
(-1.61672e-11 -2.43797e-12 1.56813e-11)
(-1.994e-11 2.57428e-11 3.62422e-12)
(-2.69067e-11 7.17805e-11 -2.73629e-12)
(-4.32514e-11 -8.38311e-11 7.89921e-12)
(3.75732e-11 -2.30099e-11 4.58345e-11)
(-1.99645e-11 -6.79677e-12 -4.44145e-12)
(-1.37155e-09 -3.0758e-09 1.77704e-11)
(2.11556e-09 2.35787e-09 -1.73693e-10)
(-2.63747e-11 1.45935e-11 -2.36719e-11)
(7.57892e-12 2.36848e-11 2.00555e-11)
(4.29499e-11 -1.91592e-11 -2.19247e-11)
(5.87474e-12 -1.28776e-11 -2.28992e-12)
(-1.31681e-11 -2.1076e-12 -2.73945e-12)
(6.33005e-12 -1.52819e-11 -1.83033e-11)
(-6.48592e-10 -9.3306e-10 -2.42139e-11)
(-2.33231e-10 8.96752e-10 3.18837e-11)
(3.16649e-10 -3.857e-10 -2.70325e-11)
(-1.39661e-10 -1.7079e-11 2.59809e-11)
(1.71015e-11 -2.19578e-13 -3.38414e-11)
(-1.58193e-10 3.82351e-10 2.27513e-11)
(2.23849e-10 -4.3486e-10 -1.83167e-11)
(2.46858e-12 9.63435e-14 3.73056e-11)
(-1.39148e-11 8.97199e-12 -1.1498e-11)
(-1.51337e-11 7.02745e-12 2.95702e-12)
(-2.01795e-11 5.01411e-11 1.89388e-11)
(5.68766e-11 -1.48016e-11 4.45066e-11)
(-2.54731e-11 -1.98173e-11 -5.63414e-12)
(2.29295e-11 -4.30778e-11 2.17213e-11)
(-4.04151e-12 1.40228e-11 -3.87587e-11)
(-1.29151e-11 -8.6726e-12 9.54771e-12)
(6.84609e-11 4.31703e-12 6.6346e-11)
(1.05296e-11 4.08972e-11 -4.63026e-11)
(4.22108e-11 4.71236e-12 2.64167e-11)
(1.16947e-10 -6.24816e-11 1.55292e-11)
(-1.00034e-10 1.03653e-10 -1.69899e-11)
(9.47153e-11 -7.35706e-11 -6.79561e-11)
(-6.01896e-10 -4.61322e-10 -1.04164e-10)
(-4.02202e-11 7.33506e-11 3.59167e-11)
(3.85225e-09 -1.39434e-09 -8.24368e-11)
(-5.79962e-10 -4.75607e-09 4.5965e-11)
(-3.91983e-10 4.34751e-10 -3.1566e-11)
(-3.08408e-10 -2.33945e-11 3.3317e-11)
(-1.82062e-11 -4.41981e-11 1.19728e-11)
(-5.6073e-11 2.30111e-10 -2.73269e-11)
(-5.67744e-11 2.83628e-11 -1.2766e-11)
(4.82883e-10 1.25525e-10 -4.50943e-11)
(-1.26666e-11 2.67918e-11 -2.52674e-11)
(-5.41747e-12 -1.30062e-11 -3.78644e-12)
(-6.66157e-10 -1.57389e-09 -1.94981e-11)
(-9.47043e-11 -3.57176e-11 1.73415e-11)
(-8.57575e-12 1.47421e-10 2.74755e-11)
(-4.62267e-11 -2.34095e-12 -1.13836e-11)
(5.18711e-11 -1.15845e-10 -3.68521e-12)
(-5.63532e-11 -3.94112e-11 -2.17184e-11)
(-3.79296e-09 -1.71234e-09 6.96299e-11)
(1.18187e-11 1.01128e-11 1.32397e-11)
(-1.33321e-11 5.70756e-11 5.75949e-12)
(2.0853e-11 1.01727e-11 -1.36601e-11)
(-3.69434e-11 -4.98817e-11 8.82152e-12)
(4.38316e-11 1.24539e-12 -2.68362e-11)
(-1.43323e-12 3.96218e-12 -3.7362e-12)
(2.66655e-12 -7.39178e-12 -4.32668e-13)
(1.54087e-11 2.40818e-11 3.96227e-12)
(-4.0174e-11 -4.63175e-11 6.2031e-12)
(2.46446e-12 5.59875e-11 -5.94649e-12)
(2.24161e-12 1.73351e-12 -1.71842e-11)
(-5.39772e-12 5.50108e-12 -9.48081e-13)
(-1.93456e-11 3.13115e-12 1.34846e-12)
(1.56656e-11 1.44142e-11 1.19565e-12)
(-6.09417e-12 3.02797e-12 -1.35626e-11)
(1.51036e-11 1.8994e-11 -3.2952e-11)
(-3.66039e-12 1.45262e-12 9.01838e-12)
(4.33681e-12 -7.37109e-12 1.1959e-11)
(-5.12282e-12 6.83073e-13 -1.80285e-11)
(2.66891e-11 -2.37473e-11 2.2337e-13)
(-3.57055e-12 1.88293e-12 3.06026e-11)
(-2.40654e-11 1.45503e-11 -1.57413e-11)
(-8.9505e-12 -6.29159e-12 -1.55353e-12)
(-1.74782e-11 -1.21778e-11 -2.63629e-11)
(1.73476e-11 3.81483e-12 8.06499e-12)
(2.10342e-11 1.72237e-11 7.15857e-12)
(1.3888e-11 -2.33406e-11 -1.44629e-11)
(-9.8235e-12 -2.81368e-11 -1.13613e-12)
(8.3204e-12 -1.14587e-11 -3.92598e-12)
(-4.76408e-11 -1.18337e-11 2.2134e-11)
(1.81757e-09 2.716e-09 2.88931e-11)
(-3.58933e-10 1.58312e-10 9.71851e-12)
(-1.69312e-09 -1.4786e-09 -2.28562e-11)
(3.71474e-11 -8.53527e-12 -6.82574e-12)
(-2.3492e-11 3.14594e-12 2.32127e-11)
(9.17608e-11 3.06956e-11 7.7214e-12)
(-3.47014e-10 3.01893e-10 1.14672e-11)
(-4.38194e-11 7.44149e-11 -2.78348e-12)
(-1.68328e-10 5.01819e-10 4.1325e-11)
(-1.08381e-10 2.51301e-11 -3.65112e-11)
(-4.93711e-11 1.04382e-11 -3.65618e-11)
(5.55853e-11 -1.56005e-11 1.80758e-11)
(2.23822e-11 -7.5335e-10 2.93329e-11)
(-2.93964e-09 2.71642e-10 -1.0435e-10)
(-1.65271e-10 6.22424e-10 -4.885e-11)
(-1.86461e-10 -1.11659e-10 -1.55573e-10)
(-2.38063e-10 -3.59729e-10 9.49031e-11)
(-2.9667e-11 1.42878e-11 -1.27128e-10)
(-4.05667e-11 -7.81169e-12 -1.06645e-10)
(9.24204e-12 4.31681e-11 7.58553e-11)
(1.45085e-11 -2.22989e-11 8.02906e-11)
(1.72826e-10 1.2549e-10 -1.4604e-11)
(-3.7288e-11 -2.16166e-10 4.19909e-11)
(4.77169e-10 -4.62008e-10 4.19877e-11)
(-2.97243e-10 2.2186e-11 -2.35587e-10)
(4.24627e-11 2.90295e-11 -1.20041e-10)
(-7.79156e-10 1.07372e-10 7.64035e-11)
(9.72831e-10 -1.09087e-09 3.63869e-10)
(1.25922e-10 -1.16723e-10 -1.22711e-12)
(3.3296e-10 -4.34656e-11 -5.59966e-12)
(-2.88142e-11 1.16962e-10 4.19687e-13)
(3.08477e-11 -1.12996e-11 6.63191e-12)
(7.24977e-13 -3.84541e-11 -1.78533e-11)
(1.65856e-12 1.93602e-12 7.53101e-13)
(2.17837e-11 -2.1781e-10 2.14438e-11)
(1.55669e-10 5.39127e-11 -3.14406e-12)
(3.18707e-10 2.49264e-09 -9.6998e-11)
(-1.72418e-10 9.26004e-11 -6.33557e-12)
(6.06512e-11 8.80567e-11 -1.39004e-11)
(-1.03821e-10 -3.54926e-11 -1.35062e-11)
(-3.45733e-11 -1.04323e-11 -8.13163e-13)
(-2.6159e-11 -2.35763e-11 2.59049e-11)
(1.52392e-12 -6.95717e-12 4.52003e-12)
(-1.42006e-12 -6.69614e-11 -8.63957e-12)
(-3.29275e-12 1.63052e-11 -1.85547e-12)
(-9.58789e-12 -5.1236e-12 6.79692e-12)
(7.2228e-13 -2.6923e-12 -1.05501e-11)
(-2.00546e-11 -2.6668e-12 2.64038e-12)
(-1.33316e-11 -1.29389e-11 1.71353e-11)
(-4.37638e-12 -2.35135e-12 6.83096e-12)
(1.79342e-11 1.23613e-12 -4.75192e-12)
(-1.64615e-11 4.20359e-13 -3.55889e-12)
(1.32714e-11 -9.38986e-12 5.30114e-12)
(-1.30183e-11 -1.81766e-12 6.8549e-13)
(6.41348e-12 2.57963e-12 4.26797e-12)
(-4.88555e-12 5.01677e-13 -4.39644e-12)
(4.13958e-11 -7.0988e-11 2.58467e-11)
(3.47723e-11 4.11496e-11 3.3851e-12)
(-3.63941e-11 -4.30349e-15 -3.44396e-12)
(-9.8215e-12 1.50513e-12 -4.27167e-12)
(1.02521e-11 -1.82403e-11 1.09143e-11)
(3.2788e-12 -1.05573e-11 1.53836e-13)
(2.55607e-11 -6.73252e-11 -1.54983e-11)
(1.43886e-11 -2.68553e-11 -1.84897e-12)
(6.01149e-12 -1.92662e-11 -2.12212e-11)
(-1.83929e-11 1.81922e-11 6.4806e-12)
(-7.7673e-11 -1.61753e-09 1.50481e-11)
(-1.77358e-10 -2.34944e-10 -1.86283e-10)
(-5.88986e-10 -4.99659e-09 3.02028e-10)
(-4.52687e-10 5.22873e-10 -1.58246e-10)
(-1.76478e-10 -7.92517e-10 1.20789e-10)
(-5.45913e-09 -7.81975e-09 -1.68009e-10)
(1.29334e-10 4.01837e-10 -9.99856e-11)
(1.27244e-11 4.50888e-11 4.31706e-11)
(5.14771e-11 8.52853e-11 -3.68689e-11)
(3.44755e-11 5.35324e-11 -5.33061e-11)
(-4.51439e-11 -3.14329e-12 1.59216e-11)
(-6.87642e-10 -1.26269e-09 4.92133e-11)
(2.35563e-11 -2.76755e-11 -1.39041e-11)
(-2.83118e-11 -4.57853e-11 -2.11114e-11)
(-5.78646e-11 2.63114e-11 -2.77547e-12)
(-2.06619e-12 -7.94778e-11 -1.40969e-11)
(-6.39301e-10 8.66568e-10 -1.17193e-11)
(-4.47342e-12 -1.41966e-11 1.72005e-11)
(7.653e-10 -8.8714e-10 -1.62607e-12)
(3.97178e-12 -6.13282e-11 2.81257e-11)
(-6.95521e-10 8.90217e-10 2.7128e-12)
(2.91e-11 -2.56175e-11 3.54704e-11)
(-1.34933e-10 1.31588e-10 -1.06516e-10)
(5.23163e-09 8.9791e-10 4.99862e-11)
(4.12019e-09 -4.68984e-09 2.88979e-11)
(-1.96585e-09 -5.46378e-09 9.63085e-11)
(2.2767e-09 5.08076e-09 -4.91917e-11)
(7.11824e-12 9.65369e-11 -1.69065e-11)
(-3.0854e-11 -3.38763e-11 8.8424e-11)
(3.37874e-11 -4.23775e-11 -2.79212e-11)
(-8.00951e-12 1.9498e-11 -3.5886e-11)
(-3.08418e-11 -4.0862e-11 -1.11741e-10)
(-3.91199e-12 4.55388e-11 4.87091e-11)
(9.97637e-11 4.23922e-11 9.93381e-11)
(1.00346e-12 1.85784e-10 -1.50668e-11)
(9.08824e-12 3.61478e-11 -2.07723e-11)
(1.88604e-10 -4.68506e-10 2.26006e-10)
(-4.21094e-10 -8.9729e-12 -7.45545e-11)
(-3.63417e-11 2.60504e-10 -1.10739e-10)
(3.60471e-10 2.54239e-10 3.85186e-10)
(3.06786e-10 7.73134e-11 -5.3912e-10)
(-3.86614e-10 9.58252e-11 2.22322e-10)
(4.39557e-11 4.21989e-11 -1.15666e-10)
(6.80941e-11 -5.2448e-11 -8.35218e-12)
(-6.45026e-11 -2.79412e-11 -5.39125e-11)
(-3.70018e-12 1.02762e-12 8.42711e-12)
(1.2479e-11 2.41217e-12 -7.06783e-12)
(-1.03554e-11 3.59563e-12 8.18393e-13)
(6.45149e-10 3.42529e-10 1.45918e-11)
(6.86431e-11 -5.18776e-11 7.49337e-12)
(2.76465e-11 7.30925e-12 8.07111e-12)
(1.22407e-10 1.52455e-09 -2.31541e-11)
(-2.49695e-11 4.50928e-12 1.20549e-11)
(2.24416e-11 -1.51603e-13 -5.70752e-12)
(-1.23219e-11 -7.12368e-12 7.07281e-12)
(1.48485e-11 -1.96826e-12 -7.92869e-12)
(-1.12904e-11 1.60087e-11 -8.00489e-12)
(2.60098e-11 3.17401e-11 1.56138e-11)
(1.71519e-11 -9.94797e-12 7.50951e-12)
(-2.76667e-10 1.72723e-11 -4.45404e-11)
(-1.997e-11 1.46335e-12 2.69457e-12)
(-1.95263e-12 2.00677e-11 -2.47489e-12)
(1.47561e-11 3.79697e-12 -1.5593e-12)
(-8.78193e-12 4.86324e-13 -8.30828e-13)
(1.29279e-11 -1.08366e-11 -2.14911e-12)
(5.86281e-12 3.79874e-12 -4.89587e-13)
(-1.12285e-11 -9.11313e-12 2.21651e-13)
(5.93194e-12 -6.77275e-13 3.70156e-13)
(6.42e-12 -1.0623e-11 5.9876e-12)
(1.04378e-11 -1.00684e-11 4.27569e-12)
(-6.83629e-12 -2.44731e-12 -3.89414e-12)
(1.06571e-11 -3.4999e-12 2.83568e-12)
(-1.68011e-11 9.72495e-12 4.33051e-12)
(-1.53681e-11 5.64211e-11 4.26711e-12)
(-3.86913e-11 2.23533e-11 -1.45719e-11)
(1.91709e-11 -2.44758e-11 -1.16573e-11)
(-5.88435e-11 -1.25443e-10 -1.52786e-10)
(9.58113e-11 1.40573e-10 1.25288e-10)
(4.79505e-09 6.92035e-09 1.2087e-10)
(-4.65108e-11 7.93086e-12 -4.15607e-11)
(9.53331e-11 5.58106e-11 -2.20785e-11)
(-1.08215e-10 -2.18271e-11 4.34202e-11)
(6.88771e-11 4.53499e-12 -4.95411e-12)
(-2.21111e-11 -6.26765e-11 1.90504e-11)
(7.47481e-12 2.64584e-11 1.67101e-11)
(-1.75451e-12 5.7424e-11 1.45187e-12)
(2.27493e-11 -1.3559e-11 -3.67869e-12)
(2.46506e-11 1.31895e-11 -1.33478e-11)
(-1.63979e-11 -2.79553e-11 1.26198e-12)
(-1.15355e-11 -8.11311e-12 1.46485e-11)
(3.63522e-11 -1.10353e-11 -2.47063e-12)
(5.01538e-11 2.10633e-11 -1.80514e-11)
(-7.84409e-11 -1.01909e-11 1.57433e-12)
(7.50596e-12 -5.6945e-11 -9.48316e-12)
(7.33409e-11 -3.98833e-12 -3.4256e-12)
(-2.65335e-10 4.18203e-10 8.4029e-11)
(8.94986e-11 -1.03882e-10 8.92198e-11)
(-8.67086e-11 -1.7148e-10 -1.25005e-10)
(-3.39898e-09 1.36359e-09 4.78038e-11)
(1.73139e-10 -4.80274e-11 -4.67485e-11)
(-1.26575e-10 -2.52122e-11 1.10509e-10)
(1.74205e-10 -3.0347e-11 -6.7354e-11)
(4.40572e-11 -1.33789e-11 -1.35987e-11)
(-4.68943e-11 6.04633e-11 8.33836e-11)
(-3.69262e-11 3.52157e-11 -2.90373e-11)
(-3.8229e-11 1.80955e-11 -1.89601e-11)
(3.92125e-11 -4.30268e-11 2.79811e-11)
(1.0366e-10 -1.04861e-09 -4.07994e-10)
(1.86087e-11 1.14698e-09 -5.49564e-10)
(-2.94189e-11 -7.80084e-12 -1.10797e-10)
(-3.49777e-11 3.45887e-11 4.43829e-11)
(2.11945e-11 -2.10448e-11 1.13055e-12)
(4.18882e-12 4.53161e-11 5.05121e-11)
(6.90032e-10 -9.82939e-10 3.69785e-10)
(-6.75972e-11 -7.58929e-11 -6.07947e-11)
(-6.09621e-11 -3.82021e-10 -2.81722e-11)
(-1.66152e-10 4.89622e-10 4.11303e-10)
(-1.77347e-10 4.6865e-11 5.15565e-11)
(-7.34601e-10 -7.49745e-10 1.01014e-10)
(6.21088e-11 -1.91215e-10 2.02386e-10)
(4.45658e-12 -8.7486e-13 -3.63892e-12)
(-6.39334e-12 -6.38175e-12 4.80848e-12)
(2.36084e-09 3.24059e-10 5.86208e-11)
(4.19088e-09 2.37513e-09 -1.06915e-10)
(1.83214e-09 2.98642e-10 -3.8725e-11)
(-1.84786e-09 -2.50092e-09 8.66835e-11)
(5.93569e-11 2.61676e-11 1.15729e-11)
(-8.23942e-12 1.34371e-11 -1.36294e-11)
(-8.65574e-12 4.69705e-11 9.96724e-12)
(-2.57089e-11 -6.28926e-12 -5.55979e-12)
(2.51299e-12 -3.34549e-12 1.38986e-11)
(-1.08624e-09 2.06213e-10 1.61191e-11)
(-8.97003e-12 -4.18917e-12 -5.07448e-12)
(1.03038e-11 3.0008e-12 4.68841e-12)
(2.66287e-12 -2.18774e-12 2.96855e-12)
(7.21545e-12 -5.72814e-12 -3.01176e-13)
(-9.59923e-12 3.781e-12 3.02477e-13)
(-4.61788e-12 3.25734e-12 -1.29536e-12)
(-8.37034e-12 -4.43455e-12 -4.64829e-12)
(-6.32974e-12 1.37356e-11 3.55219e-12)
(1.21996e-11 4.69704e-13 -3.77052e-12)
(-2.58903e-12 -9.39464e-12 -5.57477e-12)
(-2.14015e-12 2.57528e-12 6.06442e-12)
(4.37263e-12 1.97138e-12 6.65297e-12)
(-6.78387e-12 -6.80434e-12 -2.34424e-13)
(2.6208e-13 2.50678e-12 1.13342e-11)
(3.74338e-12 -6.07919e-12 8.7058e-12)
(2.33902e-11 2.034e-11 1.50805e-11)
(7.1712e-11 3.02048e-11 1.12946e-11)
(1.66579e-11 4.86935e-11 3.76115e-11)
(-3.53825e-11 -1.38056e-11 3.93174e-11)
(-8.46766e-12 -3.18861e-11 -4.27563e-11)
(7.89981e-11 1.54807e-10 1.38423e-10)
(3.6877e-11 2.03706e-11 5.79581e-12)
(-2.69509e-11 8.19366e-13 -1.1263e-11)
(5.62248e-12 -1.61685e-11 -5.53156e-12)
(-3.76598e-12 -4.46048e-11 1.18675e-12)
(-3.51469e-11 9.96165e-12 -2.47405e-11)
(-4.7884e-11 -1.06478e-11 2.36147e-11)
(1.95145e-11 1.4223e-11 -5.72677e-12)
(-2.24955e-11 2.3471e-13 1.12018e-11)
(2.31428e-11 -1.26211e-11 2.08725e-11)
(-1.02221e-11 -2.65034e-12 5.60665e-12)
(-6.73738e-11 -4.16672e-11 -1.37009e-10)
(9.28043e-11 1.32941e-11 -1.57131e-11)
(-9.8415e-11 8.76626e-11 1.77153e-10)
(-7.58197e-12 -3.05667e-11 5.2039e-11)
(-1.31754e-10 -9.7268e-11 1.52818e-10)
(-2.31623e-11 3.79311e-11 -8.28543e-11)
(-6.13196e-11 -3.62423e-11 1.59376e-11)
(1.70893e-10 -8.06703e-11 2.26981e-11)
(1.29011e-11 5.16274e-11 -6.20636e-11)
(-4.78959e-11 -5.99857e-11 -4.58955e-11)
(1.75048e-10 3.82938e-12 5.32712e-11)
(-3.0003e-11 1.08064e-10 1.54626e-10)
(1.16141e-10 8.83286e-11 -2.48347e-10)
(3.04144e-11 -1.26913e-10 -1.65178e-10)
(-1.97324e-10 3.38092e-11 1.27421e-10)
(-3.25703e-10 4.12705e-10 -1.00279e-10)
(-5.30714e-09 -1.45851e-09 -5.30545e-11)
(5.17883e-09 1.6029e-09 3.9418e-11)
(-3.46309e-11 -2.67548e-10 9.35417e-11)
(-8.76931e-11 2.54217e-11 5.6588e-11)
(-2.38796e-12 1.03063e-10 -2.55889e-11)
(2.85807e-11 1.88051e-11 4.21685e-11)
(1.29884e-10 2.22562e-11 -1.4006e-10)
(-3.45245e-11 -4.55584e-11 -3.08172e-11)
(-9.03612e-11 -7.17593e-11 -3.25327e-11)
(1.34933e-10 2.32416e-11 1.51092e-11)
(4.02469e-11 1.30141e-10 -1.59288e-11)
(-5.28313e-12 -1.66106e-10 -1.2529e-10)
(2.19038e-11 1.72479e-10 4.25139e-11)
(9.56084e-10 7.2176e-10 -2.11501e-10)
(-6.76522e-10 -2.3182e-10 3.63679e-10)
(-2.08382e-10 6.45728e-10 -1.44703e-10)
(6.28531e-10 1.49935e-10 -1.84958e-10)
(5.45136e-10 5.49226e-11 2.38394e-11)
(-1.06608e-11 -3.98975e-13 -6.96866e-12)
(1.05204e-11 5.28438e-12 -1.01977e-11)
(2.90051e-12 -5.79093e-12 7.97519e-12)
(2.04596e-11 1.61882e-11 -1.51186e-11)
(5.74409e-10 4.86449e-09 -8.43791e-11)
(4.67587e-11 -1.03864e-10 4.85138e-11)
(3.48064e-11 3.58265e-11 -3.20207e-11)
(1.24823e-11 4.24137e-11 -1.93382e-11)
(2.79316e-11 -1.11789e-11 -5.55169e-12)
(-1.24349e-11 -1.46696e-11 -1.23384e-11)
(-1.16534e-12 1.59166e-11 -3.67208e-12)
(-1.8443e-11 2.22467e-11 2.69401e-11)
(1.26666e-09 2.09393e-09 -8.60311e-12)
(6.94084e-12 -1.31752e-11 -1.0649e-11)
(4.91331e-10 9.14779e-10 -3.7877e-11)
(-1.20245e-12 1.54911e-11 -2.93034e-11)
(-8.88754e-12 -1.35878e-11 -2.258e-11)
(-1.61674e-11 -2.38237e-11 1.27409e-11)
(1.31962e-11 5.85295e-12 -8.41068e-12)
(-1.15725e-11 2.35437e-12 2.47617e-12)
(1.44255e-11 -5.7054e-12 5.29809e-13)
(-1.00037e-11 -4.81818e-12 4.20428e-12)
(1.51529e-11 2.32962e-11 3.75115e-12)
(8.83653e-12 1.42596e-12 -2.96738e-12)
(-2.19492e-12 9.28514e-12 2.57783e-12)
(-2.33806e-12 -1.67091e-13 -8.71304e-12)
(3.95636e-12 9.08721e-13 -1.22108e-11)
(1.29139e-12 7.72584e-12 3.82774e-12)
(-6.86177e-12 4.94911e-12 2.48032e-12)
(-1.50047e-11 -2.17212e-11 -2.5203e-11)
(2.98711e-11 -4.20103e-11 1.91351e-11)
(-2.33817e-11 -1.12615e-10 -1.86917e-11)
(1.83105e-11 -3.57454e-11 -6.66945e-11)
(-3.22756e-11 3.68785e-11 2.37575e-11)
(3.30124e-12 5.57228e-11 3.54907e-11)
(-4.47988e-11 -1.1597e-11 -1.29589e-10)
(8.64568e-11 -6.93441e-11 -4.04673e-11)
(-4.6423e-12 7.25448e-12 1.85201e-10)
(-3.04847e-11 1.60547e-10 -7.79704e-11)
(7.09988e-10 9.27969e-11 5.11131e-11)
(-1.16245e-11 -6.80402e-13 -1.18382e-10)
(8.50538e-11 -8.27623e-11 3.61374e-11)
(4.69401e-11 9.2093e-12 -5.97586e-11)
(2.1161e-11 -4.95389e-11 -3.93416e-10)
(8.33997e-11 7.73965e-12 6.97804e-12)
(7.25469e-11 9.13222e-11 -2.138e-10)
(-5.29621e-11 -6.75582e-11 -2.98522e-11)
(4.65128e-11 -2.43546e-11 1.03931e-11)
(1.82213e-11 9.0144e-11 -5.48927e-12)
(3.95686e-11 1.9912e-11 -5.50663e-11)
(-6.47974e-11 -7.15539e-11 -9.6655e-11)
(1.12926e-11 8.26547e-12 -9.00548e-13)
(-1.71285e-10 -2.24542e-11 1.51579e-10)
(-3.50405e-12 -1.96479e-11 -2.82585e-10)
(2.35174e-11 -5.21277e-11 1.66379e-10)
(4.00703e-09 1.24567e-09 5.36662e-11)
(-1.04833e-09 -5.05015e-09 -2.00186e-11)
(-4.37039e-09 2.48757e-09 -1.18362e-11)
(-2.79902e-10 2.20096e-11 -1.36836e-11)
(1.19426e-10 -4.74491e-11 -2.03949e-10)
(-4.81871e-11 -1.27993e-11 1.08638e-10)
(6.22375e-11 -1.89277e-11 -2.4318e-10)
(1.91101e-10 5.53103e-10 7.44596e-11)
(-1.25072e-10 -4.91184e-09 -1.67164e-10)
(5.10348e-10 -4.10915e-10 -2.11025e-10)
(8.07833e-11 6.99008e-11 3.04049e-12)
(-8.34676e-10 3.75939e-10 1.11758e-10)
(-1.53521e-10 -2.48283e-11 -3.60261e-11)
(-4.01217e-10 -3.98363e-10 4.26334e-11)
(1.19838e-11 -2.93493e-11 2.70142e-11)
(-6.43785e-12 3.00206e-11 -7.08941e-11)
(-1.46596e-09 -8.15251e-10 7.44719e-11)
(-1.65408e-10 -3.32506e-10 -2.90564e-10)
(-5.73547e-10 2.17446e-10 3.51797e-11)
(1.67533e-11 -3.86322e-11 8.49128e-11)
(-1.60502e-11 -1.20461e-11 1.471e-12)
(2.05528e-10 2.55054e-11 6.00276e-11)
(-1.49616e-11 1.82815e-11 -1.22935e-10)
(-1.41743e-11 5.47727e-11 4.31157e-11)
(-4.07043e-11 -2.26325e-11 6.36882e-11)
(-7.25759e-10 3.97965e-10 -2.21983e-10)
(-2.80529e-11 -1.27237e-11 4.39059e-11)
(2.95146e-11 4.41788e-11 5.18977e-12)
(2.99901e-11 -4.869e-11 -3.29067e-11)
(2.08601e-11 1.78558e-11 -8.51702e-12)
(9.36068e-12 -1.57068e-11 -7.53704e-12)
(7.47836e-10 7.79617e-10 2.84558e-11)
(-6.91038e-10 -8.44381e-10 1.67173e-11)
(4.02013e-11 -1.04955e-10 2.64119e-11)
(-2.06706e-11 3.83529e-11 -8.00637e-12)
(2.48891e-11 1.21839e-11 2.13458e-11)
(-5.35291e-11 8.11514e-11 -1.52745e-11)
(1.25756e-11 2.1738e-11 -1.10555e-11)
(5.58509e-12 -8.17414e-12 -6.00615e-12)
(1.87002e-11 6.0423e-12 -7.99552e-12)
(1.89993e-12 -1.91019e-11 -3.21987e-12)
(-1.1229e-11 -2.41157e-11 1.54272e-11)
(-1.84728e-11 6.80992e-12 3.98722e-12)
(-4.08456e-12 4.55534e-11 6.92843e-12)
(-2.84373e-12 -2.25985e-11 1.12081e-12)
(-4.07836e-11 -2.36082e-11 -4.17456e-12)
(1.96744e-11 1.31516e-11 6.32857e-13)
(-4.13831e-12 -1.8873e-11 2.14195e-11)
(8.05161e-12 -1.73422e-11 4.28018e-12)
(-7.41641e-13 -9.20175e-12 1.90532e-11)
(-1.44514e-11 2.13388e-11 -1.01476e-12)
(6.21647e-12 1.4922e-11 1.94218e-11)
(1.21215e-10 -3.63172e-11 5.82985e-12)
(-9.56736e-11 -1.21685e-10 2.65492e-12)
(4.8847e-11 -1.32583e-11 2.78766e-11)
(5.42488e-13 -1.12979e-10 2.75674e-10)
(2.50754e-11 1.56468e-10 -2.77708e-10)
(7.12809e-11 -1.61633e-10 2.04813e-10)
(-8.34527e-10 -1.29651e-11 -5.05101e-11)
(-2.01591e-11 -8.2044e-11 1.29122e-10)
(-3.90009e-11 -8.54855e-11 -2.30272e-10)
(5.81978e-11 4.85175e-11 4.68708e-10)
(1.83023e-09 2.93181e-09 -2.21133e-10)
(-4.69944e-10 -2.68976e-09 4.38766e-10)
(4.04484e-11 1.08848e-10 -1.03618e-12)
(-2.49112e-11 -1.24581e-10 -4.4674e-11)
(-8.18044e-12 1.79876e-11 8.69158e-11)
(9.7421e-11 5.9543e-10 -3.01936e-12)
(-2.00974e-11 1.32345e-10 -2.66015e-11)
(9.19891e-11 1.09056e-10 2.67834e-11)
(1.48296e-10 -1.29759e-10 -2.21217e-10)
(-1.0151e-10 6.06914e-10 9.44115e-11)
(-4.66156e-12 1.56621e-10 1.8207e-10)
(5.55243e-11 -1.93841e-10 -1.23753e-10)
(-2.25679e-10 -1.77953e-10 8.19873e-11)
(-1.28508e-10 -9.12973e-11 8.43429e-11)
(-4.29836e-11 6.17958e-11 -2.46672e-10)
(-1.08236e-10 3.416e-11 1.60706e-10)
(1.20429e-10 -1.41134e-11 -2.08812e-10)
(-1.37737e-10 3.99736e-11 1.90508e-10)
(-9.66673e-12 -1.91992e-12 -6.47856e-11)
(-1.26851e-10 1.17908e-11 1.364e-10)
(-2.2174e-10 -1.92249e-10 1.28634e-10)
(3.94324e-10 8.91638e-11 -1.53767e-10)
(3.5166e-10 -5.54947e-10 -9.82761e-11)
(-6.1308e-11 -2.64301e-11 -2.35548e-11)
(9.77115e-11 2.05409e-10 1.97193e-11)
(-1.71074e-10 3.76053e-11 1.79749e-11)
(3.00363e-11 -1.19883e-10 -5.36447e-11)
(-5.62303e-11 -1.47083e-10 3.81036e-11)
(3.29419e-11 1.50422e-10 4.83776e-11)
(1.61485e-10 -3.04892e-11 2.43651e-11)
(5.34228e-10 -8.84322e-12 -2.16668e-11)
(-6.58858e-12 -7.23627e-11 5.18459e-12)
(8.1171e-11 6.49705e-10 -8.46681e-12)
(3.90312e-10 6.51232e-11 7.61912e-12)
(-2.18983e-12 3.19855e-11 -4.66391e-11)
(-3.36085e-11 -2.31208e-11 2.78207e-11)
(4.68371e-11 -3.70039e-11 -4.20853e-11)
(1.77537e-11 9.16781e-12 9.28908e-12)
(1.59809e-11 5.16697e-13 -3.5881e-11)
(-4.70409e-11 1.83152e-11 2.49347e-12)
(-9.32414e-12 -3.89045e-11 8.80861e-11)
(-4.9301e-10 2.79931e-10 7.84106e-11)
(1.13945e-09 4.63876e-09 -1.0951e-10)
(-6.88243e-10 4.21491e-11 3.39993e-12)
(9.54744e-12 -6.54326e-12 1.86291e-11)
(3.84678e-11 -1.96109e-11 2.50059e-11)
(2.39847e-11 -1.04577e-10 2.29983e-11)
(-7.11757e-12 2.14671e-11 -1.52134e-11)
(1.38158e-11 -1.26133e-11 2.19357e-11)
(-3.11669e-11 7.12022e-11 -1.8134e-11)
(1.09506e-11 2.08298e-11 1.61954e-11)
(-3.19737e-11 4.36762e-12 -2.09572e-11)
(-1.90142e-12 -3.58428e-11 -1.60864e-11)
(-5.13506e-12 1.32089e-11 9.17954e-12)
(2.16868e-11 -2.03076e-11 1.49106e-11)
(1.71107e-12 -2.43512e-11 -1.67362e-11)
(2.25113e-11 7.99315e-11 -1.14091e-11)
(-7.3813e-12 6.75366e-11 1.96089e-11)
(4.73442e-11 -9.45418e-11 -1.15649e-11)
(-5.68251e-12 1.17697e-11 -3.93594e-11)
(1.25648e-11 4.10558e-12 -3.3926e-11)
(-1.1839e-10 -9.66915e-11 4.40036e-11)
(1.3297e-10 1.0658e-10 -5.8728e-11)
(-3.71621e-11 5.39929e-11 -3.43596e-11)
(-1.65951e-11 -7.57124e-12 7.63004e-11)
(-2.12599e-11 -8.68651e-11 8.67098e-11)
(2.59651e-11 7.33593e-11 -2.2271e-10)
(1.09969e-09 -4.6569e-09 3.39445e-10)
(9.62879e-10 1.45129e-09 8.83425e-11)
(-1.01111e-11 2.33574e-10 2.76663e-10)
(-2.51311e-11 -1.70543e-10 -4.00396e-10)
(1.2026e-09 2.29361e-09 9.84883e-11)
(-3.23814e-11 1.0359e-10 2.2394e-10)
(-1.4325e-11 -6.28396e-11 -7.82801e-11)
(4.13921e-12 1.19964e-10 2.0516e-10)
(-5.27652e-11 -1.09546e-10 -1.86622e-10)
(-8.59502e-11 2.71482e-11 7.85084e-11)
(-1.57474e-12 9.26247e-12 9.65621e-11)
(-3.03172e-11 9.42024e-12 -7.54678e-11)
(3.00122e-11 8.41495e-11 -1.79222e-10)
(2.09706e-11 8.49906e-12 1.18416e-10)
(5.72606e-11 -2.46286e-12 1.33252e-10)
(5.73664e-11 -2.20204e-10 -1.04643e-10)
(-1.46703e-10 -2.94734e-10 1.03852e-10)
(4.72084e-10 3.55684e-10 4.35351e-11)
(1.42767e-10 -2.17163e-10 -2.74535e-10)
(4.98095e-10 4.89997e-11 -2.84758e-10)
(-2.06764e-10 1.98625e-10 1.47912e-11)
(8.5159e-11 -1.24549e-10 1.71981e-10)
(-9.45879e-11 1.65565e-10 1.62178e-10)
(1.11672e-10 3.60962e-11 3.82326e-11)
(-9.75843e-11 4.42744e-11 3.48864e-11)
(2.95045e-10 1.16703e-10 2.41428e-11)
(6.85165e-11 -5.04673e-11 -7.59527e-11)
(-1.60151e-10 -2.18926e-10 8.59268e-11)
(-1.38482e-10 3.78045e-11 -1.1635e-10)
(1.70089e-09 -1.56382e-09 -5.4616e-12)
(-1.05142e-09 2.6968e-09 7.08848e-11)
(2.77543e-10 -2.66312e-09 1.23047e-11)
(3.20728e-10 5.33912e-12 2.42559e-11)
(4.26865e-11 2.17439e-10 3.74993e-11)
(-3.44424e-10 5.0761e-11 -1.54904e-11)
(1.75027e-10 1.68537e-10 3.65615e-11)
(-2.81698e-10 -4.45654e-10 2.01011e-11)
(-5.10179e-10 -2.85716e-10 1.63581e-11)
(8.76177e-10 5.0786e-11 -4.80018e-11)
(4.05902e-09 -7.05835e-11 -1.10887e-10)
(1.29711e-11 1.38395e-11 7.56803e-11)
(-1.92097e-11 5.78804e-11 -4.99919e-12)
(-6.68344e-11 -3.65618e-11 8.00523e-11)
(-3.87725e-11 4.72926e-11 4.69904e-11)
(1.55692e-12 -5.13927e-12 -1.15578e-10)
(-1.17713e-11 6.38323e-11 -3.56998e-11)
(-1.03196e-12 -1.61846e-10 4.32248e-11)
(1.70523e-10 2.66943e-10 -4.8705e-11)
(1.92628e-09 -2.04777e-09 -5.1119e-11)
(3.28355e-11 -2.42004e-11 -1.09268e-11)
(-1.07229e-09 2.64734e-09 -7.35915e-11)
(-1.16238e-09 3.18186e-09 -1.36728e-10)
(-1.82617e-11 -7.2475e-12 -1.63736e-11)
(-8.65699e-12 6.20477e-11 -9.75305e-13)
(-5.25665e-12 -1.78535e-13 1.4311e-11)
(8.08095e-12 -2.13312e-11 1.45673e-11)
(4.69531e-11 -3.29405e-11 2.1343e-11)
(2.52833e-11 -1.59203e-12 2.00308e-11)
(-1.79602e-11 6.17409e-11 -5.1984e-12)
(6.31354e-13 7.16813e-12 3.05115e-12)
(-1.64591e-12 1.07169e-11 -9.45842e-12)
(-2.78046e-12 -3.82151e-12 1.63887e-11)
(-2.59074e-11 8.48727e-12 -3.94596e-12)
(4.27913e-11 9.70513e-13 2.02957e-11)
(1.14208e-11 -6.57206e-11 -1.95803e-11)
(-1.6412e-11 3.85913e-11 -3.58799e-11)
(-2.15638e-11 5.98879e-11 2.124e-11)
(4.15894e-11 -3.82634e-11 -3.14954e-11)
(-9.98671e-12 -3.57616e-11 2.72371e-11)
(9.36147e-11 1.35627e-10 -3.63207e-11)
(4.96805e-12 -9.47772e-12 -3.38234e-11)
(-3.32452e-11 -3.58216e-11 -2.72791e-10)
(-9.619e-11 -1.57645e-10 -1.9794e-10)
(9.46981e-10 1.38522e-09 2.14261e-10)
(-9.61769e-10 -1.38866e-09 -1.72525e-10)
(1.23593e-10 3.07556e-11 1.1267e-10)
(-1.50436e-10 -5.62893e-11 -1.83355e-10)
(-1.12529e-10 1.15169e-10 -1.8518e-10)
(7.61823e-11 -4.05562e-11 -2.24337e-11)
(2.02972e-11 4.45864e-11 2.09734e-11)
(2.04059e-11 -3.35568e-11 -6.46408e-11)
(-4.11996e-11 2.37096e-11 6.66394e-12)
(3.46253e-10 -4.54426e-10 -1.28047e-10)
(2.42854e-11 -3.72104e-11 -1.01655e-11)
(-3.33783e-10 4.43623e-10 -3.97211e-11)
(5.00795e-10 2.11097e-11 -6.35173e-11)
(-8.02196e-10 -1.27442e-10 -1.52967e-10)
(6.37912e-10 -1.68938e-10 1.70154e-10)
(-6.81679e-11 -6.75185e-11 -1.08584e-10)
(-1.89109e-10 -2.62726e-10 -7.23681e-11)
(5.956e-11 4.06777e-10 -1.06113e-10)
(5.29031e-11 -1.74085e-10 1.52109e-10)
(-1.23801e-09 1.3234e-09 -3.36937e-11)
(4.95118e-10 -2.4314e-09 1.10389e-09)
(1.59425e-09 1.97935e-10 -1.61825e-09)
(2.07501e-10 4.12755e-10 -1.78677e-11)
(-1.10327e-10 4.78291e-11 -2.56213e-11)
(6.78183e-11 -7.99214e-11 -1.25146e-10)
(1.28689e-10 -6.91009e-11 -7.6059e-11)
(7.42129e-11 5.29145e-11 -4.34034e-11)
(-2.44938e-10 1.98851e-10 -1.38088e-11)
(-1.37544e-10 7.53432e-11 -1.22332e-10)
(-1.24329e-11 1.36069e-10 2.04475e-10)
(-9.49692e-11 -3.3372e-11 2.01792e-10)
(1.05565e-10 -6.76044e-11 9.52518e-11)
(8.76349e-10 1.38574e-09 -1.16432e-10)
(-3.81378e-10 1.24489e-13 -4.25288e-11)
(1.83393e-10 -8.33209e-10 7.14587e-11)
(3.63572e-11 4.32315e-11 -7.07851e-11)
(-2.45894e-10 -1.18243e-09 5.31326e-11)
(-9.71006e-10 -1.9218e-09 -2.88434e-10)
(1.47402e-09 1.36612e-09 1.85635e-10)
(2.67415e-09 8.49132e-10 -1.22319e-11)
(9.32244e-11 1.30005e-11 -7.2353e-11)
(-1.08308e-10 4.05308e-11 1.26703e-10)
(-2.44039e-11 -1.48689e-11 -2.40948e-11)
(9.5035e-12 5.96182e-12 1.17546e-11)
(1.26802e-11 -3.76032e-11 -1.75107e-11)
(6.09835e-11 5.21927e-11 5.35075e-12)
(1.25449e-10 7.29774e-11 -1.73776e-10)
(-5.34617e-11 -1.11436e-11 -6.96863e-11)
(7.84749e-11 -2.78595e-11 -7.48922e-12)
(-6.80887e-11 6.57465e-11 -2.4485e-11)
(-3.09893e-10 -1.60885e-11 1.66806e-11)
(-4.13068e-11 7.40241e-11 1.13446e-11)
(6.08141e-12 -9.85623e-11 -9.64246e-12)
(-5.54354e-11 -6.73477e-11 -3.15146e-12)
(-1.12488e-10 2.9639e-11 -4.88472e-12)
(3.43831e-11 -5.31477e-11 7.83332e-12)
(-6.97923e-12 6.49998e-11 -5.34135e-11)
(7.62044e-12 -1.36861e-11 -1.4463e-11)
(-2.19681e-11 1.59897e-11 5.22878e-11)
(5.32684e-13 -1.67032e-11 -2.36566e-11)
(-1.36385e-11 1.4976e-11 3.40777e-11)
(-2.86954e-11 3.02143e-12 -2.38521e-11)
(-1.27182e-11 -3.11881e-11 8.51696e-12)
(1.04511e-10 1.34026e-11 -1.16132e-11)
(-3.66329e-11 9.20403e-11 8.31481e-12)
(-3.39983e-12 1.61899e-11 -7.84482e-12)
(-1.39511e-11 8.67497e-12 8.48511e-12)
(2.98368e-11 1.88763e-11 3.23979e-12)
(1.70426e-14 -9.70071e-12 -1.86238e-11)
(2.30634e-11 -6.21718e-12 2.22637e-11)
(1.36211e-12 -7.03317e-11 2.49362e-11)
(1.46663e-10 2.37864e-10 1.18827e-11)
(-7.18877e-11 -1.31721e-10 9.96262e-13)
(1.42662e-11 -1.90171e-11 5.51863e-11)
(2.9338e-10 8.15798e-11 -3.91615e-11)
(-2.76823e-11 9.55413e-12 -5.08061e-11)
(-1.06267e-09 3.51618e-11 5.77687e-11)
(-1.9456e-10 2.68918e-12 -4.66471e-11)
(1.2161e-10 -1.03245e-10 1.23988e-10)
(-5.49833e-11 -3.44389e-11 -1.81845e-12)
(2.24721e-10 -3.55884e-10 3.65046e-11)
(3.57657e-11 1.52416e-11 -9.46636e-12)
(-3.53127e-11 1.39902e-11 2.37416e-11)
(-3.2912e-11 3.7268e-13 4.23542e-12)
(-1.71627e-11 4.90963e-11 4.39406e-12)
(-2.48783e-11 1.32359e-11 5.2916e-12)
(4.3475e-11 -6.55856e-11 2.00489e-11)
(2.48211e-11 -2.50406e-11 -2.09022e-11)
(-2.65962e-10 4.12238e-10 2.45552e-11)
(-1.01098e-09 -9.38569e-10 7.39076e-11)
(-4.81522e-10 4.58946e-10 -2.1188e-10)
(2.12267e-10 2.58649e-10 2.30803e-10)
(-1.39914e-10 8.41239e-12 -2.80494e-10)
(-1.50772e-11 1.47828e-10 8.88134e-12)
(-8.81562e-10 -1.84602e-09 -3.33921e-10)
(-1.06882e-11 2.6762e-10 -1.552e-10)
(1.73943e-10 1.83502e-10 7.05513e-11)
(-6.15979e-10 -7.76868e-10 1.52329e-10)
(5.64881e-11 8.03534e-10 -1.12934e-10)
(4.0893e-11 1.238e-11 -7.73259e-11)
(-5.77695e-11 6.8964e-11 1.26181e-10)
(7.19846e-11 -5.66096e-11 -1.15778e-10)
(-8.94851e-11 1.42912e-11 -1.00641e-10)
(-5.27159e-11 2.51767e-11 1.41711e-10)
(-4.28313e-11 4.06386e-11 7.63752e-11)
(-1.18179e-10 1.24228e-10 -3.25645e-11)
(6.26113e-11 -6.47686e-11 5.5431e-11)
(1.8904e-10 -6.21586e-11 -6.33707e-11)
(-2.28035e-10 -5.89811e-10 4.63757e-12)
(-3.57123e-10 4.73474e-10 6.79165e-11)
(1.06639e-09 -1.20558e-09 1.25473e-11)
(-8.20083e-10 -7.9379e-10 -3.47784e-11)
(1.92647e-10 1.30913e-09 2.8753e-11)
(-4.87388e-10 -1.33817e-09 -1.13318e-11)
(-1.18299e-09 8.42769e-10 -3.90394e-11)
(-7.06464e-09 7.00815e-09 -4.6789e-11)
(1.77296e-10 5.81672e-11 -1.19164e-10)
(1.28277e-09 -8.28582e-10 1.85489e-10)
(2.53035e-09 4.20956e-09 2.05454e-10)
(-2.17111e-11 -2.53042e-10 -4.08539e-10)
(5.88411e-10 1.98321e-09 -4.48621e-10)
(1.00911e-10 9.69405e-11 1.32195e-10)
(3.87967e-09 -5.55371e-09 -2.13614e-10)
(4.76436e-11 -6.98918e-12 9.61628e-12)
(4.20285e-10 -7.31752e-10 -5.12371e-11)
(-4.19588e-10 -2.48143e-10 -8.59534e-12)
(1.67314e-11 2.41161e-11 -1.45376e-11)
(8.08994e-11 1.22681e-10 8.16832e-12)
(-5.7542e-11 -2.241e-11 -8.55432e-12)
(1.18046e-10 -5.38602e-11 -4.10893e-11)
(-5.43368e-11 9.77545e-11 6.04913e-11)
(5.60542e-11 3.34734e-10 -5.25031e-11)
(2.41282e-11 -2.85799e-11 -6.22483e-11)
(-5.48975e-11 1.94618e-11 7.76117e-11)
(1.46982e-11 7.17722e-12 -4.07883e-11)
(-6.34495e-11 -8.76662e-11 2.03447e-11)
(-2.68295e-10 1.28467e-10 -1.57298e-11)
(-2.27724e-11 2.70733e-11 -3.57312e-11)
(3.52791e-11 -8.93801e-11 1.30152e-11)
(2.05166e-11 -3.99884e-13 -4.50823e-12)
(-1.7004e-11 -1.6385e-11 3.24799e-11)
(1.94442e-11 -1.78398e-11 -1.52544e-11)
(7.55654e-13 5.17647e-11 -1.50516e-11)
(-1.63483e-11 1.14148e-11 4.98098e-11)
(1.83237e-12 -1.15701e-11 -4.84531e-11)
(1.70831e-09 9.76092e-10 4.49555e-11)
(-8.09126e-11 -9.03674e-10 -1.2185e-10)
(6.45637e-10 -2.55507e-09 3.32905e-11)
(-1.12952e-09 1.30445e-10 -4.36576e-11)
(3.97073e-10 3.2073e-09 -5.56141e-12)
(-6.32081e-11 -1.97652e-10 3.14744e-11)
(1.9597e-10 4.66013e-11 -4.01795e-11)
(3.54092e-10 6.62588e-10 3.70455e-11)
(2.35676e-11 -4.53795e-12 3.67535e-11)
(-6.0751e-11 -3.29725e-11 1.46302e-11)
(1.01695e-11 -1.20227e-10 2.37627e-12)
(3.482e-11 4.14169e-11 4.68538e-12)
(2.81621e-11 1.14812e-10 -3.62871e-11)
(8.77687e-12 -3.8365e-11 -1.3039e-11)
(1.0853e-11 4.16282e-11 -1.93417e-11)
(-9.03349e-11 9.06674e-11 1.46082e-10)
(2.98095e-11 -1.56086e-10 1.25689e-10)
(4.13015e-10 6.13205e-10 -7.30393e-12)
(-3.53675e-11 1.65368e-10 -9.07882e-11)
(-3.42805e-09 4.35725e-09 2.00124e-10)
(3.35758e-09 -4.61695e-09 -2.59904e-10)
(1.14114e-11 1.75205e-10 4.42572e-10)
(-2.48935e-10 -1.32691e-10 5.17445e-10)
(8.89415e-11 -1.98607e-10 6.60059e-11)
(4.71374e-11 -3.89683e-10 2.22587e-10)
(-2.60384e-11 2.45187e-10 2.86883e-11)
(-3.68638e-10 1.43705e-10 3.5583e-11)
(-1.5929e-10 -2.44714e-10 -1.56514e-09)
(1.54343e-10 1.13051e-12 -1.40487e-09)
(-5.85736e-11 1.06359e-10 8.02595e-11)
(2.13433e-11 -6.7263e-11 -1.35177e-10)
(-4.44913e-11 3.91935e-11 4.80343e-11)
(-3.16981e-11 -4.19682e-12 -1.36489e-10)
(-8.72368e-11 7.64813e-11 -1.00645e-10)
(-3.31149e-10 5.19772e-10 2.12935e-10)
(-1.23249e-10 -8.27974e-10 -2.04846e-10)
(5.28772e-10 -3.36435e-10 -2.25792e-10)
(7.10365e-10 9.19204e-10 4.35047e-11)
(-1.12399e-09 2.36273e-10 1.50345e-11)
(5.0694e-10 -5.51758e-10 -3.70952e-11)
(1.07e-10 -2.21139e-11 4.20884e-11)
(-5.13767e-10 -7.38558e-10 4.76796e-11)
(2.06162e-10 1.03064e-10 -1.11818e-10)
(-1.0116e-10 4.17908e-10 3.73844e-10)
(-3.68265e-10 -3.95114e-11 -3.03471e-10)
(3.44996e-10 1.03473e-12 2.73916e-10)
(-3.11037e-10 3.21535e-11 1.44525e-10)
(3.37578e-11 -2.93231e-11 8.46246e-10)
(-2.72008e-10 -1.02097e-09 -7.36866e-10)
(-2.46906e-09 3.77958e-11 -1.71037e-10)
(2.69314e-09 9.31292e-10 3.92804e-10)
(2.76304e-10 9.85261e-11 4.92618e-10)
(-4.13472e-09 5.51497e-09 -5.16076e-11)
(1.30774e-10 4.36509e-10 2.30335e-10)
(2.06677e-09 -1.09494e-09 9.38201e-11)
(7.27609e-10 9.10048e-10 2.56216e-10)
(-6.27692e-12 7.9824e-12 -2.32398e-11)
(-1.61204e-12 -2.14131e-12 3.01042e-12)
(4.60351e-11 3.55104e-11 1.25143e-11)
(1.41689e-12 -4.50829e-11 -5.39906e-12)
(7.27055e-12 3.32393e-11 9.91201e-12)
(2.34266e-10 -4.50141e-10 -1.96723e-11)
(-5.94733e-10 1.46802e-10 -9.9781e-12)
(1.66051e-11 -5.14505e-11 -9.26198e-12)
(-1.62998e-10 2.82653e-09 -5.95299e-11)
(3.64725e-11 3.5998e-11 -1.47954e-10)
(5.55955e-10 -1.80244e-10 4.86213e-11)
(8.06522e-11 -5.81315e-12 4.89356e-11)
(-2.51212e-11 2.5768e-11 -4.97871e-11)
(-2.04403e-10 -1.88619e-09 5.23956e-11)
(-2.58767e-11 -1.17376e-13 3.27507e-11)
(-7.36289e-10 -3.94373e-10 4.87609e-12)
(-6.57011e-12 4.74906e-11 -2.54048e-11)
(2.62774e-10 4.27856e-10 -2.00093e-10)
(-2.32827e-10 -3.6088e-10 -1.09465e-12)
(2.86684e-11 2.9646e-11 -4.13578e-11)
(-7.81136e-11 -3.031e-11 1.77985e-11)
(2.38349e-11 4.66065e-11 2.65338e-11)
(8.88215e-11 1.485e-10 4.74309e-11)
(-2.7352e-10 -4.7534e-10 -4.74151e-11)
(-5.65224e-11 -4.67296e-11 1.31444e-11)
(3.42759e-11 4.44777e-11 -3.89808e-13)
(6.01802e-11 1.14072e-10 -3.96854e-13)
(-8.72975e-11 -7.65454e-11 -1.22532e-11)
(-6.434e-11 -6.43512e-11 -2.37447e-11)
(-2.89396e-12 8.17064e-11 -2.14273e-11)
(1.9875e-11 4.26416e-11 -4.38478e-12)
(2.89856e-11 -7.62796e-11 1.04352e-11)
(-1.22657e-11 -1.06712e-10 -3.2339e-11)
(2.32629e-11 8.53447e-11 6.80224e-13)
(3.27677e-11 1.04467e-10 -3.72414e-11)
(-4.62508e-11 -7.03525e-11 2.97202e-11)
(-3.43663e-09 1.50042e-09 -3.34394e-11)
(7.42322e-10 -6.6451e-10 2.10528e-10)
(-1.61753e-10 4.95995e-11 4.43241e-11)
(8.60238e-11 1.4877e-11 -1.47035e-11)
(-1.73038e-10 -7.30286e-11 -3.70391e-11)
(-1.35515e-11 -3.56647e-10 3.34767e-11)
(1.04803e-10 -6.61283e-11 -4.9615e-11)
(-1.01151e-10 9.79626e-11 4.15019e-11)
(1.43182e-09 -1.1345e-09 8.86232e-11)
(3.65016e-11 -6.42596e-11 -6.5699e-11)
(-7.52211e-11 6.46042e-13 1.39131e-10)
(7.60065e-11 -4.38919e-11 -6.55594e-11)
(-5.70611e-11 9.21993e-12 1.47037e-10)
(-1.15149e-11 -1.11982e-12 -1.43361e-10)
(7.80136e-11 -2.75242e-11 4.09709e-11)
(9.47669e-10 1.99785e-09 -3.34008e-10)
(-1.48e-09 -4.44967e-10 8.30344e-11)
(7.27982e-10 -7.67172e-09 -9.10541e-10)
(9.27307e-10 5.46216e-09 -6.28376e-10)
(-1.03069e-10 -5.85928e-10 2.36765e-10)
(3.61975e-11 1.01902e-10 -7.08546e-10)
(-2.61402e-10 4.37836e-10 -4.88655e-10)
(8.09008e-11 -2.84676e-10 -9.84954e-11)
(2.88243e-10 -1.2679e-10 1.99879e-10)
(4.22942e-10 3.54414e-11 -1.58562e-10)
(-4.29867e-10 -5.52906e-11 -2.68189e-10)
(-2.20524e-10 -2.13366e-09 3.4858e-10)
(-2.52201e-09 -4.9009e-10 -7.07328e-10)
(-3.07115e-10 -3.22964e-10 -2.60796e-10)
(1.82462e-10 -2.09354e-10 4.7709e-12)
(2.17142e-12 1.37237e-10 -4.36262e-11)
(1.08069e-10 -2.33515e-10 9.83963e-11)
(5.06925e-10 1.11166e-10 9.80055e-11)
(-4.59041e-11 -2.57344e-11 2.21503e-11)
(-1.30818e-10 1.84532e-10 -5.20747e-11)
(5.3452e-12 2.9834e-11 1.99557e-11)
(8.66145e-12 -4.33569e-11 -2.88947e-11)
(-1.69355e-11 -2.47802e-11 -6.53275e-12)
(7.82347e-13 5.68906e-11 2.0627e-12)
(-4.25516e-13 4.76809e-11 -5.45365e-11)
(-9.94411e-10 -1.11321e-09 6.90217e-14)
(-9.79795e-10 -1.91564e-09 -2.32102e-12)
(1.86428e-09 -3.04381e-09 1.96368e-11)
(-4.65636e-10 -2.55269e-10 -1.92022e-10)
(-1.19562e-09 4.92439e-09 -2.04557e-11)
(-3.64001e-10 6.16087e-10 -2.11676e-11)
(-1.86962e-10 -8.02475e-10 -5.40424e-10)
(4.34355e-11 4.64295e-11 -1.36348e-11)
(-9.30386e-12 -4.61779e-11 3.15543e-11)
(-1.4402e-11 5.35089e-11 -2.11901e-11)
(9.65103e-11 4.46444e-11 -2.40072e-11)
(8.61263e-12 -4.07013e-11 8.46096e-12)
(4.86447e-11 -1.09378e-11 1.51959e-11)
(-3.06352e-11 8.61156e-12 -2.87965e-11)
(3.60194e-11 7.07456e-12 2.46333e-11)
(-3.23939e-11 6.4912e-12 -9.72497e-12)
(3.79087e-11 2.51571e-11 8.15054e-12)
(3.39607e-11 -2.51958e-12 5.53483e-12)
(1.06588e-11 7.00837e-11 -3.97756e-11)
(2.73838e-11 -1.59173e-11 -3.42152e-11)
(-7.6754e-11 -3.97231e-11 -1.7108e-11)
(6.8959e-11 3.36778e-11 2.05275e-11)
(-4.24857e-10 -5.94586e-11 3.36902e-11)
(1.37277e-11 -2.56705e-11 3.52153e-12)
(1.4429e-11 7.5694e-11 -2.50954e-11)
(-2.56323e-12 2.37724e-11 -1.9798e-11)
(-1.291e-11 -7.86388e-11 1.19372e-11)
(5.00575e-11 -3.16592e-11 -4.18513e-12)
(-7.21702e-11 -1.7164e-11 -4.31132e-12)
(7.00747e-11 7.06418e-11 -3.56611e-12)
(-9.00959e-11 -7.54064e-11 -5.30813e-13)
(7.01222e-11 5.99722e-11 1.41071e-11)
(-3.4771e-11 -1.91231e-11 -1.09074e-10)
(2.53207e-12 -2.97072e-12 -1.36381e-10)
(2.90726e-09 3.32054e-10 -5.66619e-11)
(-4.39747e-10 -5.93116e-11 7.79577e-11)
(9.72798e-13 -4.5266e-11 3.71856e-11)
(-2.7896e-11 9.77833e-11 -1.67872e-11)
(-2.35666e-11 -1.36161e-10 3.9935e-11)
(8.4819e-11 7.27087e-11 -4.29409e-11)
(-3.43528e-11 8.91434e-11 3.18122e-11)
(-5.93039e-10 4.38243e-10 -8.48601e-12)
(1.34014e-10 3.60351e-11 1.67556e-11)
(9.33282e-11 -2.37043e-11 -2.09915e-10)
(-5.5734e-09 4.33234e-09 2.67967e-10)
(-5.34772e-10 -1.40325e-09 -2.4837e-10)
(6.28902e-10 1.70239e-09 -1.23465e-10)
(-4.37661e-09 -3.44943e-09 -3.48412e-10)
(-7.08418e-10 6.97493e-10 -2.75919e-09)
(4.75535e-09 2.24556e-09 3.83096e-10)
(-3.53141e-09 9.37979e-09 1.14131e-10)
(-6.63222e-09 7.60709e-10 3.84347e-10)
(6.27778e-09 -1.08426e-08 -2.50153e-10)
(9.8014e-10 -8.49562e-10 7.95387e-10)
(3.51475e-09 -4.28022e-09 1.59391e-10)
(2.99066e-10 1.36236e-12 5.10878e-10)
(-6.0764e-10 1.86465e-09 -7.77444e-11)
(-1.1826e-10 4.68883e-11 -2.5654e-10)
(2.09379e-10 8.8024e-11 1.67291e-10)
(-5.91348e-10 3.41079e-10 -6.32743e-10)
(-2.30828e-11 -7.14649e-11 3.09004e-11)
(3.79871e-10 -3.59835e-10 1.16341e-10)
(-5.65937e-10 -5.23119e-12 1.01195e-11)
(1.11734e-09 8.77101e-12 -2.377e-11)
(2.14397e-09 -1.7213e-11 -6.78751e-11)
(-2.17859e-09 1.09621e-09 -3.2729e-11)
(-5.23582e-11 1.53534e-12 4.14501e-11)
(1.62272e-10 1.88223e-10 -1.6699e-11)
(1.15515e-10 -3.78388e-11 1.55114e-10)
(-2.88641e-10 -8.61154e-11 -1.20046e-10)
(4.64113e-11 1.05242e-10 4.9724e-10)
(6.775e-12 2.80727e-11 1.47312e-10)
(4.33014e-11 -8.99275e-11 -1.65621e-10)
(1.25712e-10 9.45814e-11 1.54351e-10)
(3.83319e-12 1.36535e-10 -1.0419e-10)
(-4.95588e-11 4.56223e-11 1.05386e-10)
(4.83902e-11 -7.01918e-11 -7.96876e-11)
(-3.72949e-11 2.67869e-11 1.18452e-10)
(4.1516e-11 -1.9541e-11 -8.34389e-11)
(-7.60586e-11 2.75429e-11 -4.88039e-11)
(1.28395e-10 -1.01562e-10 9.67136e-11)
(1.08759e-09 1.58199e-09 7.2051e-11)
(8.88304e-11 8.8709e-11 -1.09428e-10)
(-5.12975e-11 -1.34096e-10 -1.17872e-10)
(3.4113e-09 -5.2547e-10 1.11673e-10)
(3.76495e-11 -6.16121e-11 -4.50541e-11)
(-8.26344e-11 5.42186e-11 1.72414e-11)
(2.56049e-11 1.00573e-10 -2.21993e-11)
(4.44019e-11 4.00218e-11 -5.82294e-12)
(-6.23637e-12 -1.10025e-10 1.80588e-11)
(-3.43575e-11 -1.5963e-11 3.52819e-11)
(-4.57208e-11 2.48641e-11 -1.70604e-11)
(1.01978e-11 -5.70287e-11 1.53035e-11)
(2.56911e-11 -3.86453e-12 1.63432e-11)
(1.59064e-12 7.09843e-11 -4.17735e-11)
(1.03255e-10 -1.20071e-10 -1.4912e-11)
(1.86364e-10 2.40001e-10 8.44465e-12)
(-5.05358e-11 -2.57069e-11 -1.23865e-11)
(1.37411e-10 3.70618e-10 4.47004e-12)
(9.04164e-11 7.84341e-11 2.04514e-11)
(2.52462e-10 -3.14397e-10 4.20351e-11)
(-7.91819e-11 -2.20834e-10 9.82816e-12)
(5.59021e-11 2.17791e-10 -2.30481e-12)
(-2.8719e-11 -2.05959e-10 -2.18727e-11)
(1.3153e-11 -3.31897e-12 -1.59599e-11)
(4.35005e-11 1.91286e-10 3.26663e-11)
(8.70086e-11 4.68207e-11 2.94478e-11)
(-2.58193e-10 -6.3837e-11 -3.30394e-11)
(-7.64945e-11 -6.3486e-11 -1.7061e-11)
(-1.30288e-11 -1.02837e-10 2.27924e-11)
(6.98579e-11 4.82984e-11 -1.9557e-11)
(-1.34182e-10 7.37071e-11 -1.25757e-12)
(8.14435e-11 -4.27822e-11 2.9824e-11)
(-8.19343e-11 -5.26512e-11 7.52869e-11)
(-1.46613e-10 1.43466e-10 -8.78281e-11)
(-5.26726e-11 -4.29347e-11 5.42329e-11)
(5.78621e-11 6.54527e-11 1.31962e-13)
(5.10104e-12 -1.56176e-10 -2.30183e-11)
(-1.45993e-11 2.17958e-10 2.12667e-11)
(-1.26748e-10 -6.70986e-11 -9.11945e-11)
(-1.03071e-10 5.94849e-10 1.28762e-10)
(2.03941e-10 8.31774e-10 1.17307e-10)
(-5.72485e-11 -9.82657e-10 -3.42612e-11)
(-1.60837e-08 -1.39845e-08 -1.30603e-12)
(-7.46162e-10 -7.25328e-09 2.37562e-10)
(3.16164e-09 4.72973e-09 4.30563e-09)
(5.4286e-09 -2.53688e-09 -1.32587e-09)
(-2.15386e-09 -5.32036e-09 -2.47564e-10)
(-7.35753e-10 2.42482e-09 -6.30158e-10)
(-9.25337e-09 8.789e-09 -3.70398e-11)
(1.7248e-08 6.07079e-09 1.01853e-10)
(-7.26313e-09 -1.72052e-08 6.15048e-12)
(1.30078e-10 -5.20434e-10 8.66145e-11)
(4.83757e-11 1.89784e-10 -3.33645e-10)
(3.95367e-11 3.15082e-11 -6.71839e-13)
(5.6957e-10 -2.56271e-11 -2.29176e-10)
(-1.12114e-09 7.58243e-12 5.80228e-12)
(1.18237e-09 9.16627e-10 6.02091e-11)
(-3.11965e-09 7.1727e-10 -4.58177e-11)
(1.32713e-09 -1.64497e-09 -2.79635e-10)
(-1.14399e-10 4.11876e-12 3.09491e-12)
(-5.75739e-10 -3.5407e-10 -3.00823e-10)
(-3.8826e-11 -9.25078e-11 8.30945e-11)
(9.20493e-12 -7.30693e-12 -1.14064e-10)
(-9.68505e-11 3.79927e-11 8.41552e-12)
(1.92282e-11 -6.23797e-11 1.88975e-11)
(-7.24496e-11 2.16607e-11 1.82868e-11)
(-9.27358e-11 -3.55447e-11 -4.42855e-12)
(-5.62983e-11 -3.76023e-11 1.1574e-10)
(-3.38549e-11 -1.17576e-10 2.72327e-11)
(6.17161e-11 1.08713e-10 2.05395e-11)
(1.85178e-11 -7.03895e-12 5.04946e-11)
(6.69672e-12 -1.33206e-10 1.25861e-11)
(-3.94302e-11 1.28665e-10 -2.40748e-11)
(-3.29167e-11 4.4377e-11 7.47123e-11)
(-2.66336e-11 -4.88045e-11 -6.28289e-12)
(4.759e-11 -3.86607e-11 -2.88431e-11)
(-7.62478e-11 2.77929e-11 5.42878e-11)
(-1.78139e-10 -1.79439e-11 1.31184e-11)
(1.08342e-11 -3.64203e-11 2.35574e-11)
(2.7323e-11 2.05902e-11 -7.56609e-12)
(-7.78539e-11 -9.34964e-11 -4.15764e-11)
(3.77612e-11 9.59161e-11 -4.69624e-11)
(-6.68417e-12 -7.74606e-11 4.36573e-11)
(1.3354e-11 8.22061e-11 -1.15343e-11)
(3.41939e-10 1.99993e-10 -1.63188e-11)
(-1.08892e-11 -7.47255e-11 -7.05972e-12)
(-1.18185e-11 -1.2436e-11 -3.35184e-11)
(3.51999e-11 6.00334e-11 1.06465e-12)
(-1.45992e-11 1.07776e-11 2.1288e-11)
(-5.39299e-11 -5.57483e-11 -7.58925e-12)
(2.0623e-11 -5.71211e-12 -2.58119e-11)
(6.10044e-11 5.76131e-11 -1.23099e-11)
(1.36113e-11 -4.56654e-11 6.3359e-12)
(-5.11925e-11 -2.48429e-11 -8.80175e-12)
(1.81698e-11 5.02507e-11 2.76279e-13)
(-3.06128e-11 1.38697e-11 1.59721e-11)
(-3.4307e-12 -1.56997e-11 5.06367e-12)
(-7.14492e-12 -6.4788e-11 1.37245e-11)
(-1.03239e-10 -4.00537e-12 3.25571e-12)
(3.97777e-11 8.64588e-11 -2.27021e-11)
(2.30504e-10 1.54927e-10 -1.12849e-13)
(-4.15308e-11 -1.44398e-10 -3.27724e-11)
(2.16486e-10 1.15408e-10 -2.9687e-11)
(1.65671e-10 -7.57481e-11 -2.03353e-11)
(-9.82972e-11 2.7363e-10 -2.47289e-11)
(7.63498e-11 1.02021e-10 3.12967e-11)
(1.99023e-11 1.18523e-10 -4.72342e-11)
(-5.93247e-11 -6.65782e-11 -8.11784e-11)
(7.49485e-11 7.47414e-11 1.04365e-10)
(-7.4446e-11 -1.36332e-10 -1.72408e-10)
(-1.3914e-11 7.9461e-13 1.39035e-10)
(7.25215e-11 -1.96101e-11 -6.53315e-11)
(-2.07497e-10 8.46261e-11 5.55278e-11)
(-1.35272e-09 -5.99635e-10 4.02874e-11)
(1.49885e-10 -8.28326e-10 -5.99867e-11)
(4.71131e-09 -4.81328e-09 1.71699e-10)
(-6.59846e-09 -1.48749e-10 -2.89828e-11)
(1.58723e-09 5.8292e-09 -5.67318e-11)
(4.28886e-10 -6.77814e-10 5.49923e-11)
(1.62651e-10 8.89792e-11 -4.39348e-10)
(1.95093e-09 -1.05728e-09 1.74918e-10)
(1.23866e-09 3.238e-09 -1.96219e-10)
(1.59534e-09 -2.28857e-09 1.03934e-10)
(1.52444e-11 3.93406e-10 1.19453e-10)
(1.27718e-10 -9.8969e-11 4.16254e-11)
(-1.51657e-09 -1.85356e-09 2.64795e-12)
(2.78866e-11 1.0342e-10 2.92935e-11)
(9.47578e-10 2.02846e-09 4.31008e-10)
(5.86074e-11 -9.76201e-11 -2.73829e-10)
(-1.44916e-09 1.51116e-09 2.96378e-10)
(2.36595e-09 1.80387e-11 -4.00621e-10)
(4.67515e-09 2.76681e-09 -6.30536e-11)
(4.13657e-11 -7.0405e-11 -9.32713e-11)
(-6.35437e-10 -1.00984e-09 -1.47205e-10)
(4.27966e-09 1.86337e-09 2.8378e-11)
(-2.43643e-09 4.25691e-09 -6.93478e-11)
(3.28539e-11 -1.41668e-09 -1.15601e-09)
(5.75067e-10 2.21498e-09 1.50703e-09)
(-2.4752e-10 -5.87291e-10 1.11591e-11)
(-2.99239e-10 4.75356e-10 -1.27753e-10)
(3.24785e-11 4.45051e-11 7.90412e-11)
(1.75883e-11 -2.90872e-11 2.47764e-10)
(7.88565e-11 -1.17872e-10 -1.60353e-10)
(9.95361e-10 -2.22143e-09 4.24536e-11)
(3.16614e-11 8.62978e-11 -8.20456e-11)
(-2.07647e-11 -5.81598e-11 5.58111e-11)
(9.47736e-11 -2.93253e-12 -5.22496e-11)
(-5.38132e-11 8.38963e-12 6.87683e-11)
(6.11774e-11 -2.61589e-11 -5.92134e-11)
(3.07773e-11 1.08234e-10 5.38557e-11)
(-2.30734e-11 4.27455e-11 3.80533e-11)
(5.46324e-12 1.63349e-11 1.24011e-11)
(2.44205e-11 2.5108e-12 -6.35458e-11)
(-1.25958e-11 4.15319e-11 2.20096e-11)
(-3.40247e-12 1.15665e-11 -2.04743e-12)
(6.57967e-11 -1.10764e-10 4.51527e-12)
(-2.37359e-11 -1.01211e-11 4.54666e-11)
(2.27583e-11 -2.21598e-11 3.03047e-11)
(4.03754e-11 1.20846e-10 -3.25819e-11)
(-9.00073e-11 -5.58765e-11 4.5837e-11)
(1.65911e-10 2.15805e-11 1.48541e-11)
(5.07985e-12 7.81884e-11 -5.34481e-12)
(-9.8357e-12 -4.8683e-11 -7.29657e-12)
(-3.76587e-11 -1.10869e-10 -3.77112e-12)
(5.40681e-11 -5.48133e-11 2.41529e-11)
(8.67208e-12 3.0844e-11 8.18343e-13)
(1.65709e-10 4.28966e-10 1.38705e-11)
(-4.61114e-10 -3.55685e-10 2.01665e-12)
(-5.84365e-11 -3.8043e-11 2.02466e-12)
(4.44534e-11 4.67446e-11 1.04298e-11)
(-3.56301e-11 -1.45752e-11 1.85963e-12)
(5.77027e-11 3.98508e-11 -6.58303e-12)
(-3.7089e-11 -8.97049e-11 -1.11755e-11)
(7.92503e-11 1.76597e-11 -7.77029e-12)
(-5.59064e-11 -7.9213e-11 3.79711e-12)
(1.53567e-11 -3.71531e-11 2.30747e-12)
(8.29637e-11 7.86391e-11 7.42657e-12)
(-2.98446e-11 -8.40895e-11 9.0121e-12)
(-1.37066e-10 -2.50338e-10 1.20058e-11)
(6.0721e-11 6.86334e-11 1.25455e-11)
(-1.16775e-10 5.39129e-11 3.6079e-11)
(1.16619e-10 1.18944e-11 -1.4895e-11)
(9.13737e-11 -2.58864e-10 6.65789e-11)
(-3.94609e-12 -7.43182e-11 4.52131e-11)
(-5.29083e-12 7.32797e-11 -1.14949e-11)
(-9.67612e-11 -2.93746e-10 -9.74859e-11)
(7.55133e-11 2.39323e-10 -1.99401e-11)
(-6.06697e-11 -1.63744e-11 1.09841e-10)
(6.61294e-10 1.14937e-09 3.64547e-11)
(-2.59915e-10 -9.81796e-11 -3.00895e-10)
(2.91447e-10 -9.33202e-12 3.05152e-10)
(-8.26986e-09 -9.76336e-10 -1.67956e-10)
(1.86543e-10 1.12143e-08 1.30592e-10)
(1.18861e-10 -2.75271e-10 2.62138e-10)
(-1.09924e-10 2.50396e-11 4.39952e-10)
(-1.4256e-10 2.11508e-10 -3.60944e-10)
(-1.50629e-10 1.29497e-10 -8.66221e-11)
(5.84082e-11 -1.95236e-10 2.94385e-10)
(4.65714e-11 -2.94184e-10 -2.93654e-11)
(2.4521e-10 -6.83164e-11 8.96877e-11)
(-2.92777e-10 2.46319e-10 1.04723e-10)
(-2.0665e-10 -1.09388e-10 -3.47383e-10)
(-1.42773e-10 7.33575e-11 -1.20675e-10)
(3.22338e-10 -1.55541e-10 1.22483e-11)
(3.64262e-10 1.31663e-11 -3.96735e-11)
(-1.63097e-10 -8.2488e-11 1.15684e-10)
(4.10738e-11 2.73417e-12 1.4631e-10)
(1.70282e-10 -5.85574e-10 -1.53482e-10)
(-5.99085e-10 1.66073e-09 2.27093e-10)
(7.03953e-10 2.52875e-10 -1.95506e-10)
(-4.98084e-10 -2.87755e-09 2.42987e-10)
(-3.53582e-09 1.67891e-09 5.57556e-11)
(5.07179e-10 -2.67847e-09 -1.18122e-10)
(1.55036e-09 3.78176e-10 1.60231e-10)
(-3.66406e-10 9.64727e-10 -1.86883e-10)
(3.5185e-10 -9.42411e-10 3.30929e-11)
(-1.51069e-09 1.73442e-09 -7.45548e-11)
(-1.22724e-11 5.27133e-11 -6.18849e-11)
(5.61305e-11 -7.64617e-12 3.03192e-11)
(-8.42062e-12 -1.21576e-10 -2.4212e-11)
(2.34302e-11 1.25556e-11 -1.38499e-11)
(1.1154e-11 -1.76632e-11 -6.41338e-11)
(9.14864e-12 -6.9049e-11 3.34394e-11)
(9.53242e-11 3.36067e-11 -4.62505e-11)
(2.67418e-12 3.96804e-11 -3.63331e-11)
(2.6474e-10 -6.45319e-10 -6.7782e-11)
(4.14379e-10 -1.28497e-09 8.68381e-11)
(2.34727e-11 3.68934e-11 -2.36411e-11)
(-3.45897e-11 -3.86305e-11 -1.90836e-12)
(-1.00867e-11 -6.13709e-11 -2.75081e-11)
(5.90569e-12 5.68035e-11 1.96509e-11)
(-4.61472e-11 3.65565e-11 1.47989e-11)
(-1.68551e-10 -4.89157e-11 -9.08278e-11)
(-1.50908e-10 -1.56268e-10 -8.07003e-11)
(-2.05138e-11 1.24142e-10 2.36796e-11)
(2.9179e-10 2.80282e-10 6.15054e-11)
(4.63006e-11 9.50633e-11 -6.84357e-13)
(1.73765e-11 -4.79803e-11 -2.33229e-11)
(5.07263e-12 -9.67209e-12 1.05767e-11)
(-1.70298e-11 -2.32119e-12 7.24242e-12)
(-4.3736e-11 5.86349e-11 -8.38549e-11)
(5.88011e-11 5.67192e-11 -4.97909e-13)
(-2.68222e-10 1.16005e-09 5.98538e-11)
(2.07191e-10 -1.17625e-10 3.90633e-11)
(4.85274e-11 1.17716e-11 1.51271e-11)
(8.23281e-11 3.04154e-10 -2.33498e-11)
(3.99066e-11 9.98071e-11 -1.69142e-11)
(-1.78196e-11 -5.61131e-11 -4.63467e-12)
(-1.38367e-11 -3.04426e-11 -1.84834e-12)
(-2.99242e-11 5.24364e-11 -4.28014e-12)
(-8.13465e-12 2.66942e-12 -6.80493e-12)
(-5.25959e-12 5.13412e-11 -7.2654e-12)
(2.59205e-11 -6.26038e-11 -6.76313e-12)
(-7.59029e-11 -5.24311e-11 -1.07106e-11)
(5.25946e-11 6.94258e-11 -3.77823e-12)
(-6.63446e-11 -8.95329e-11 4.977e-12)
(-1.10752e-10 -1.67009e-11 1.88162e-12)
(-1.38866e-10 2.47246e-10 -6.19266e-11)
(-4.60569e-11 -3.60261e-11 -7.64811e-11)
(-6.07298e-12 7.24797e-11 4.43449e-11)
(3.91711e-11 1.38556e-11 1.21787e-10)
(-1.04777e-11 -5.03031e-11 2.01007e-10)
(-8.17738e-11 8.67299e-11 -1.20184e-10)
(-1.11988e-10 -1.19004e-10 2.28796e-11)
(2.69291e-11 -1.24495e-10 6.98094e-11)
(9.48086e-11 1.29877e-10 -3.61314e-12)
(3.22568e-09 7.49111e-09 1.6718e-10)
(2.00873e-11 -2.18048e-10 -6.80503e-11)
(3.01999e-09 -3.64649e-09 -1.03806e-10)
(8.78278e-12 2.09805e-10 9.24471e-11)
(-2.36306e-10 3.16782e-11 -2.95125e-10)
(1.05714e-10 -9.56096e-11 -7.87483e-11)
(1.87773e-10 -1.15587e-11 1.58999e-10)
(2.08593e-10 3.53975e-11 -6.64657e-11)
(-2.04699e-10 -7.39169e-12 -5.71124e-11)
(-1.49505e-10 2.9176e-10 -1.30405e-10)
(4.77598e-11 -5.247e-10 1.85633e-10)
(6.56774e-11 -2.14784e-10 1.20112e-10)
(-6.52411e-11 -1.11212e-11 1.20541e-11)
(5.22384e-10 -2.87895e-10 -1.56336e-10)
(-4.38606e-10 3.09649e-10 -1.19675e-10)
(1.59737e-10 -8.23293e-11 2.1265e-11)
(-2.57797e-10 3.81679e-11 -2.48379e-10)
(-1.40049e-12 -1.14998e-11 1.04319e-11)
(-2.65027e-11 -3.85427e-11 -7.96127e-12)
(7.14002e-10 -3.54727e-11 2.03849e-11)
(-2.15331e-12 -6.63272e-12 -5.20277e-12)
(-5.42173e-12 1.29993e-11 1.24419e-11)
(-1.21429e-12 -2.95243e-12 -1.23344e-12)
(-3.29645e-11 5.79451e-13 -4.0189e-12)
(7.51137e-13 -1.67802e-14 4.31392e-12)
(-4.06972e-13 2.90852e-12 -1.77808e-11)
(-1.25393e-11 -1.58469e-11 1.01202e-11)
(-9.36658e-12 7.73516e-12 1.27134e-11)
(-7.2374e-12 -1.82739e-12 -2.91436e-12)
(4.86912e-12 -1.92465e-11 4.49242e-12)
(-3.86765e-12 -9.47033e-12 1.29017e-11)
(2.40456e-12 8.62533e-12 -1.57748e-11)
(1.88155e-11 -6.57911e-12 4.33855e-11)
(-9.89614e-12 -6.99447e-12 4.78243e-12)
(-7.03437e-12 9.14503e-12 -2.26942e-11)
(-1.55137e-11 -3.24977e-13 -2.64596e-11)
(3.39747e-11 1.71366e-11 -8.47589e-12)
(2.08094e-09 -1.03859e-09 4.62175e-11)
(-1.04204e-11 -8.30774e-12 2.4457e-11)
(1.40841e-09 -2.03163e-10 -2.54908e-11)
(4.81381e-11 -2.30679e-10 -7.249e-12)
(-6.22782e-11 -5.22874e-11 2.58693e-12)
(-1.30182e-11 2.21e-10 -2.36848e-12)
(6.86944e-11 -1.97001e-10 2.47369e-11)
(3.06949e-10 -2.64039e-10 -2.54149e-11)
(1.77538e-11 -6.19879e-12 1.91166e-11)
(-9.69093e-12 -7.39882e-12 -3.66996e-12)
(-1.10973e-11 -1.6354e-11 -1.58402e-11)
(8.91718e-13 -3.67642e-12 5.1862e-12)
(-3.35235e-10 -5.79823e-10 1.65699e-11)
(-6.77142e-10 1.58452e-10 -2.1932e-11)
(2.11025e-10 3.69166e-10 -5.14355e-12)
(-2.11535e-10 5.02779e-10 -1.67393e-11)
(3.47588e-10 -6.42419e-11 -1.11929e-11)
(-4.0765e-12 -9.92376e-12 -9.39473e-12)
(2.08538e-10 1.37766e-10 3.09192e-12)
(3.658e-10 -5.24733e-10 2.0177e-11)
(-1.36094e-09 -1.46987e-09 -3.46455e-11)
(-9.49423e-10 7.38941e-11 -3.7366e-11)
(-3.47058e-11 3.92882e-10 -4.90413e-10)
(6.38445e-11 8.83494e-11 5.45373e-12)
(5.9417e-11 -8.565e-11 4.0558e-12)
(-2.59506e-11 -4.91651e-11 8.36391e-11)
(-2.1584e-11 5.78056e-11 2.11914e-11)
(-4.26652e-11 7.61082e-11 -5.81771e-11)
(1.12899e-10 -7.06451e-11 -5.77343e-11)
(-2.39115e-11 -5.86527e-11 1.93972e-11)
(-1.44259e-10 5.34227e-11 -2.77688e-11)
(5.2833e-11 4.32887e-11 -1.8004e-11)
(2.02375e-12 8.47872e-11 3.25263e-11)
(7.43122e-12 -9.00637e-11 1.72071e-12)
(9.66879e-12 2.84395e-11 1.73839e-12)
(8.24031e-11 1.72608e-11 2.01575e-11)
(-1.60649e-10 1.50742e-10 -3.50722e-11)
(-1.60613e-10 -2.21555e-10 4.20143e-11)
(-2.13922e-12 -3.67456e-12 -2.7585e-11)
(7.20382e-13 -4.06739e-12 1.1035e-11)
(2.00364e-12 3.89042e-12 1.18143e-11)
(8.38256e-12 1.71734e-12 -4.12448e-12)
(-1.10196e-11 -4.12953e-12 5.23444e-12)
(9.70765e-13 1.90055e-11 1.62475e-12)
(6.80232e-12 -1.05751e-11 -9.29868e-13)
(1.13378e-12 5.30519e-12 2.50878e-12)
(-5.95236e-13 4.20744e-13 -6.27582e-13)
(-1.42078e-10 -5.15128e-11 9.03449e-14)
(2.43258e-12 3.50759e-11 -2.68714e-12)
(-2.1162e-11 -2.4704e-11 1.19638e-11)
(1.59189e-11 -1.51555e-10 -1.011e-11)
(2.0276e-10 -5.03581e-10 -4.34455e-12)
(1.72532e-10 4.41049e-10 1.32158e-10)
(-3.65018e-10 6.25587e-11 -1.56542e-11)
(-2.04205e-10 6.74275e-10 -2.43797e-11)
(1.31139e-10 -6.98124e-10 2.66853e-11)
(1.37659e-11 7.6077e-10 -3.19299e-11)
(-2.4223e-10 -9.64401e-10 3.31687e-13)
(-1.19358e-09 7.25932e-10 1.78212e-11)
(8.3939e-12 -3.88555e-11 -7.08895e-12)
(-1.74153e-11 5.11773e-11 -6.4487e-11)
(1.40648e-11 -1.30601e-11 3.15252e-11)
(1.01499e-10 -2.04826e-11 -5.4091e-11)
(-5.7703e-11 -3.15602e-11 2.56316e-11)
(-1.63561e-09 -1.921e-09 -1.3279e-10)
(1.78405e-10 2.06544e-09 1.72132e-11)
(2.774e-11 -5.98428e-10 9.61832e-11)
(-5.53314e-10 -9.49634e-10 -2.41732e-10)
(-4.40731e-12 -3.19135e-11 -2.40866e-11)
(2.99954e-09 -1.25727e-08 3.22542e-10)
(-4.53116e-10 2.45018e-10 -1.34364e-10)
(1.70465e-09 -3.76709e-09 -5.9216e-11)
(-4.97471e-10 -4.36043e-11 4.90541e-11)
(-6.78815e-11 -6.09148e-11 4.00862e-11)
(3.71112e-10 -1.0031e-09 4.49494e-11)
(-1.75076e-11 8.33811e-12 6.3676e-11)
(1.90606e-11 1.83683e-11 -2.09294e-11)
(2.13327e-12 -6.02812e-12 -5.65901e-11)
(-1.54864e-11 -6.88047e-12 -3.81536e-12)
(2.33645e-11 -2.10322e-11 2.80177e-11)
(3.08958e-12 2.50974e-11 1.03616e-11)
(-3.32556e-12 -1.11469e-11 4.31948e-12)
(7.06328e-12 9.14054e-12 -1.28446e-12)
(2.55044e-12 -2.70207e-12 -3.55422e-12)
(3.27959e-12 -1.11406e-12 1.76951e-12)
(5.13314e-12 -3.64716e-12 -2.09701e-12)
(1.3043e-13 7.80729e-12 7.01772e-13)
(-1.61519e-10 -1.71077e-10 3.57109e-11)
(8.9746e-12 2.54863e-11 -1.96545e-11)
(8.99683e-11 1.73477e-10 -2.91744e-12)
(6.87733e-09 2.16844e-09 1.00728e-10)
(-8.02349e-11 2.41333e-10 -2.22033e-11)
(2.36139e-10 -3.25579e-10 2.38652e-12)
(2.48187e-11 1.52339e-10 1.60419e-11)
(-1.27672e-09 -3.97795e-10 -1.93394e-11)
(1.10462e-09 4.66773e-10 4.83047e-11)
(-2.74847e-11 4.86038e-10 -3.81176e-11)
(2.6419e-10 -6.92058e-10 2.88339e-11)
(4.55115e-12 1.79358e-11 6.19349e-11)
(-6.95393e-10 1.54259e-10 2.11813e-12)
(5.74581e-12 -3.59996e-11 2.12326e-11)
(1.55281e-11 -1.76495e-11 3.60143e-11)
(-2.96119e-09 -5.63665e-10 -8.64359e-11)
(-1.20945e-10 -1.12131e-10 2.43703e-11)
(1.14538e-10 5.84877e-10 4.82658e-11)
(-6.34816e-10 3.97345e-10 2.23842e-11)
(2.1265e-10 -6.93e-11 -5.7583e-11)
(5.99867e-12 -4.67964e-11 9.03548e-11)
(4.14638e-11 9.87434e-11 -5.06523e-11)
(-3.52835e-11 -1.24531e-10 9.80974e-11)
(-2.9452e-09 -5.12258e-09 9.06654e-11)
(1.9217e-09 2.93446e-09 -2.58924e-11)
(-1.29639e-09 -2.15592e-09 3.86626e-10)
(1.618e-09 1.49869e-09 1.53383e-10)
(-8.5582e-10 1.50642e-09 8.45768e-11)
(3.30341e-10 -2.43271e-10 -1.60314e-10)
(1.14482e-11 -2.98811e-11 8.56816e-11)
(3.10153e-11 2.85836e-10 -3.36722e-11)
(2.44506e-11 -2.68425e-09 2.32191e-11)
(-8.30935e-11 1.12985e-10 8.59017e-11)
(8.25022e-11 -1.05563e-10 -8.18471e-11)
(-2.12309e-11 1.40756e-10 3.64689e-11)
(-8.57437e-12 2.30546e-11 -6.07348e-11)
(-9.11135e-13 -7.64235e-12 4.73958e-11)
(-2.28061e-11 -5.61796e-11 1.84623e-11)
(-1.28638e-10 -9.71415e-11 1.2922e-10)
(1.15695e-10 3.50781e-11 4.88353e-12)
(-1.59827e-11 3.27057e-11 -8.64396e-12)
(-2.54716e-11 -2.23837e-11 -2.90773e-11)
(-4.68073e-11 -1.22424e-10 4.05636e-11)
(-7.92198e-13 -2.08934e-11 -1.13573e-11)
(-2.881e-12 1.66277e-10 -9.97065e-11)
(-8.81532e-11 -3.15119e-11 7.83773e-13)
(-1.42515e-11 -1.92799e-11 8.96032e-14)
(-1.45933e-11 7.1552e-12 -3.83929e-12)
(6.90849e-12 1.85954e-11 1.24593e-12)
(5.45864e-12 2.69981e-12 7.25351e-12)
(1.02931e-11 2.46869e-12 -1.21887e-12)
(1.60594e-10 1.88785e-10 7.80517e-11)
(5.12435e-11 -1.99209e-10 -2.9535e-10)
(-1.42494e-10 -6.02609e-11 2.29947e-11)
(3.7122e-12 -1.36322e-11 1.83044e-11)
(-3.17197e-11 -2.4553e-10 -6.62425e-11)
(-2.48285e-11 -1.00351e-11 5.45098e-11)
(1.37934e-11 1.98118e-11 -4.81889e-11)
(4.32604e-12 -1.48157e-11 -3.83027e-11)
(-1.7761e-09 -3.3583e-10 -1.14997e-10)
(-8.13319e-12 -2.51031e-11 -3.52178e-11)
(1.97978e-12 4.38699e-12 -3.92847e-11)
(-5.23491e-12 5.37301e-12 1.54279e-11)
(9.63577e-12 5.71056e-12 1.1039e-11)
(2.96795e-10 5.8856e-10 -2.06382e-11)
(-6.8246e-12 2.33626e-11 -4.02334e-11)
(-3.29784e-12 -9.98857e-12 1.22059e-11)
(-5.86941e-12 1.70194e-11 8.17596e-13)
(1.00412e-11 -6.78334e-12 5.7369e-11)
(1.95973e-11 -5.6971e-12 -4.5415e-11)
(-1.1601e-09 2.31137e-10 -1.97577e-11)
(8.21817e-10 7.53124e-10 -2.11569e-11)
(-2.56401e-10 1.75113e-12 2.23325e-11)
(8.5411e-11 1.61256e-09 -2.71548e-12)
(-5.4367e-11 -2.01328e-10 2.84641e-11)
(2.88679e-09 4.77729e-09 8.74999e-10)
(-6.23012e-11 4.21476e-09 -3.87399e-10)
(1.53684e-10 8.96384e-11 -1.47833e-11)
(-2.12723e-13 -1.96918e-10 2.13378e-11)
(1.47067e-11 1.24715e-10 -2.24078e-12)
(-1.55807e-10 8.17768e-11 -8.87529e-12)
(-6.77065e-11 -2.06369e-10 -3.32609e-12)
(1.76671e-10 -1.4978e-10 -1.66758e-11)
(-7.48334e-11 2.58621e-10 -1.58935e-11)
(-2.0156e-10 1.46995e-10 2.03554e-11)
(8.06271e-11 -1.95978e-10 -2.85962e-11)
(-1.08512e-10 -3.51432e-11 -1.69589e-11)
(7.82725e-11 5.22478e-11 4.04556e-12)
(2.11233e-11 -1.20409e-10 -1.74153e-11)
(2.9005e-11 2.28662e-11 -8.25833e-12)
(9.0454e-11 3.48802e-11 -2.22573e-11)
(-3.24044e-11 1.21747e-10 1.37911e-11)
(2.49452e-11 2.2314e-13 8.07153e-12)
(-1.3693e-10 -1.05944e-11 4.17358e-11)
(3.13012e-09 1.29793e-09 -9.67434e-11)
(1.16133e-11 1.48744e-10 -5.70101e-11)
(-1.03619e-11 1.2219e-11 4.41648e-12)
(-2.66778e-11 9.58438e-13 -7.91954e-12)
(1.07282e-11 -1.27419e-11 1.34633e-11)
(-3.57569e-11 3.06708e-11 -2.45614e-12)
(-1.5465e-11 6.33671e-11 -1.1054e-11)
(-1.14928e-11 -2.21867e-11 1.3303e-11)
(-1.16052e-11 1.95593e-11 -2.60711e-11)
(-1.25881e-11 -5.50036e-12 8.92e-12)
(-1.25573e-10 5.90838e-11 -1.49355e-11)
(3.54582e-11 -3.32973e-12 -7.36695e-12)
(-1.6366e-11 3.37215e-12 2.11012e-11)
(-7.87177e-12 -3.76505e-11 -3.77331e-11)
(7.36171e-12 9.52405e-12 1.31695e-12)
(-2.75069e-12 -1.22683e-12 -5.5262e-13)
(3.41116e-12 3.4315e-12 -1.19237e-14)
(-5.38672e-12 -2.12103e-12 -3.48635e-12)
(-3.42764e-12 -3.26959e-12 -3.89698e-12)
(-1.00252e-10 6.15881e-10 -2.73915e-10)
(-1.36686e-12 -6.95221e-13 6.60192e-12)
(4.90037e-10 7.29248e-12 -5.82989e-12)
(-1.58733e-11 6.82417e-12 -1.05367e-11)
(2.61484e-11 -5.29458e-11 8.775e-12)
(-1.95309e-10 -1.62287e-10 -2.0692e-12)
(-7.65424e-12 3.32909e-11 -5.34543e-12)
(-1.43456e-11 5.0982e-11 4.971e-12)
(2.9454e-12 -1.19926e-11 1.84747e-11)
(-1.37075e-11 -3.6813e-12 2.20215e-11)
(1.72173e-11 6.77088e-12 -2.65136e-12)
(-5.94916e-13 -4.19475e-12 -9.95456e-12)
(-4.40878e-13 8.9462e-12 -9.55583e-12)
(5.23926e-12 -1.87625e-12 5.1382e-13)
(-2.66237e-12 -2.93491e-12 -5.76211e-12)
(6.37213e-12 -7.84239e-12 -5.6594e-12)
(-1.70046e-12 -1.88697e-12 7.67163e-12)
(7.38753e-12 8.25802e-12 -1.09642e-11)
(-3.80932e-12 -1.79019e-13 -4.48308e-11)
(-4.8455e-10 1.51165e-10 3.94298e-11)
(-4.54896e-11 -4.51998e-11 -2.33425e-11)
(-3.80922e-10 -5.06778e-10 -6.00135e-11)
(-3.35459e-11 6.08138e-10 3.00513e-11)
(3.54674e-10 -6.06375e-10 -7.5355e-13)
(-1.28928e-10 -6.71029e-11 -1.81935e-11)
(1.36145e-10 3.71484e-10 -5.48184e-12)
(-2.39244e-10 5.65586e-10 1.7787e-10)
(1.66837e-10 -3.49557e-10 -1.20808e-11)
(-1.84001e-10 2.23995e-10 -1.8201e-11)
(-3.02063e-10 3.06809e-10 -1.21528e-11)
(-1.76244e-10 -4.78162e-11 -9.29232e-12)
(-3.71032e-11 -1.91536e-10 2.91682e-11)
(-5.8018e-11 -9.11381e-11 1.37318e-11)
(2.89719e-12 1.2295e-10 1.94572e-11)
(2.05312e-10 1.67785e-11 5.94929e-12)
(-1.77955e-11 1.38934e-10 -6.67439e-12)
(-1.3699e-11 -6.09794e-11 2.81677e-11)
(2.89418e-10 -3.10187e-10 1.18868e-10)
(1.17643e-10 1.24749e-10 -8.02993e-11)
(-1.09103e-10 -7.73189e-11 7.52298e-11)
(-1.52896e-11 3.30453e-11 9.59954e-12)
(-5.79799e-11 2.18252e-11 -2.85547e-13)
(3.68252e-11 -2.03592e-11 -1.43533e-11)
(6.32376e-12 -3.72375e-11 -1.25087e-11)
(-1.86991e-10 2.41517e-12 1.23581e-11)
(4.94451e-12 3.74488e-11 1.58634e-11)
(5.54226e-11 1.33458e-10 -2.27737e-11)
(7.46274e-11 -1.52536e-10 -2.60958e-11)
(2.89565e-11 -3.34597e-11 -8.13717e-12)
(-2.90339e-11 2.20999e-11 -4.0255e-12)
(6.24166e-11 2.36375e-11 5.46949e-11)
(-2.54648e-11 1.72183e-11 -2.68954e-11)
(3.23287e-11 -1.59739e-11 -3.3805e-11)
(-4.15587e-11 -1.56156e-11 9.86041e-12)
(2.71314e-10 -7.36215e-11 5.97392e-11)
(2.90612e-12 1.90666e-11 1.28662e-11)
(3.3387e-11 -3.853e-11 5.82808e-12)
(-4.4658e-11 -3.00574e-11 -3.02661e-11)
(-1.16849e-10 2.45614e-11 3.457e-11)
(1.3964e-10 3.84555e-11 -5.33538e-11)
(-6.17476e-11 7.4885e-10 -1.1606e-09)
(2.02499e-10 -2.09638e-10 5.57257e-11)
(1.22727e-11 7.93311e-11 5.69334e-11)
(-2.41784e-10 1.24572e-10 7.04115e-11)
(-1.56039e-11 7.9216e-12 3.07707e-13)
(-9.75292e-12 2.00455e-11 -5.45276e-11)
(-1.51375e-10 1.14386e-10 -4.64493e-11)
(2.56211e-12 -5.87507e-12 -6.87766e-13)
(4.43781e-12 -9.36048e-14 -1.21045e-12)
(4.05681e-12 -1.35009e-12 -4.62511e-13)
(1.68128e-12 5.68275e-12 -3.02058e-12)
(-1.92341e-12 9.42737e-13 -2.13106e-12)
(-6.44359e-12 -3.82966e-12 -3.95426e-12)
(-9.42587e-11 3.04318e-10 -3.16073e-09)
(1.82928e-12 -3.3437e-12 5.70251e-12)
(8.06957e-12 3.76107e-12 2.19025e-12)
(-4.9448e-12 3.26657e-12 -4.65457e-12)
(-2.66899e-09 2.26806e-09 7.33736e-11)
(4.24448e-12 -6.2056e-12 1.6103e-11)
(-1.61266e-13 -4.4226e-12 -1.87192e-12)
(6.51194e-12 5.76588e-12 -5.9286e-12)
(-4.63356e-12 3.40532e-13 3.80502e-12)
(-5.96269e-12 -7.83249e-12 9.06402e-12)
(3.23705e-11 7.23656e-12 1.23931e-11)
(-3.43997e-12 1.69143e-12 -6.95897e-12)
(-1.94989e-11 -6.44992e-12 -3.88581e-12)
(-7.86948e-12 4.17688e-11 -6.6101e-12)
(-1.49529e-12 1.48579e-11 6.21746e-12)
(-3.05836e-12 -9.31156e-12 6.94125e-12)
(4.33544e-12 1.71628e-12 1.19699e-11)
(1.3981e-11 -1.71978e-12 4.33507e-12)
(-9.38285e-12 -9.85296e-12 -7.5317e-12)
(-7.30746e-12 -8.0308e-14 4.33098e-12)
(7.28983e-13 9.2257e-12 -2.61032e-12)
(-1.89537e-11 1.16161e-11 -5.08333e-12)
(5.60233e-11 4.17321e-11 5.76725e-12)
(-6.14098e-12 -9.70445e-12 9.37225e-12)
(1.78803e-11 -4.77069e-11 -1.81251e-12)
(1.79599e-10 2.20964e-10 3.41845e-11)
(2.69299e-11 3.41652e-11 -4.79045e-12)
(2.1918e-11 8.3935e-11 5.99218e-11)
(1.53238e-12 -4.55747e-11 -2.45776e-14)
(1.4934e-10 4.67e-11 1.09673e-11)
(4.53106e-11 -7.50296e-11 -1.43127e-11)
(-1.68911e-11 7.16323e-11 -3.58831e-12)
(4.57278e-11 9.62195e-11 -1.21307e-11)
(2.86042e-10 -2.09797e-10 -1.95355e-11)
(-8.02006e-11 -9.65142e-11 7.99443e-13)
(-4.65592e-10 2.55387e-11 -1.07576e-11)
(1.58556e-11 1.94236e-10 4.7343e-11)
(-3.40221e-09 4.34098e-09 1.19631e-10)
(-1.09685e-11 -1.89813e-10 -1.22332e-10)
(7.18057e-12 1.86691e-10 -7.35903e-12)
(-6.15459e-12 -3.80383e-11 -9.4188e-12)
(-1.52559e-10 2.11609e-10 3.60159e-11)
(-1.02009e-10 -1.07161e-10 -1.29838e-11)
(4.66598e-10 5.02852e-10 3.25882e-10)
(4.97126e-12 6.13225e-11 -3.52717e-11)
(4.54581e-11 -1.09872e-12 -1.50381e-11)
(-2.57898e-11 -1.5628e-11 2.27556e-11)
(-9.31642e-11 -7.61167e-11 3.59314e-11)
(1.67558e-10 2.03498e-11 -2.27068e-12)
(1.08048e-11 6.37953e-11 -5.70205e-13)
(-3.82217e-11 4.57654e-12 1.02021e-11)
(9.4125e-12 -4.84515e-12 -2.22643e-12)
(2.75607e-11 1.96673e-11 1.3823e-11)
(-3.43606e-11 3.96008e-11 2.70055e-11)
(-6.3222e-11 -5.48261e-12 -1.39037e-11)
(3.4232e-12 1.99202e-11 -1.34683e-11)
(2.14796e-11 -4.1434e-12 -5.00074e-12)
(-3.83135e-11 -6.07662e-12 -1.43986e-11)
(3.50667e-11 -2.92646e-11 1.39275e-12)
(-7.03957e-11 -7.19881e-12 4.04033e-11)
(1.67911e-11 5.00648e-11 -2.51019e-11)
(2.01421e-11 -3.37861e-11 6.25835e-11)
(1.19286e-10 2.27278e-11 7.34232e-12)
(1.1235e-10 -1.02924e-10 -8.95469e-12)
(-1.32392e-10 6.5441e-11 -2.21741e-11)
(7.9629e-12 9.97618e-12 -6.07068e-11)
(2.4422e-10 -1.18242e-10 -1.25187e-11)
(-2.92775e-10 -1.48387e-10 1.62128e-11)
(8.7035e-11 4.08367e-10 5.56123e-11)
(-1.44603e-11 3.019e-11 2.29125e-11)
(8.15538e-09 -2.26083e-09 -8.86946e-11)
(-1.29333e-09 1.01987e-09 4.22393e-11)
(1.69953e-09 -2.93065e-09 5.47443e-11)
(2.25782e-10 -1.36331e-10 -2.75916e-12)
(-9.12789e-11 2.97311e-10 2.27408e-12)
)


// ************************************************************************* //
