/*--------------------------------*- C++ -*----------------------------------*\
  =========                 |
  \\      /  F ield         | OpenFOAM: The Open Source CFD Toolbox
   \\    /   O peration     | Website:  https://openfoam.org
    \\  /    A nd           | Version:  8
     \\/     M anipulation  |
\*---------------------------------------------------------------------------*/
FoamFile
{
    version     2.0;
    format      ascii;
    class       vectorField;
    location    "0/lagrangian/kinematicCloud";
    object      f;
}
// * * * * * * * * * * * * * * * * * * * * * * * * * * * * * * * * * * * * * //


1722
(
(-2.03995e-06 0.00109167 1.9424e-05)
(-1.6337e-05 0.00115323 2.58355e-05)
(-4.5396e-05 0.00100982 -4.08894e-05)
(-4.17326e-05 0.00100867 -2.05907e-05)
(-8.34018e-07 0.000957119 -5.1313e-05)
(-5.72857e-05 0.00100008 6.98471e-05)
(-7.59074e-05 0.000989397 -4.92879e-05)
(-2.46171e-05 0.00080518 -0.000113748)
(5.72747e-05 0.00108238 -3.30959e-05)
(8.37447e-06 0.00105563 -7.21287e-05)
(0.000340779 0.00116096 1.38234e-05)
(9.48623e-05 0.00110027 6.44167e-05)
(5.6587e-05 0.000983157 -2.02917e-05)
(-3.45598e-05 0.00102938 -4.86328e-05)
(-3.50183e-05 0.0010244 -1.52605e-05)
(1.02667e-05 0.000962959 6.89246e-05)
(3.80974e-05 0.000951934 6.48718e-05)
(2.57588e-05 0.00108745 3.16853e-05)
(5.93495e-05 0.00110326 -0.000112738)
(0.000205827 0.000957001 -5.02709e-05)
(1.48982e-05 0.00112862 -6.44008e-05)
(4.29548e-05 0.00112737 0.000138558)
(6.45939e-05 0.0011522 0.000191482)
(6.75197e-05 0.00119462 -8.33836e-07)
(9.52682e-05 0.00101912 -2.95942e-05)
(8.05218e-05 0.000868699 5.79601e-05)
(5.39179e-05 0.000772812 -8.06842e-05)
(0.00016965 0.000884046 -4.98784e-06)
(0.000140062 0.000989808 3.24428e-05)
(-5.62789e-05 0.000993781 6.11058e-05)
(2.38671e-05 0.00115376 3.05461e-05)
(-1.11761e-05 0.00100543 -8.28001e-05)
(-0.000368263 0.0010225 -5.78567e-05)
(7.27976e-05 0.000735615 -0.00013297)
(1.35369e-06 0.00115708 0.00013768)
(-0.000674255 0.00146635 -1.21134e-05)
(0.000171484 0.000943335 -0.000126262)
(2.47764e-05 0.00114073 0.000200331)
(5.59343e-05 0.00114213 0.000255783)
(0.000212126 0.0011283 -3.77787e-05)
(-0.0001117 0.00101931 -0.000130084)
(-0.000192175 0.0010565 9.43889e-05)
(-0.000143412 0.00121076 6.80049e-05)
(-0.000164363 0.00120246 -0.000113243)
(7.33615e-05 0.0012063 5.15432e-05)
(-4.56846e-05 0.00105134 -0.000165934)
(0.000126789 0.00104993 1.30206e-05)
(-1.23359e-05 0.00119973 -3.5636e-05)
(-4.46025e-05 0.00101763 1.04117e-05)
(-0.000165837 0.000934743 -2.23457e-05)
(-3.63513e-05 0.00107871 -0.000101345)
(1.70154e-05 0.0011024 8.36771e-05)
(-0.000213564 0.00111453 5.11963e-05)
(5.93407e-05 0.000990113 4.15974e-05)
(-4.87271e-05 0.00103315 2.64458e-06)
(5.46058e-05 0.00108898 8.79681e-05)
(-0.000188997 0.000949207 4.68183e-05)
(-7.71033e-05 0.000985653 -0.000107065)
(7.78746e-05 0.00113185 0.000244221)
(8.67666e-05 0.0011906 5.7922e-05)
(0.000164416 0.0012127 -0.00010208)
(0.000200319 0.00107651 0.000270844)
(-0.000118021 0.000881172 0.0001383)
(-2.68707e-05 0.000699777 -6.48229e-05)
(-0.00109246 0.0012794 -3.18629e-05)
(-0.00115902 0.00152507 0.000152247)
(-0.0005636 0.00116723 7.68948e-05)
(-0.000210971 0.00162654 9.20692e-05)
(-0.000180711 0.000351288 -4.39839e-05)
(0.000259061 0.00109473 -0.000106259)
(0.00115463 0.0014966 0.000204353)
(0.00144289 0.000573858 9.4943e-05)
(-3.59693e-05 0.00118214 0.000304008)
(-5.90204e-05 0.00114646 0.00123205)
(-0.000847045 0.00136269 0.00090782)
(4.54883e-05 0.000883862 0.000951442)
(2.17524e-05 0.00126724 -2.3167e-05)
(0.00050737 0.00111471 5.74232e-05)
(2.99518e-05 0.000674364 -0.000120601)
(2.56541e-05 0.00102846 6.19218e-06)
(1.82168e-06 0.00104383 9.53749e-06)
(1.32812e-05 0.00100766 7.75073e-06)
(-4.69402e-05 0.00104656 1.68032e-05)
(-0.000215046 0.000954349 -0.000113491)
(-2.80047e-05 0.000968937 2.18055e-05)
(9.99413e-05 0.00100592 3.26557e-05)
(0.000143569 0.000802342 5.0582e-05)
(-8.52881e-05 0.00106262 1.05085e-05)
(4.86851e-05 0.00104131 7.47001e-05)
(-3.58458e-05 0.00111469 0.000131717)
(4.37952e-05 0.00118063 4.55196e-05)
(-2.77461e-05 0.00102624 9.59374e-05)
(4.97541e-05 0.00103882 8.95732e-05)
(-2.81617e-05 0.00095215 4.92651e-05)
(-1.90769e-05 0.000982517 1.50957e-05)
(-2.31956e-05 0.00103856 5.66258e-05)
(-4.24062e-05 0.000956661 5.09635e-05)
(-2.18208e-05 0.00112656 2.20223e-05)
(-4.8699e-05 0.00113055 -7.07843e-05)
(0.000147 0.00101758 -1.02453e-05)
(-0.00023067 0.00129662 7.76692e-06)
(0.000116287 0.0011531 -0.000115504)
(-4.59017e-05 0.00122513 6.41472e-05)
(-6.92473e-05 0.00113543 0.00016303)
(8.87848e-05 0.00106281 6.81088e-05)
(1.16444e-05 0.00112156 0.000193732)
(-2.4366e-05 0.00113829 3.54705e-05)
(-6.86616e-05 0.00111531 -7.59974e-05)
(8.85564e-05 0.00109202 -5.464e-05)
(-5.11262e-06 0.00119262 -1.28364e-05)
(0.000149308 0.00112187 -0.000104805)
(0.000157433 0.00110122 -0.000134912)
(0.000237082 0.000993692 -7.49155e-05)
(-2.48078e-06 0.00116289 -0.000164008)
(-8.61237e-06 0.000728001 0.00036381)
(0.000246171 0.000577837 6.6525e-05)
(0.000323158 0.00108745 4.93399e-05)
(0.000152675 0.00089428 6.73454e-05)
(0.000142106 0.000937192 0.000260575)
(-6.17632e-05 0.00117296 2.79928e-06)
(-0.000166046 0.000807087 2.5598e-05)
(1.12464e-05 0.00108219 -4.31196e-05)
(8.65956e-05 0.00135719 -0.000138617)
(7.63275e-05 0.00136431 -4.34565e-05)
(-1.57259e-05 0.000976098 -8.84436e-06)
(7.36863e-05 0.00112771 7.65831e-05)
(9.58582e-05 0.00110611 -9.00838e-05)
(2.10916e-06 0.00117846 9.08452e-07)
(0.000106596 0.00122842 -0.000240697)
(-4.68292e-05 0.00119774 -0.000134353)
(-0.00012707 0.00113133 0.000103079)
(-0.000240352 0.000966852 6.73165e-05)
(0.000390283 0.00120047 -5.39988e-05)
(-0.000192049 0.00140395 -3.70758e-05)
(-0.000171563 0.00103878 0.000165826)
(-0.000172095 0.00126532 0.000331251)
(-0.000166301 0.00117682 0.000200769)
(-0.000151113 0.000574942 0.000131071)
(0.000427022 0.000579986 2.41095e-05)
(0.000102948 0.000997336 -0.000178335)
(0.000202962 0.00100603 -9.74558e-05)
(-0.000238631 0.00130843 1.36532e-05)
(3.33414e-05 0.00107318 -1.07082e-05)
(-0.000412023 0.000771023 0.000364906)
(-1.10877e-05 0.00138137 -7.39368e-05)
(0.000459317 0.000791556 0.000145852)
(0.000409812 0.00157675 0.000135665)
(-0.00102952 0.000143079 0.000453564)
(-0.000155154 0.000603106 -0.000127758)
(0.000375238 0.000717287 0.000217355)
(0.000651642 0.000797763 -0.000195857)
(0.000157931 0.00093141 0.000268619)
(8.94098e-05 0.000581041 -0.000445926)
(1.54639e-05 0.00115194 1.4306e-05)
(-6.85282e-05 0.000950299 -2.5596e-05)
(-4.26226e-05 0.000930174 4.85498e-05)
(-8.51944e-06 0.000984603 4.34389e-05)
(-0.000102459 0.00126835 2.02245e-05)
(-7.82936e-05 0.00109966 1.4861e-05)
(0.0001397 0.000989811 -7.46577e-05)
(-0.000152702 0.00089921 0.000164719)
(-2.74646e-05 0.00108329 3.77182e-05)
(-7.04923e-06 0.000956678 -4.92867e-05)
(4.04317e-05 0.00102929 -8.89951e-05)
(-5.57251e-05 0.00104792 -2.50772e-05)
(-1.36965e-05 0.00108728 -6.86372e-05)
(4.68168e-05 0.00105469 1.3559e-05)
(2.4206e-06 0.00118761 -2.49943e-05)
(-4.29399e-05 0.00101941 3.86826e-05)
(3.67375e-05 0.00100615 -4.68422e-05)
(5.10493e-05 0.00119825 -2.15374e-05)
(-6.77639e-05 0.00108464 6.87572e-05)
(-2.61541e-05 0.00106743 8.63078e-05)
(4.36645e-07 0.00113848 1.15612e-05)
(3.69057e-05 0.00105628 -7.25048e-05)
(3.68237e-05 0.000936748 -0.000169486)
(-0.000120908 0.00104895 -0.000136866)
(-5.81285e-05 0.00112542 -1.94268e-05)
(0.000117505 0.00111621 1.26701e-05)
(2.23013e-05 0.00107516 2.94489e-05)
(6.98002e-05 0.00115762 -3.39433e-05)
(1.02986e-05 0.00119857 6.03741e-05)
(6.21321e-06 0.00127691 9.14902e-05)
(3.28405e-05 0.00117011 3.38336e-05)
(3.73046e-05 0.00105759 1.09931e-05)
(7.23836e-05 0.00116993 7.82759e-05)
(8.83231e-05 0.00108956 5.67585e-05)
(-0.000270981 0.00120524 -8.12852e-05)
(-0.000221515 0.00128831 4.46738e-06)
(-0.000151625 0.000910596 -5.97413e-05)
(-7.70922e-05 0.0011112 -6.94766e-05)
(-0.000332113 0.00132746 -0.000113115)
(-7.88827e-05 0.00105445 1.66594e-05)
(9.63886e-05 0.0010887 -0.000113801)
(3.20024e-05 0.00109155 -7.01892e-05)
(0.000282237 0.00128762 7.36922e-05)
(2.07759e-05 0.00101576 -1.43469e-05)
(7.76824e-05 0.00107753 -2.89958e-05)
(-0.000132652 0.000954592 0.000114411)
(8.06661e-05 0.000967496 2.80719e-05)
(8.16268e-05 0.00122018 7.69115e-07)
(7.38453e-05 0.000883003 6.23435e-05)
(-0.000137807 0.00085257 6.16482e-05)
(-0.000368302 0.00104886 -3.13699e-05)
(-0.000207005 0.00107627 1.24594e-05)
(-5.31614e-05 0.00135453 7.85297e-05)
(0.000135707 0.00123 -0.000491643)
(-0.000171044 0.0010357 -0.000140427)
(-0.000198794 0.00149806 -6.09059e-05)
(0.000483634 0.000796037 4.46651e-05)
(0.000785227 0.000639638 -5.48598e-05)
(0.000405226 0.000524342 -5.32646e-05)
(0.000332773 0.000799525 -5.94662e-05)
(0.000163936 0.00108787 3.49766e-05)
(-0.000133644 0.000369817 -7.37163e-05)
(0.000149025 0.000459021 2.37273e-05)
(-0.000310337 0.00166628 -0.000287099)
(0.000190454 0.00103669 0.000113205)
(0.00152156 0.000998926 0.00012553)
(0.00125943 0.00182421 -0.00114273)
(0.0002522 0.00233325 -0.000228624)
(0.00114453 0.00113517 -0.000246454)
(-0.000732581 0.000879058 -0.00010129)
(0.000204232 0.00106418 0.000177614)
(0.000197498 0.00136293 -2.77739e-05)
(0.000638634 0.0013963 5.0941e-05)
(-3.55702e-05 0.000886838 0.000258563)
(-3.56614e-05 0.000977802 -3.86592e-05)
(-1.11633e-05 0.00100053 -2.93504e-05)
(4.72205e-05 0.00088356 -5.82342e-05)
(7.16596e-05 0.00116907 1.91718e-05)
(0.000145722 0.000861634 -3.86864e-05)
(0.000259095 0.000445145 2.06175e-05)
(-2.98813e-05 0.00118922 -1.74019e-06)
(-0.000170675 0.00109083 -2.06247e-05)
(9.03165e-05 0.00101302 -0.00014586)
(-9.31281e-05 0.0010156 -2.73371e-05)
(3.44092e-05 0.000992322 0.000119836)
(-1.55067e-05 0.00102471 -1.9381e-05)
(-5.15284e-07 0.00106575 -2.97296e-05)
(-4.58247e-05 0.00106067 -8.20272e-05)
(3.03437e-05 0.00101761 0.000103534)
(4.42164e-05 0.00094951 0.000127982)
(1.10379e-05 0.00117189 2.09428e-05)
(3.67734e-05 0.001096 -6.01902e-06)
(-8.23081e-05 0.0012539 3.51473e-05)
(9.27274e-05 0.00107406 2.76177e-05)
(5.78069e-05 0.00101299 8.20014e-06)
(1.90042e-05 0.00103229 0.00012558)
(-0.000113106 0.00113877 -1.89363e-05)
(-0.000307408 0.00149255 0.000166847)
(4.10233e-05 0.00112967 0.000243652)
(-2.51646e-05 0.00106771 6.55852e-05)
(8.27342e-05 0.00115964 -7.6024e-05)
(-6.30215e-06 0.00106775 -2.11004e-05)
(7.54313e-05 0.00109646 -2.79288e-05)
(-0.000139087 0.00112672 5.9353e-05)
(-0.000100952 0.00110413 -0.000159346)
(-4.57303e-05 0.00105657 -0.00010147)
(0.000155751 0.000944656 0.00022827)
(-0.000143524 0.00116002 0.000224236)
(-7.12139e-05 0.00132803 9.57726e-05)
(0.00016892 0.00113995 -0.000323154)
(-0.000148144 0.000860471 -3.37581e-05)
(-5.39443e-05 0.0013368 -7.27072e-05)
(-0.000518309 0.000630441 -0.000133358)
(0.000247781 0.00107333 1.33819e-05)
(-0.000237987 0.000825773 -0.000212082)
(0.000107165 0.00102358 4.46121e-05)
(-0.0002478 0.00142026 -0.000324332)
(0.00021464 0.000842618 8.90402e-05)
(-0.000236658 0.00107425 1.16894e-05)
(0.000117992 0.000905564 -6.18258e-05)
(9.66654e-06 0.00109655 -1.07266e-05)
(-0.000126859 0.00100938 9.00016e-05)
(-0.000121622 0.00105223 -9.79962e-05)
(-4.05831e-05 0.0010578 6.2346e-05)
(0.000111142 0.00125052 0.000105447)
(2.68292e-05 0.00104816 0.000107588)
(-7.78125e-05 0.00144084 -4.41261e-05)
(-0.000205717 0.00126241 -1.04682e-05)
(0.00010426 0.00100553 -0.000212886)
(-0.000422323 0.000970422 4.05673e-05)
(-0.00048174 0.00126348 -0.000384358)
(0.000211629 0.0012057 4.59212e-05)
(-4.3205e-05 0.001009 -4.99452e-06)
(-1.41369e-05 0.00110223 -5.96429e-05)
(0.000349023 0.0008049 4.7768e-05)
(7.59199e-05 0.00124867 -2.09504e-05)
(0.000393035 0.00108945 -0.000227804)
(-0.000262394 0.00085082 -9.08116e-05)
(-0.000471786 0.00057395 -0.000158403)
(-0.000523844 0.00141417 -0.000169723)
(-0.000207145 0.000620651 0.000162425)
(-4.03685e-06 0.000958537 0.00041492)
(-0.000170055 0.000690725 0.000288151)
(0.000292689 -2.21681e-05 -0.000103829)
(0.000568189 0.000757621 0.000612944)
(9.27318e-05 0.000108398 -0.000242482)
(-0.00046542 0.00104817 2.70503e-05)
(0.000244552 0.000954707 0.000131626)
(0.000291011 0.00145726 4.44115e-05)
(8.86837e-05 0.00107812 0.00010466)
(3.92504e-05 0.00134003 -0.000119302)
(-1.26806e-05 0.00104559 -9.86834e-05)
(4.63296e-05 0.0010092 4.33762e-05)
(-4.3096e-05 0.00104209 1.343e-05)
(0.000236014 0.00126252 -5.75749e-05)
(-7.33896e-06 0.00119124 5.23695e-05)
(2.20728e-06 0.00105763 -5.47049e-05)
(0.000160871 0.00138945 0.000164218)
(7.26682e-06 0.00106665 -4.7573e-07)
(0.000160257 0.00115249 -7.02052e-05)
(-6.10203e-05 0.000983316 -0.000137598)
(-1.25394e-05 0.000957012 -3.57338e-05)
(6.0913e-05 0.00105272 2.94018e-05)
(-0.000344052 0.00139002 0.000112187)
(-0.000115886 0.00108821 5.23982e-05)
(5.86592e-06 0.00101836 0.000142468)
(-5.05611e-06 0.00104256 8.67938e-05)
(5.45964e-05 0.00112334 4.71447e-05)
(3.74521e-05 0.00111161 2.49858e-05)
(6.23502e-05 0.00105739 3.9218e-05)
(6.34561e-05 0.00104566 9.44012e-05)
(2.63433e-05 0.00109772 2.97453e-05)
(6.94068e-05 0.00110737 9.604e-05)
(-9.77771e-06 0.00108405 -2.52975e-05)
(6.49489e-05 0.00116731 -6.83898e-05)
(9.50629e-06 0.00111898 5.8627e-05)
(8.90692e-05 0.00117026 4.26864e-06)
(-4.89647e-05 0.00102743 1.16603e-05)
(5.58678e-05 0.00112597 4.58318e-05)
(0.000270032 0.00116259 -6.18536e-05)
(-1.90251e-05 0.00106213 -7.08024e-05)
(0.000428947 0.00121135 -5.61076e-05)
(2.64159e-05 0.000921748 -2.71451e-05)
(0.000187175 0.000737871 0.000126503)
(-0.000152737 0.00130412 -0.000213011)
(-6.63999e-05 0.00108632 1.77462e-05)
(1.87635e-06 0.000891463 -9.49507e-05)
(-0.000301892 0.000832328 -6.35938e-05)
(-0.000161011 0.000909267 -8.37587e-05)
(-0.000339945 0.000656869 5.4459e-05)
(-0.000482959 0.000624936 2.56484e-05)
(-8.40258e-05 0.00126162 -8.82851e-05)
(5.41733e-06 0.00120399 9.98526e-05)
(0.000301387 0.000907537 -0.000130008)
(-0.000180665 0.00127519 -1.75383e-05)
(-0.00045526 0.0010526 -0.000154869)
(-0.000278358 0.00141729 -1.13637e-05)
(0.000224962 0.00101844 -7.32785e-05)
(-0.000254037 0.00115792 -9.62902e-05)
(-0.000206251 0.00123357 0.000264009)
(0.000179737 0.00093352 0.00025876)
(-0.00035084 0.000866702 0.000209462)
(0.000378135 0.00114798 -0.000253679)
(-6.48509e-05 0.000966263 -0.000405967)
(-4.96763e-05 0.00136105 7.55075e-05)
(0.000582931 0.000996579 -8.44169e-05)
(-6.7121e-05 0.00117813 -2.86841e-05)
(0.000261011 0.00174228 -1.02739e-05)
(-0.000110308 0.000801482 3.33502e-05)
(0.000101977 0.00136702 3.23587e-05)
(-9.70596e-05 0.00128088 2.40986e-05)
(-8.78642e-05 0.00118247 -0.000274326)
(4.98397e-05 0.00144184 -0.000467944)
(0.000589387 0.000727211 9.13288e-05)
(-0.0001798 0.00175848 -7.39233e-05)
(0.000136784 0.000937501 -0.000205927)
(-0.000134101 0.000720034 -0.00028841)
(0.000264027 0.000783355 0.000270725)
(0.000306544 0.00101255 -0.000198763)
(-0.00059651 0.000652834 -0.000232848)
(-3.40335e-06 0.000765296 -0.000209647)
(-0.00257575 0.000125341 0.000187981)
(-0.00120157 0.000586952 8.64e-05)
(0.000269393 0.00174665 3.98926e-05)
(0.00109543 0.001439 0.000714367)
(-0.00267803 0.00254777 -7.15953e-05)
(-4.3941e-05 0.001206 -4.32582e-05)
(-6.40073e-05 0.00108091 2.61275e-05)
(4.17036e-05 0.000885357 -5.2658e-05)
(-0.000286378 0.00120069 3.76764e-05)
(0.000105423 0.00116426 0.000122012)
(-0.000181675 0.00116181 0.000100666)
(-2.06047e-05 0.00138289 0.000178487)
(6.04683e-05 0.00126048 3.0456e-05)
(2.2386e-05 0.000994311 6.93443e-06)
(0.000266491 0.00123022 -0.000317575)
(-7.26525e-05 0.00112243 -0.000284803)
(-0.000216601 0.000949929 -6.18741e-05)
(6.07405e-05 0.00110163 0.000106985)
(-2.15371e-05 0.00103866 -1.97324e-06)
(5.4199e-05 0.00117376 -8.95335e-05)
(2.64408e-06 0.00112616 1.29161e-06)
(1.10138e-05 0.001154 -0.000110582)
(-3.52601e-05 0.00103392 0.00010367)
(1.11511e-05 0.00107714 -6.3006e-05)
(3.05586e-05 0.00105659 1.26902e-05)
(0.000127985 0.000929581 4.24842e-05)
(5.70472e-05 0.00110354 -1.18177e-05)
(0.000123323 0.00100591 -0.00012572)
(3.87147e-05 0.00107381 7.06481e-06)
(-6.71546e-06 0.001068 1.8178e-06)
(-5.40482e-05 0.00117141 -2.59517e-05)
(1.37708e-05 0.00117496 0.000144321)
(2.47284e-05 0.00120312 2.39083e-05)
(-3.12063e-05 0.00115797 -4.41028e-05)
(7.39952e-05 0.00101387 1.21983e-05)
(0.00014383 0.000696174 -4.36592e-05)
(-0.00031802 0.000891014 8.2762e-05)
(-0.000102116 0.00107225 5.88134e-06)
(-0.000202639 0.00134744 2.79209e-05)
(-0.000138612 0.00114927 0.000167172)
(-0.000127396 0.00111913 5.88476e-06)
(-4.3682e-06 0.00104914 2.06862e-05)
(-6.962e-05 0.000634655 -1.18637e-05)
(-0.000177514 0.00129974 0.000125075)
(-0.000321439 0.000778148 -0.000109565)
(-0.000333463 0.000725928 -5.45154e-05)
(4.36374e-05 0.000894291 -0.000223928)
(3.99719e-05 0.000977869 -0.000122079)
(-7.81923e-05 0.000130342 0.000218378)
(-9.19906e-05 0.000564271 0.000277454)
(-0.000568694 0.000945987 0.000120049)
(-0.00010363 0.00177898 0.000318073)
(0.00162026 0.00172189 -7.17513e-06)
(-0.000368614 0.00087649 7.33298e-05)
(0.00129713 0.000951143 0.000405351)
(-1.56764e-05 0.00113549 0.00021673)
(0.000126018 0.00108059 0.000221238)
(0.000710155 0.000688463 -0.000351723)
(-0.000105512 0.00095068 -0.000130748)
(-0.000268766 0.00137669 0.000409876)
(-0.0006512 0.000785003 -6.80861e-05)
(-0.000221097 0.00134754 -9.77962e-05)
(0.000480238 0.000886987 -0.0001871)
(0.000225977 0.00130667 0.000293878)
(-0.000267491 0.000743109 -6.9087e-05)
(0.000310666 0.000418556 6.35565e-05)
(-0.00028837 0.000835285 2.75867e-05)
(2.05644e-05 0.0014114 -0.000154438)
(-7.87587e-05 0.00101307 0.000181928)
(-5.37299e-05 0.00143118 3.38919e-05)
(-2.19729e-05 0.00138148 -0.000335721)
(-0.000288703 0.000821233 -0.000147339)
(-0.000225496 0.00101122 1.37443e-05)
(-0.000253578 0.00147391 0.000152608)
(-0.000833511 0.00103698 0.000182007)
(0.000468467 0.0015973 -0.000160063)
(0.00030187 0.00171905 -6.46929e-05)
(0.000456603 0.000356711 -5.77791e-05)
(0.000588821 0.00121349 -4.79974e-05)
(0.000606547 -0.00186573 -0.000164035)
(0.0017718 -0.00115541 -0.000355977)
(0.000812831 0.00134256 -0.000106607)
(1.37783e-05 0.00112829 -2.95905e-05)
(6.2177e-05 0.00119229 2.53069e-05)
(-0.00033089 0.00121351 -9.61425e-05)
(-8.06796e-05 0.00109081 0.000153903)
(0.0001719 0.00101049 1.64804e-05)
(5.37184e-05 0.00112516 -3.93544e-05)
(-3.17101e-05 0.000281255 2.02115e-05)
(-8.04742e-05 0.00133568 -0.00024175)
(-0.000140966 0.00165297 -7.96059e-06)
(-0.000187346 0.00134576 -0.000206919)
(-0.000148598 0.000933509 -2.64709e-06)
(4.96656e-05 0.000918021 5.37497e-06)
(0.000158257 0.000818644 6.40869e-05)
(5.70109e-05 0.0010301 7.17334e-06)
(-0.000218129 0.00112094 -8.77388e-05)
(-0.000110406 0.00115715 -7.28897e-05)
(9.17673e-05 0.000978045 -0.000207134)
(2.67374e-05 0.00101913 -2.4105e-05)
(2.96782e-05 0.00111434 7.02518e-05)
(4.93003e-05 0.000941457 5.20846e-05)
(6.37142e-05 0.0011101 9.98429e-05)
(1.1633e-05 0.000927634 7.1649e-05)
(-0.00011442 0.00114828 -0.000102044)
(4.34545e-05 0.00106242 -3.89461e-05)
(1.15978e-05 0.00109325 -3.50335e-05)
(-7.567e-05 0.00110069 -1.11073e-05)
(7.78587e-05 0.00109975 -1.78779e-05)
(-0.000117455 0.00115211 -3.94341e-05)
(-1.64453e-05 0.00114405 -1.72616e-05)
(0.00012428 0.00106008 -4.57027e-06)
(-3.44116e-05 0.00105688 -1.70679e-06)
(0.000199248 0.000939548 9.1869e-05)
(-0.000311497 0.0010891 8.38048e-05)
(0.000168204 0.00115066 1.75159e-05)
(-0.000352868 0.000770574 -3.2779e-05)
(0.000149346 0.000877102 -4.23183e-05)
(-0.000354325 0.00127948 -1.67214e-05)
(0.000905965 0.00144017 0.000206855)
(0.000511545 0.00118056 -0.00012413)
(0.000288072 0.00069396 2.96823e-05)
(-0.000378321 0.000850292 -6.79441e-05)
(0.000491476 0.0014397 1.75406e-07)
(0.000632802 0.000892839 -9.10765e-05)
(0.000199394 0.00819396 -4.76025e-05)
(0.00182897 -0.00634755 -0.00082225)
(-0.00409229 0.00123526 0.000413289)
(-0.000293794 0.00429034 -0.000267931)
(-0.000600573 -0.000593724 -0.000208677)
(0.000317306 0.000273547 -0.000288009)
(0.00050143 0.00195675 -0.000277548)
(-0.000318405 0.00146632 0.000216901)
(0.000658257 0.000153282 0.00014957)
(0.000411292 8.58919e-05 -9.87962e-05)
(0.00041879 0.000817668 -0.000180274)
(0.000705613 0.00126127 0.000155918)
(0.000109802 0.000627597 -6.86385e-05)
(0.000673766 0.000850619 -2.0383e-05)
(0.000399943 0.00059517 -3.30898e-05)
(0.000101126 0.000682446 5.9685e-05)
(-0.000213599 0.000879456 -0.000109465)
(-0.000742531 0.000862853 5.95138e-05)
(-0.00067365 0.000604847 0.000145803)
(0.000880717 0.000970134 1.10013e-05)
(-0.000491794 0.00210297 0.00016185)
(0.000686329 0.00196098 -9.47546e-06)
(-0.000312423 0.000870433 -5.11433e-06)
(-0.000336591 0.00127876 -0.000252701)
(-0.000400149 0.0011705 8.74422e-05)
(-0.000575807 0.00170747 0.000167676)
(-6.9947e-05 0.00163261 0.000182941)
(-5.04804e-05 0.00146907 0.000117062)
(-5.58367e-05 0.000944423 0.000195512)
(0.000517447 0.00211862 4.69814e-05)
(-6.48345e-05 0.00122347 -5.57187e-06)
(-0.000389595 0.000923806 8.46659e-05)
(0.000186553 0.00104249 0.000122136)
(-0.000161404 0.000883862 -8.84649e-05)
(4.04325e-05 0.000975243 -1.43295e-05)
(1.44884e-05 0.0012344 0.000150369)
(7.42958e-07 0.000873966 3.08503e-05)
(0.000728962 0.0012953 -3.94091e-05)
(-0.000430684 0.00147578 4.02278e-05)
(0.000106002 0.000966278 -5.83008e-05)
(9.11622e-05 0.00140144 -7.25057e-05)
(-0.000228203 0.000916477 1.82888e-05)
(-0.000145114 0.00160442 5.8739e-05)
(-0.000141071 0.00120621 1.58781e-05)
(-0.000169739 0.00105393 -2.7156e-05)
(-0.000182042 0.00114885 0.00012)
(2.58451e-05 0.00105966 -0.000123991)
(-9.01892e-06 0.000920995 -8.64872e-05)
(4.78731e-05 0.00113233 -3.95826e-05)
(4.53475e-06 0.000926612 -3.00513e-05)
(9.92064e-05 0.000874329 3.64424e-05)
(0.000129965 0.00123329 7.91691e-05)
(0.000101172 0.000935515 4.91822e-05)
(0.00012713 0.000990906 0.000119243)
(0.000112911 0.00099582 -7.64208e-06)
(7.52904e-05 0.00102455 0.000118685)
(1.5193e-05 0.00104936 8.1735e-06)
(-2.59389e-05 0.00112741 -2.05763e-05)
(3.76786e-05 0.00109748 -6.00507e-05)
(0.000322077 0.00123619 -0.000102395)
(-2.69515e-05 0.0010762 -1.19478e-06)
(-0.000121506 0.00118661 -4.08539e-05)
(8.59725e-05 0.00106018 1.46828e-06)
(5.1746e-05 0.000984119 -5.10464e-05)
(0.000136817 0.00136988 -3.42242e-05)
(0.000796445 0.000700175 0.000259281)
(0.000114829 0.000971238 -4.0099e-05)
(-0.000472627 0.000596455 4.64803e-06)
(0.000191163 0.00135215 -2.11972e-05)
(-0.000280559 0.00111305 6.84018e-06)
(0.000263853 0.000959177 0.000134514)
(0.000757979 0.000193605 -6.02966e-05)
(0.00182757 0.000184466 1.73081e-05)
(-0.000819716 0.00121042 0.000315852)
(0.000705055 0.00178113 -0.000137366)
(0.00145542 0.00467808 0.000344567)
(0.000531914 0.00311303 -4.69879e-05)
(-0.00157759 -0.00118545 -0.000192286)
(-3.30434e-05 0.00199743 -0.000371959)
(0.000406658 0.00137414 -0.000193433)
(-0.000172371 -0.00134999 -0.000365552)
(-0.000151894 0.00154939 0.000176521)
(3.28568e-05 0.00314437 0.000104477)
(-6.37926e-05 0.000785629 0.000110311)
(-6.11033e-05 0.000586053 -0.000223766)
(0.000326141 0.000849817 -5.32059e-05)
(0.000203197 0.00111691 0.00017185)
(-0.000493991 0.000953059 -4.93427e-05)
(-0.000287277 0.00110641 0.000210413)
(-0.000248802 0.000887608 0.000219939)
(-0.000814939 0.000992059 -3.90894e-06)
(-0.00103769 0.000140651 -0.000521041)
(-0.00103921 -0.000398877 3.50473e-05)
(-0.000567113 0.0011757 0.000405227)
(-0.00110502 0.000955918 0.000164944)
(-0.000280586 0.00132851 -0.000285968)
(0.000251208 0.00102827 8.85143e-05)
(0.000403043 0.00132874 0.000197642)
(0.000807683 0.00127211 0.000233697)
(0.000812176 0.000809374 0.000177737)
(0.000660247 0.000824954 -9.61043e-05)
(0.000637386 0.00145864 -4.95072e-05)
(-6.51374e-05 0.00123263 4.69925e-05)
(-0.00021183 0.00154588 0.000332957)
(8.78752e-05 0.00143997 -0.000137342)
(-0.000153785 0.00153879 8.00963e-06)
(-0.000200904 0.00112456 0.000101645)
(-5.61552e-05 0.00107124 9.46495e-05)
(-3.72418e-05 0.00106737 7.85037e-05)
(-6.47066e-05 0.00118955 0.000139101)
(-6.38225e-06 0.000633303 0.000128185)
(-0.000126837 0.000971429 2.64366e-05)
(-0.000251838 0.00105602 -3.16313e-05)
(8.88952e-06 0.00140052 2.89305e-05)
(4.27627e-05 0.00155102 -4.79212e-05)
(-8.6148e-05 0.00107679 -8.26121e-05)
(4.94416e-05 0.000753043 5.7494e-06)
(-8.54467e-05 0.0010482 7.31443e-05)
(-0.000144842 0.00118048 2.8266e-05)
(-0.000175396 0.00102167 -2.68289e-06)
(-0.000237318 0.00108964 7.78987e-06)
(7.52908e-05 0.000999608 9.34834e-05)
(-7.61066e-05 0.000844409 -1.97995e-05)
(-4.95957e-05 0.00109164 -1.35526e-05)
(-0.000158339 0.00114591 -3.39612e-05)
(-0.000138556 0.0010929 8.06734e-05)
(5.08006e-05 0.00091624 -8.89625e-06)
(-2.55041e-05 0.000900086 4.9043e-05)
(0.000161647 0.00104311 7.88783e-05)
(-0.000152279 0.00087321 0.000107552)
(-9.21214e-05 0.00100473 8.31406e-05)
(4.31591e-05 0.00104536 -5.45836e-05)
(0.000258783 0.00138576 -8.60845e-05)
(3.5867e-05 0.00121548 8.64927e-05)
(4.99154e-05 0.00114077 -6.62669e-05)
(0.000115221 0.00107296 -4.45621e-05)
(0.000177592 0.000816478 1.25467e-05)
(-0.00042988 0.00114898 0.000172336)
(-0.000169091 0.000769348 -0.000192639)
(-0.000812816 0.00137807 -3.65655e-05)
(-0.000507714 0.000811445 0.000100609)
(0.000579968 0.000678064 -0.000258898)
(-0.00040433 0.000952844 -8.10671e-05)
(-7.12723e-05 0.00103666 -2.80853e-05)
(-0.000884761 0.000647033 5.46459e-05)
(0.000467391 0.000409989 -0.000187666)
(0.000180697 0.000594986 -5.70905e-05)
(0.000358532 0.000575275 -5.73176e-05)
(0.00124452 0.000383764 -6.48242e-05)
(7.50018e-05 0.00158317 -5.21705e-05)
(-0.000658445 0.000889191 -0.000205304)
(-5.09046e-05 0.00146462 6.61631e-05)
(0.000733522 0.00134195 -4.89829e-05)
(-0.00037338 0.00120359 0.000109564)
(0.000788434 0.000424659 -0.000167208)
(-0.000133846 0.000324805 6.21172e-05)
(-0.000126395 0.000544199 0.000272037)
(0.000539357 0.000975057 7.90611e-05)
(0.000973361 0.00109746 0.000177281)
(0.00347973 -0.00712724 -0.000126648)
(0.000480878 0.00132808 5.67351e-05)
(0.00129587 -0.00191934 -2.11861e-05)
(0.000412532 0.000915242 0.000241883)
(-0.000674044 0.000902056 -4.89189e-05)
(-0.000305957 0.00112028 -0.000252217)
(-0.000445653 -3.66241e-05 0.000490811)
(0.00145663 3.16111e-06 0.000128754)
(0.000926517 0.0012615 -0.000170159)
(-0.000639169 0.00143609 -0.000113388)
(-0.000239107 0.00162375 -0.000120235)
(0.00121698 0.00115442 -0.000142243)
(-0.000354718 0.000884147 0.000146501)
(0.00016375 0.00103289 0.000151596)
(0.000618679 0.00109004 1.79304e-05)
(5.90653e-05 0.00147273 3.77727e-05)
(0.000154507 0.00163183 0.000243251)
(0.000579027 0.00123088 3.52094e-05)
(0.000388185 0.00131126 0.000160463)
(0.000283303 0.0011067 1.83194e-05)
(-0.000224438 0.0015678 -3.71425e-05)
(0.000148514 0.000720203 -3.95782e-05)
(0.000130053 0.00105387 -2.79721e-06)
(0.000191392 0.00127397 -8.53178e-05)
(-9.23388e-05 0.00130784 -4.64304e-05)
(1.50133e-05 0.00106224 0.000147618)
(0.00021797 0.000756891 0.00012536)
(-3.00828e-05 0.00128878 2.29768e-05)
(0.000323406 0.000870048 -6.89209e-05)
(0.000286241 0.00127497 -8.47781e-05)
(-0.00021505 0.000581444 4.79423e-05)
(0.000203099 0.0010913 -2.051e-05)
(-0.000301951 0.000558345 3.65484e-05)
(7.52356e-05 0.00125612 8.51027e-05)
(0.000141951 0.000933335 0.000220036)
(0.000238069 0.000854542 2.64238e-05)
(-3.75186e-05 0.00107104 -5.73147e-05)
(4.36052e-05 0.00110314 -7.67978e-05)
(3.64619e-05 0.00096227 0.000135943)
(-4.51226e-05 0.00100807 0.000117836)
(-0.000575695 0.000723762 7.45871e-05)
(2.35267e-05 0.000922241 6.48725e-05)
(-8.19792e-05 0.000950566 4.11556e-05)
(7.97867e-05 0.00102373 9.50485e-05)
(0.000150801 0.0012438 5.88986e-05)
(-2.15341e-05 0.00121168 8.84919e-06)
(0.000330523 0.00123069 -6.29479e-05)
(8.74205e-05 0.00122841 -4.08139e-05)
(5.54328e-05 0.00120015 6.27418e-05)
(-5.42849e-05 0.00106898 -6.96466e-05)
(9.64369e-06 0.000993568 9.22912e-05)
(7.88224e-05 0.00122064 -7.03003e-05)
(9.73613e-05 0.00111465 5.10522e-05)
(0.000433496 0.000780216 5.45881e-05)
(-0.000281368 0.00124562 -1.09733e-05)
(-0.000122235 0.00123429 2.6106e-05)
(-0.000834011 0.000707156 -0.000253355)
(-9.65199e-07 0.000972422 -0.00021819)
(-0.000356081 0.000548658 5.07757e-05)
(-0.000274878 0.000666289 -7.72473e-05)
(6.1106e-05 0.000440252 5.52962e-05)
(-0.000180427 0.000947217 0.000132885)
(0.000546489 0.000492849 0.000100874)
(0.000150775 0.00106545 1.72047e-05)
(-0.000280278 0.00116708 -1.43502e-05)
(7.5875e-05 0.00119753 7.21902e-05)
(-0.000182357 0.00112474 -0.000130932)
(-0.000814587 0.00082247 0.000158327)
(-3.50562e-05 0.000923647 0.000203068)
(-0.000362838 0.0013206 8.72686e-05)
(-0.00013366 0.00127934 -3.47724e-05)
(-0.00040346 0.000842171 -6.21737e-05)
(0.000552049 0.000725357 -7.80875e-05)
(-0.000343537 0.00105157 -7.22298e-05)
(-0.000104277 0.00108941 2.70529e-05)
(0.0129288 -0.00532702 0.00121479)
(-0.0195749 0.0177951 -0.00110852)
(-0.000751533 0.000327073 0.000208906)
(0.000385166 0.000786766 9.25697e-05)
(-8.40904e-05 0.00101928 -2.22328e-05)
(0.000698516 0.000363071 0.000182312)
(-4.00685e-06 0.00205804 0.000488365)
(-0.000141432 0.00223761 0.000168686)
(-0.000885418 0.000267753 0.0003328)
(-0.000733194 0.00111114 1.86117e-05)
(8.22923e-05 0.000994606 0.000460169)
(-0.000603986 0.000636221 0.000142995)
(0.0011734 0.00104628 6.53533e-05)
(0.000774069 0.00191489 0.000129127)
(-0.000209512 0.00146807 4.21715e-05)
(-0.000244579 0.00147352 -5.30897e-05)
(-4.37004e-06 0.000804625 -5.75309e-05)
(-0.00013613 0.00162303 0.000305989)
(3.98011e-05 0.000501123 -3.74222e-05)
(0.000222023 0.000675587 0.000142481)
(0.000127541 0.00122788 0.000159624)
(-0.000292926 0.00101405 0.000141206)
(-4.63015e-05 0.00122517 -7.09226e-05)
(3.57107e-05 0.001055 -4.23196e-05)
(-0.000115365 0.00110655 7.60916e-05)
(-0.00048029 0.00122693 -8.01885e-05)
(-0.000241456 0.00108819 -0.000131147)
(-8.83807e-05 0.00107662 0.000160782)
(-5.72601e-05 0.00115487 -3.98323e-05)
(-0.000359317 0.00116691 -6.03728e-05)
(7.86104e-05 0.00099438 -9.82583e-05)
(0.000314168 0.000840909 5.13429e-05)
(0.000120884 0.00091961 0.000109641)
(0.000186175 0.00105705 1.85823e-05)
(9.54182e-05 0.00135116 -0.000165302)
(0.000112841 0.000910387 -0.000318801)
(-0.000283575 0.000863081 7.8984e-05)
(-0.000206622 0.000941518 -1.76498e-05)
(7.62439e-05 0.00119403 -5.57013e-05)
(2.66732e-05 0.00100706 -9.32675e-05)
(-1.53348e-06 0.000964795 8.30326e-05)
(0.000190039 0.000945922 -5.88922e-05)
(-4.51647e-05 0.00104618 -0.000116145)
(1.01244e-05 0.00156551 1.62991e-06)
(-4.72972e-05 0.00110061 1.7613e-05)
(0.000108976 0.000864219 -4.63372e-05)
(0.0001131 0.000936396 -1.01504e-05)
(0.000310679 0.000637168 2.66836e-05)
(7.36284e-05 0.000464992 -8.51384e-05)
(-0.000119734 0.00116394 -7.79842e-05)
(-0.000139275 0.00111731 1.44024e-05)
(0.000349199 0.0009473 -9.93009e-05)
(-0.000239234 0.000866793 3.88205e-06)
(0.000152734 0.00113757 3.06978e-05)
(0.000402083 0.000656272 -4.22194e-05)
(0.000127623 0.00116881 2.29324e-05)
(0.000151243 0.000844545 3.34778e-05)
(8.7136e-05 0.00094272 5.6056e-05)
(0.000222755 0.000868422 3.67346e-05)
(7.18739e-05 0.000964223 0.000225596)
(0.000263913 0.00110986 -0.000102872)
(0.000192454 0.00108842 6.40359e-05)
(-0.000274834 0.000528805 4.04135e-05)
(-0.000115482 0.000833463 -0.000104932)
(-3.96193e-05 0.0010181 0.000103451)
(-9.31506e-05 0.000907035 -3.57678e-05)
(-0.000229951 0.00111006 0.000149612)
(5.89842e-05 0.00110402 7.74332e-05)
(-0.000440496 0.00103615 1.72186e-05)
(-0.000190608 0.00114251 -7.7694e-05)
(0.00022096 0.00125808 9.26209e-06)
(-8.43734e-05 0.000910347 2.14093e-05)
(-0.000184566 0.000758358 0.000127796)
(-1.61652e-05 0.00098099 7.76851e-05)
(6.97953e-06 0.00115457 0.000379681)
(0.000434134 0.00054737 3.71161e-05)
(8.2362e-05 0.00072513 -0.00014372)
(0.000153198 0.00113726 4.49051e-05)
(-9.9314e-05 0.000948775 0.000197077)
(0.00029454 0.00119463 -6.704e-05)
(6.97334e-05 0.000961101 2.46429e-05)
(-6.77009e-05 0.0010583 0.000202115)
(0.000273141 0.00150801 -3.67256e-05)
(-0.000128315 0.00115353 -0.000266636)
(-0.000294976 0.00235678 4.77545e-05)
(0.000228637 0.00169588 -4.57209e-05)
(-0.000571278 0.0022178 3.92054e-05)
(0.000248993 0.00120158 0.000332016)
(0.00101441 -0.000346594 0.000148806)
(0.000369134 0.00265144 -8.62611e-05)
(-0.000376379 0.000898361 -7.18388e-05)
(-0.000119745 0.00194355 0.000171568)
(-1.38428e-05 5.05441e-05 -2.86192e-05)
(-5.36481e-05 0.000695993 2.27709e-05)
(-0.00027025 0.00058894 -6.68896e-05)
(-0.000446176 0.000526302 -7.12669e-05)
(-0.000145413 0.000686614 6.65956e-05)
(-0.000368608 0.000379096 -8.69884e-05)
(0.000306067 0.000946907 0.000226689)
(0.000381246 0.00121828 -9.51781e-06)
(0.0015698 0.00156992 0.000381878)
(-0.000305698 0.00124517 -6.28869e-05)
(0.000467095 0.000767369 -0.000212827)
(-0.000266398 0.00130014 0.000170231)
(-0.000330493 0.00122529 -0.000152711)
(0.000180815 0.00140275 0.000171415)
(-8.33463e-05 0.000893559 0.000103767)
(5.69121e-05 0.0011574 6.24361e-05)
(5.29642e-05 0.00102651 2.47134e-05)
(-0.000283441 0.00132051 3.21538e-05)
(-1.71117e-06 0.000871644 -6.28744e-06)
(0.000411187 0.000997617 -6.16231e-05)
(4.45618e-05 0.00108629 0.000217625)
(-7.7505e-05 0.0010942 0.00013998)
(-1.95371e-05 0.00119931 -0.000113404)
(-2.14504e-05 0.00117234 0.000121734)
(0.000480544 0.00124029 -0.000863337)
(0.000296338 0.000943245 -1.34986e-05)
(0.000369161 0.00121509 -0.000131967)
(0.000133741 0.000950399 0.000296358)
(-0.00026949 0.00107451 0.000170014)
(-5.37314e-05 0.00108391 -6.99387e-05)
(-0.000131025 0.00106912 1.20969e-05)
(-0.000195953 0.000971643 -0.000104759)
(0.000335259 0.00108036 6.06911e-05)
(8.30391e-05 0.00104784 -0.000202458)
(-0.0003616 0.00130104 7.74075e-05)
(9.93478e-05 0.00118878 -2.50656e-05)
(0.000118336 0.00107679 0.000116209)
(0.000324807 0.000897025 9.43004e-05)
(-0.000233922 0.00112488 1.29977e-05)
(-0.000246707 0.0010032 -5.13647e-05)
(-9.83183e-05 0.00110818 4.00965e-05)
(-7.45597e-05 0.00117833 0.00010724)
(0.000204449 0.00118924 6.37876e-05)
(2.53757e-05 0.00114397 0.000176284)
(4.20452e-05 0.00110404 -9.5824e-05)
(0.000527664 0.000895916 -0.000144627)
(9.41625e-05 0.000837525 4.20666e-05)
(6.20453e-05 0.00101596 5.44606e-05)
(-0.0036354 0.00305785 0.000580466)
(0.00418572 -0.000396793 -0.000401438)
(0.000314147 0.00130348 -6.20247e-05)
(-0.00145664 0.00128561 4.69636e-05)
(-0.000807464 0.00160831 0.00011989)
(-0.000284336 0.00147447 0.000171091)
(0.00155676 0.000785602 -5.28583e-05)
(-5.1539e-05 0.000168697 -4.27032e-05)
(-9.89264e-05 0.00137443 4.59957e-05)
(-0.000795609 0.000756003 3.63264e-05)
(-9.07307e-05 0.00126577 -2.79099e-05)
(-3.7144e-05 0.00111702 -5.24713e-05)
(9.13194e-05 0.000798892 -1.21764e-05)
(7.7241e-05 0.000684861 -9.9719e-06)
(0.000298019 0.00106337 9.28183e-05)
(0.000283804 0.00123317 -0.000163361)
(0.000339408 0.0011176 -7.84387e-05)
(-8.48809e-05 0.00145631 3.02817e-05)
(-0.000163455 0.00022771 6.21063e-05)
(-0.000177609 0.00109975 9.59768e-05)
(0.000606194 9.62465e-05 3.64267e-05)
(-0.000984385 0.000243294 -5.25816e-05)
(-0.000933796 0.00133673 -5.87949e-06)
(0.000887738 -0.000636544 1.1235e-05)
(-0.000269274 0.00107493 7.71686e-05)
(-0.000391299 0.000488729 -3.80121e-05)
(0.000488876 0.00117297 4.65358e-05)
(-0.000308523 0.000837414 -4.45299e-05)
(0.000461623 0.00172683 -1.98631e-06)
(-0.000123241 0.00119211 -0.000222743)
(-0.000444074 0.000382132 9.14577e-05)
(-0.000137009 0.000500676 8.68205e-05)
(0.00017966 0.00229271 -4.39299e-05)
(6.79632e-05 0.00171668 -0.000149811)
(-0.000412458 0.00201 -0.000236769)
(0.000218107 0.00144775 -9.11501e-05)
(-0.000550086 0.000905159 -0.000220661)
(-0.000470768 0.00251834 0.000164064)
(0.000658422 0.000244811 -0.000150234)
(-0.000427921 6.76579e-05 -1.12672e-05)
(-0.00111147 0.00207171 -2.1751e-06)
(0.00022177 0.000721315 8.0862e-06)
(0.000184678 0.000765358 0.000219033)
(6.7959e-05 0.00100223 0.000137647)
(8.72789e-05 0.00126158 -4.02919e-05)
(0.00035904 0.00099546 -5.67512e-05)
(0.000375503 0.00105893 0.000281406)
(0.000125939 0.00111763 0.00037989)
(6.07786e-05 0.00101169 1.2469e-06)
(0.000510669 0.0015793 8.15141e-05)
(-0.000357488 0.000995429 -0.000108593)
(5.41246e-05 0.0013846 -0.000924115)
(0.000104616 0.00117394 -0.000378895)
(6.85115e-05 0.00120175 3.39991e-06)
(0.000265523 0.000968073 4.04702e-05)
(0.000300645 0.000698893 2.68633e-06)
(-9.65125e-05 0.000687738 -0.000158956)
(0.000140959 0.00101716 -2.70687e-05)
(-0.000824992 0.00110835 -0.000112187)
(0.000298434 0.00128653 0.000122088)
(7.32506e-05 0.00113711 6.32659e-05)
(0.000228323 0.00102379 -6.00619e-06)
(0.000256399 0.00145451 2.42724e-05)
(-0.000331261 0.00119985 4.83023e-05)
(-4.20808e-05 0.0010754 3.88935e-05)
(-2.9762e-05 0.00115451 1.13529e-05)
(-0.00019289 0.00105049 -6.24344e-05)
(-6.50599e-05 0.00102859 0.000103178)
(-0.000191284 0.00126218 3.73056e-05)
(-6.23573e-06 0.000801807 0.000167958)
(2.92375e-06 0.000973649 6.99171e-05)
(2.87199e-05 0.000878052 5.11713e-05)
(0.000138377 0.00117664 -1.00589e-05)
(-0.000633072 0.00168218 -6.00815e-05)
(0.000382431 0.00151618 2.24269e-05)
(-0.000102917 0.000417644 -1.30707e-05)
(-8.09906e-05 0.00129022 0.000143145)
(0.000229505 0.000746906 0.000114711)
(-0.000225254 0.00174252 -0.000171262)
(0.000112934 0.00116035 -0.000118505)
(-0.000186537 0.000899747 -6.32166e-05)
(0.000296163 0.000940469 -0.00012078)
(0.000401432 0.00116187 -4.33386e-05)
(0.000464694 0.00132273 -1.12628e-05)
(0.000476717 0.00162189 -8.89337e-05)
(0.000502822 0.000935343 -0.000160245)
(0.000379679 0.00110394 9.71199e-06)
(-0.000557207 0.0014666 2.95176e-05)
(0.000239862 0.000901807 -0.000113297)
(-0.00077735 0.000463004 -2.31431e-05)
(-0.000257755 0.00161674 0.000226841)
(0.000104921 0.00156108 -2.18985e-05)
(-0.000787658 0.0011678 0.00360859)
(-0.00026273 0.00182569 0.000483875)
(-0.000214949 0.00244115 2.53147e-05)
(0.00134937 0.000912823 1.94569e-05)
(0.000732456 0.00200897 -0.000175266)
(0.000745915 0.00101687 0.000141256)
(-0.000213211 -0.00066367 -0.000162684)
(0.000343179 0.00312463 0.000343124)
(0.000969337 0.0018044 6.07991e-06)
(0.000516047 0.00100486 7.46163e-05)
(-0.000132111 0.000320654 7.12477e-05)
(-0.000414439 0.00131536 -5.15016e-05)
(-0.000443548 0.00086023 -0.000166467)
(-0.000940886 0.000152216 -0.000427905)
(0.000396406 -0.000516095 -0.000132201)
(-0.000841248 0.000667076 -0.000189237)
(-0.000274388 0.000602898 3.96437e-05)
(-2.66602e-05 0.000753337 1.62684e-05)
(8.07455e-05 0.00105567 0.000139322)
(-3.75176e-05 0.000604647 9.95233e-05)
(1.62654e-05 0.00106056 8.17705e-05)
(0.000177254 0.0011182 9.56006e-05)
(0.000178284 0.000912071 -1.0698e-05)
(1.98523e-05 0.00137465 -0.00014641)
(-1.29318e-05 0.000728147 -6.1407e-06)
(-0.00031736 0.00152916 9.18709e-05)
(0.000378926 0.00127151 1.30275e-05)
(0.000620868 0.00101871 0.000122279)
(-9.58659e-05 0.000823029 -0.000583299)
(-7.18312e-05 0.00160551 5.93361e-05)
(2.83719e-05 0.000943795 -2.34249e-05)
(0.000344966 0.000809294 -1.21158e-05)
(-0.000192106 0.000933325 -1.93264e-05)
(-0.000161522 0.00131583 2.92622e-05)
(0.000108103 0.00122453 -4.73392e-05)
(0.000304464 0.0014563 2.01827e-05)
(0.000471667 0.000879495 0.000216291)
(7.56281e-06 0.000810405 0.000188888)
(-0.000283706 0.000889185 -4.33764e-07)
(-7.73465e-05 0.00113593 -0.000377497)
(0.000158876 0.00113608 5.04869e-05)
(4.30282e-05 0.000861093 9.30219e-05)
(-6.40641e-06 0.00131333 0.000141225)
(-2.8722e-06 0.00114183 2.17555e-05)
(-0.00010612 0.00106003 -3.8802e-05)
(-0.000107543 0.00109682 -0.000166492)
(-0.000156599 0.0011057 -4.91773e-05)
(-4.65206e-05 0.00101018 -4.13165e-05)
(-5.36403e-05 0.00127962 5.54153e-05)
(7.0577e-05 0.00136369 -0.000128208)
(-4.22053e-05 0.001056 -1.44676e-05)
(3.07661e-05 0.00109554 4.90528e-05)
(-8.84394e-05 0.000964927 -3.30141e-05)
(6.59221e-05 0.00107531 3.68575e-06)
(0.00012535 0.000916203 -2.40948e-05)
(-0.000100934 0.00129728 -8.78228e-05)
(-0.000107176 0.00139531 0.000108239)
(-0.000200955 0.000840346 8.15164e-05)
(-0.000282044 0.00129366 -7.45149e-05)
(-0.000217432 0.000922216 0.000133394)
(-2.11717e-05 0.000652415 -1.35714e-05)
(-3.07493e-05 0.00158381 0.000159093)
(-0.000354544 0.00109897 -1.58561e-05)
(-0.000625529 0.00144085 8.25098e-05)
(-5.6935e-05 0.00118268 5.30426e-06)
(0.000414221 0.00140555 0.000145973)
(-0.000246958 0.00104781 9.11197e-05)
(-9.42177e-05 0.00141878 -8.15041e-05)
(-5.82201e-05 0.00120597 3.85689e-05)
(0.000856373 0.00123238 -0.000103294)
(0.000245779 0.000154632 5.9549e-05)
(-0.000586095 0.00132763 -0.000140466)
(0.000241195 0.00107401 -0.000350575)
(0.00084604 0.00260947 -6.94727e-05)
(0.000139412 0.000328944 5.55958e-05)
(-0.00191052 0.00537122 -1.3542e-05)
(-5.78706e-05 0.00112328 -0.000134235)
(0.000362831 -0.00367697 2.68261e-05)
(0.000919332 0.0011915 2.21752e-05)
(0.00098729 0.00122921 2.63514e-05)
(0.000881623 0.00241254 -4.65389e-05)
(0.000438736 0.000405233 0.000183403)
(0.000108766 0.00131841 -0.000162952)
(-0.000153025 0.00122032 0.00010377)
(0.000324436 0.00130308 6.68159e-05)
(0.000338216 0.000961427 0.000121303)
(0.000362967 0.000465149 0.000148348)
(-0.000980244 0.00140937 5.36429e-07)
(7.62596e-05 0.00134539 2.05279e-05)
(-0.000293138 0.000778473 8.1016e-05)
(0.000658917 0.00103686 7.11384e-05)
(0.000332368 0.000109309 -5.51535e-05)
(0.000904298 0.000865393 -0.000251971)
(0.000325388 0.00307113 -0.000337634)
(-0.000572401 0.000866854 7.57919e-05)
(-0.00427592 0.0026942 3.63322e-05)
(0.00393124 -0.00116752 -0.000106758)
(0.000222416 0.00151692 8.02384e-05)
(0.000165867 0.000988669 6.49298e-05)
(-0.00052743 0.000766107 7.20337e-05)
(-0.000306563 0.000946885 -2.5861e-05)
(0.000129475 0.00157514 2.49846e-05)
(-0.00014558 0.00139744 -6.82592e-05)
(-0.000358717 0.00129649 -0.000155104)
(-0.000675008 0.000482417 3.9498e-05)
(-0.000703081 0.00149287 5.58145e-05)
(-0.00019049 0.00108719 -9.45177e-05)
(-7.57317e-05 0.00126121 4.89395e-05)
(0.000385001 0.000928973 -0.000125615)
(0.000267392 0.000916817 0.000134091)
(0.000482928 0.00125771 -1.99333e-05)
(0.000541512 0.00131566 1.87784e-05)
(-0.00019381 0.00109464 -5.81669e-06)
(-5.78532e-05 0.000976831 5.6499e-05)
(0.000186043 0.00104845 5.03239e-05)
(-2.42015e-05 0.000898541 -0.000145243)
(4.09764e-06 0.00103057 -6.54128e-05)
(-0.000185227 0.000976444 -2.7262e-05)
(-0.000103533 0.000986892 -7.64724e-05)
(-7.0766e-05 0.00111483 -0.000113885)
(0.000110024 0.000855935 -3.46483e-05)
(-3.91401e-05 0.000990132 2.91995e-05)
(-9.42586e-06 0.00101052 -1.42011e-05)
(0.000196263 0.000964176 -5.38137e-05)
(-1.27054e-05 0.000935968 2.01661e-05)
(-0.000108457 0.00086766 5.706e-06)
(-0.000111172 0.00123598 -5.94149e-05)
(0.000151961 0.00107857 -3.62579e-05)
(0.000190141 0.00123526 9.17904e-05)
(1.72406e-05 0.00112888 -4.41336e-05)
(0.000284372 0.00103995 9.07904e-05)
(-2.93813e-05 0.00144502 0.000118028)
(0.000157547 0.00111119 -0.000101717)
(7.93832e-05 0.000965198 -9.85081e-05)
(-7.93603e-05 0.00137576 -0.000159853)
(0.000249587 0.00110819 1.94604e-05)
(-0.000471878 0.0011677 -4.26626e-05)
(-0.000317515 0.00117774 7.10667e-05)
(-0.000103172 0.000816428 3.77159e-05)
(0.000299758 0.00173559 -0.000281147)
(-4.07832e-05 0.0016212 -6.0457e-05)
(0.000880769 0.000954864 -0.000224826)
(0.00055083 0.00113336 -7.44572e-06)
(0.000352764 0.000738013 -7.66951e-05)
(-0.000458689 0.000968556 -0.00018909)
(-0.000503022 0.00100889 -3.11034e-05)
(0.000386405 0.000778327 8.41823e-06)
(-0.000307489 0.00113506 9.48417e-05)
(0.00146053 -4.35215e-06 0.000302632)
(-0.000909627 0.00163459 -0.000199545)
(5.1403e-05 0.00243436 -8.4505e-05)
(0 0 0)
(3.53386e-06 0.0023195 -0.000212746)
(4.54513e-05 0.00116456 0.000132507)
(0.00115175 -0.000464975 0.000218923)
(-0.00105457 -0.000326835 7.75717e-05)
(0.000227089 0.00130076 -4.01218e-05)
(0.000302753 0.000736403 0.000404104)
(-0.000283111 0.000902795 2.11814e-05)
(-0.000226348 0.000358987 -6.07655e-05)
(-0.000111955 0.00350664 0.000361543)
(-0.000235355 0.000709087 -8.73395e-05)
(-0.000413925 0.000806677 -6.40661e-05)
(-9.95606e-05 0.0014411 -0.00015413)
(0.000472154 0.000275961 6.75041e-05)
(0.000284499 0.00238599 0.000335076)
(8.60752e-05 0.00185557 6.61972e-05)
(0.000257485 0.00022637 0.000109383)
(0.000125343 0.00103552 0.000162212)
(-0.00037944 0.000810854 4.47907e-05)
(-0.000436856 0.0014402 -3.63901e-05)
(5.47245e-05 0.00163671 -3.37811e-05)
(0.000159681 0.000925791 -6.22769e-05)
(-0.000366313 0.00133066 -1.10609e-05)
(-0.000227877 0.000906721 6.12675e-05)
(-9.53693e-05 0.000976703 3.47404e-06)
(-0.000239272 0.00146703 1.10988e-05)
(9.39817e-05 0.00130176 0.000124072)
(5.68997e-06 0.00123141 0.000132512)
(-0.000415903 0.00100504 8.98355e-05)
(-0.00031782 0.00098745 -7.25962e-05)
(0.000328437 0.00103833 -1.77842e-05)
(0.000332675 0.00103627 4.08593e-05)
(-7.82885e-05 0.000917637 -9.35983e-05)
(-0.000213155 0.000989509 5.61777e-05)
(-0.000106266 0.00100347 -4.69227e-05)
(-0.000474242 0.00125927 -2.80145e-05)
(-0.000310334 0.00112326 6.34645e-05)
(-0.000141625 0.00131908 4.06529e-05)
(-0.000112512 0.000983735 3.66641e-05)
(1.73939e-05 0.000948606 7.13093e-05)
(-7.53777e-05 0.00102047 -7.73788e-06)
(0.000136265 0.00116896 2.67765e-05)
(-2.49927e-05 0.000785237 -3.3118e-05)
(7.14333e-05 0.00146231 -3.06743e-05)
(3.12718e-05 0.00115826 0.000188293)
(9.01619e-07 0.00117394 -9.8375e-06)
(3.44208e-05 0.00126522 -3.24713e-05)
(0.000215644 0.00104824 -5.50624e-05)
(2.24376e-05 0.00107381 4.05455e-05)
(5.33183e-05 0.000994525 -1.2037e-05)
(-7.50762e-05 0.00106003 1.11757e-05)
(0.000184944 0.00101767 -7.97741e-06)
(9.09469e-06 0.00105896 5.37969e-05)
(7.76691e-05 0.00110186 -6.64465e-05)
(0.000251067 0.000862102 8.30176e-05)
(-3.86732e-05 0.00106904 1.99715e-05)
(-0.000182473 0.000948027 6.91154e-05)
(-0.000357236 0.00119844 -2.53904e-06)
(-5.46292e-05 0.00130768 -3.80368e-06)
(-0.000143472 0.00139131 8.70035e-05)
(0.000247168 0.00110305 2.35456e-06)
(-0.000182992 0.00105524 -0.000134128)
(0.000457862 0.000863003 -0.000124862)
(0.000472098 0.000727442 1.31734e-05)
(-0.000208483 0.00131498 -3.97598e-05)
(-0.00127804 0.000668109 -1.17481e-05)
(-0.000712562 0.000646362 -0.000180301)
(-0.000399779 0.00092988 -2.2296e-05)
(0.000549629 0.00200196 -0.000116746)
(0.000725856 0.00176842 0.000575814)
(0.000151773 0.000109534 -0.000359908)
(-0.000157267 0.000849109 0.000533802)
(-0.000588666 0.00185542 -0.000242327)
(-0.000643847 0.000971967 -1.6043e-05)
(-0.000534657 0.00154179 -0.000142491)
(0.000503492 0.0016271 7.31536e-07)
(0.000441519 0.00243159 0.000205761)
(-8.09146e-05 0.00159263 1.76404e-05)
(-0.000264709 0.00105389 0.000311824)
(0.000205717 0.00188961 -0.000225925)
(0.000209343 0.000913808 5.98733e-05)
(-7.39208e-05 6.0097e-05 -0.000109221)
(0.000266235 0.000100469 -0.000278428)
(3.66347e-05 0.000106594 6.30567e-06)
(-0.000544874 0.00150049 0.00029867)
(4.96483e-05 0.0005519 4.16221e-06)
(0.000448942 0.0014393 -2.43312e-05)
(-4.59642e-05 0.00105259 -5.64299e-06)
(0.000213662 0.00134167 7.02961e-06)
(0.000240795 0.000887911 5.50784e-05)
(-0.00153182 0.00226767 0.000273043)
(0.000489634 0.00499526 0.000186211)
(0.00222625 0.00134409 4.84973e-05)
(-0.00136507 0.00269224 -1.22586e-05)
(0.000418345 0.000517811 -0.000141297)
(0.000140652 0.000725983 1.61895e-05)
(-0.000300351 0.00122106 -6.18373e-05)
(0.000295133 0.00144815 -9.64125e-07)
(-0.00067382 0.00154653 -0.00038325)
(0.00025993 0.00139186 -9.91719e-05)
(8.02241e-06 0.00116957 -9.30372e-05)
(-0.000212246 0.000875068 -6.26968e-05)
(3.01397e-06 0.00146379 -0.000177798)
(-0.000123023 0.00112365 5.80218e-05)
(0.000158546 0.00129609 -3.48372e-05)
(9.5623e-06 0.00106985 -9.3439e-05)
(0.000213369 0.000645247 -0.000157213)
(0.000198234 0.00105943 -9.99579e-05)
(0.000248959 0.00152889 -0.000141088)
(-0.000467965 0.00123553 9.40895e-05)
(0.000137683 0.00110361 -9.58036e-05)
(-0.000123204 0.0013036 0.00018396)
(0.000692283 0.000917686 9.01429e-05)
(8.46938e-07 0.000832796 -7.88239e-05)
(-0.000291827 0.00127789 2.23391e-06)
(-0.000178672 0.00103545 -0.00021993)
(-3.49165e-05 0.00118613 -4.78975e-05)
(-0.000208637 0.00118388 1.69982e-05)
(-0.00027342 0.00125779 -4.50834e-05)
(1.19271e-05 0.00123104 3.4167e-06)
(2.40348e-05 0.00122626 1.46184e-05)
(8.22566e-05 0.00113257 -8.17963e-05)
(-4.55546e-05 0.00121227 -0.000146238)
(0.00011737 0.00105277 1.20178e-05)
(0.000148529 0.00109349 4.00543e-05)
(0.000131015 0.000983834 -2.2295e-06)
(-3.90383e-05 0.000852626 -8.09393e-05)
(7.83451e-06 0.00107408 3.11959e-05)
(2.06702e-05 0.00105031 -3.6012e-05)
(-0.000129207 0.000838011 3.02848e-05)
(-8.68294e-05 0.00109986 -8.76733e-06)
(2.65801e-05 0.00101257 7.32457e-06)
(3.10863e-05 0.00107208 7.0522e-05)
(-6.10675e-05 0.000918197 -2.14036e-06)
(-0.000138096 0.00104494 -6.10851e-05)
(-9.05697e-05 0.0011912 0.000109455)
(-0.000148933 0.00122988 9.13858e-05)
(-0.000172056 0.00106776 9.39675e-05)
(-6.16335e-05 0.00100139 -4.29604e-05)
(-0.000173798 0.000905871 9.73209e-05)
(-0.000439575 0.00103039 5.69875e-05)
(0.000857544 0.000723581 -0.000487758)
(0.0006872 0.000281377 8.18325e-05)
(-5.16626e-05 0.000159526 4.62381e-06)
(0.00108961 -0.000443872 -0.00147152)
(0.00151546 0.00181681 -0.00032009)
(0.000504061 0.00169981 -0.00138622)
(0.000454697 0.00107837 0.00060019)
(-0.000907764 0.000808621 0.000119097)
(0.000506476 0.00177937 -0.000207498)
(-0.00109528 0.000250147 6.37718e-05)
(0.000908261 0.00030469 8.82466e-06)
(-0.000350004 0.00314803 0.000364284)
(0.000649871 0.000936012 1.7232e-05)
(0.000905425 0.00230603 6.57701e-05)
(-0.000326463 0.000742266 -0.000403549)
(-0.000494241 0.000542756 0.000159861)
(0.000476358 0.00241314 0.000127784)
(-0.000179652 0.000687007 6.23577e-06)
(0.000589289 5.4628e-05 -0.000161794)
(-0.000547602 -0.000262316 -0.000258171)
(-0.000886262 -0.000134084 -8.1996e-05)
(0.000112403 0.00043685 -0.000101988)
(0.000307527 0.000217101 -2.35686e-05)
(0.000279431 2.87367e-05 -0.000173442)
(0.000462258 0.00116742 2.27656e-05)
(-0.000360119 0.00073228 -7.95004e-05)
(-0.000311455 0.0005799 0.000145859)
(1.04159e-05 0.000839976 -4.0345e-05)
(-0.000427414 0.00115466 -0.000328434)
(-0.000483048 0.000956873 -0.000154827)
(5.38044e-05 0.00115058 7.86765e-05)
(-0.00069038 0.00146903 -0.000185622)
(-0.000355486 0.000999683 -6.31546e-05)
(-0.00020885 0.000977945 -7.12573e-05)
(-0.000504709 0.0011679 8.49667e-05)
(-8.8975e-05 0.00099556 1.23226e-05)
(-5.9932e-05 0.000727173 -3.07205e-05)
(0.00047449 0.0013293 5.45653e-05)
(-0.000146607 0.00104636 -0.000236899)
(-0.000503897 2.26393e-05 8.16745e-05)
(-0.001386 0.00176107 -0.000124268)
(9.81339e-05 0.000867555 0.000357895)
(0.000118832 0.000802374 4.86592e-05)
(0.000394977 0.000657158 8.70882e-05)
(0.000127642 0.000823868 -1.49457e-05)
(-7.80286e-05 0.000903787 0.000143323)
(0.000186244 0.00131193 0.000143128)
(-0.000169463 0.00084842 0.00053137)
(-0.000222277 0.00111564 -9.17809e-05)
(3.76865e-05 0.000701335 0.000232944)
(-0.000190749 0.00121337 -2.49849e-05)
(0.000118128 0.000897096 5.40473e-05)
(0.000141607 0.00106296 -3.61756e-05)
(1.31097e-05 0.00118613 -5.81099e-06)
(0.000306945 0.00122921 2.15491e-05)
(-1.92077e-05 0.00118133 -3.25639e-05)
(-0.000121577 0.00120301 -8.26157e-05)
(-0.000150338 0.00115347 -3.42611e-07)
(0.000101991 0.000946414 -1.09796e-05)
(9.24785e-05 0.00112219 4.37127e-05)
(-5.5021e-05 0.0010652 -1.66725e-05)
(6.68538e-05 0.00100138 7.99339e-06)
(0.000154562 0.000981139 -4.84479e-05)
(-6.92014e-05 0.00100599 -6.43077e-05)
(1.62688e-05 0.000927115 -9.71708e-05)
(-0.000240927 0.00117318 -2.80043e-05)
(-4.38447e-05 0.0008733 0.000135728)
(0.000106923 0.00105434 1.08355e-05)
(4.16196e-05 0.000945662 6.13251e-06)
(-0.000146832 0.00122098 -6.36796e-05)
(-2.96071e-05 0.00116129 -1.27511e-05)
(-0.000421993 0.0011177 1.86642e-05)
(-0.000282757 0.000415088 3.16436e-05)
(5.64635e-05 0.00103119 -4.71215e-05)
(-6.97191e-05 0.00119793 -2.28179e-05)
(0.000646718 0.00200973 0.000114768)
(-1.07473e-06 0.00221299 0.000122907)
(-0.00062067 0.00261805 -4.99697e-05)
(-3.92175e-05 0.000882369 1.39914e-05)
(-0.000274525 -0.000372008 0.000204418)
(0.00126036 0.000354328 -0.0012184)
(0.000248522 0.000873657 0.000475474)
(-0.000264839 0.00107298 0.000719634)
(-0.000569563 3.28343e-05 -0.000119321)
(0.000290565 -0.000567432 8.98508e-05)
(-0.000503291 0.00084002 7.08855e-05)
(-0.000606891 0.00186183 -0.000166086)
(0.000656686 0.00105364 -8.59133e-05)
(0.000806677 0.00252913 -6.03579e-05)
(0.000940703 0.00149463 7.34577e-05)
(0.000863152 -0.00328411 -0.000333855)
(0.000414351 0.00243775 7.69437e-05)
(-0.00165898 0.00207688 -0.000351477)
(0.000190553 0.00144663 0.000287509)
(0 0 0)
(0.000217554 0.000739538 -0.000154772)
(0.00268284 -0.00171691 -0.000119361)
(5.47942e-05 0.00108643 7.73942e-05)
(4.34379e-05 0.00111158 6.26567e-06)
(4.04587e-05 0.00111769 1.2514e-05)
(4.68335e-06 0.00106728 3.45395e-05)
(0.000254585 0.00115491 -3.00156e-05)
(7.18618e-05 0.00118102 -4.95356e-05)
(0.000142973 0.00114709 -5.07978e-05)
(-0.00010282 0.000998526 -0.000294464)
(-0.000109084 0.00132054 8.87732e-06)
(-3.41508e-05 0.00101927 2.95477e-05)
(7.68248e-06 0.000848672 -0.000183595)
(3.21348e-05 0.00104171 -4.20682e-06)
(-0.00031944 0.000811025 -7.15779e-05)
(2.95424e-05 0.00103733 -4.75743e-05)
(8.68849e-05 0.00107292 -0.000110494)
(6.71285e-05 0.0012926 6.66456e-06)
(-4.02621e-07 0.00104084 -3.46074e-05)
(-6.81666e-05 0.00107029 -3.11681e-05)
(4.17142e-05 0.00116188 9.1267e-05)
(-3.28431e-06 0.000835641 2.60628e-05)
(2.29681e-05 0.000768482 -9.10832e-05)
(-3.52895e-05 0.00108195 0.000142136)
(-0.000139245 0.000923255 3.62551e-05)
(-0.000308716 0.000810734 -0.000138501)
(-0.000274539 0.00100973 1.07329e-05)
(-0.000113402 0.00135916 0.000245068)
(-0.000110795 0.00091098 -0.00015581)
(2.96374e-05 0.0010453 -8.06284e-05)
(-0.000118587 0.00127486 -1.26018e-05)
(6.42595e-06 0.00109136 -3.16163e-05)
(6.88709e-06 0.00111821 -8.42878e-06)
(8.08484e-05 0.00103506 0.000106548)
(2.11925e-05 0.00107718 -1.69642e-05)
(1.04073e-05 0.00112101 7.11635e-05)
(-0.000246432 0.00121657 -9.34692e-06)
(0.000264819 0.00109636 -7.21196e-05)
(6.07108e-05 0.00121723 1.14817e-05)
(-1.5858e-05 0.00110989 4.72074e-05)
(1.29553e-05 0.000967847 2.90265e-05)
(-0.000123256 0.000872602 4.11554e-05)
(0.000172624 0.00117189 -1.66468e-05)
(-6.24735e-05 0.000995819 -7.99194e-05)
(-6.88393e-05 0.000730573 8.58642e-05)
(0.000282355 0.00104449 -4.32929e-05)
(0.000199232 0.000603884 -4.54721e-05)
(5.83376e-05 0.000934132 0.00022639)
(0.000454848 0.00153239 -0.000151218)
(0.000554072 0.00189798 -0.000143932)
(-6.87302e-05 0.00140878 0.000168011)
(-0.000347256 0.00126322 -2.75058e-05)
(2.15913e-06 0.00135482 2.93365e-05)
(-0.000417375 0.0013127 -0.000145239)
(-0.00019454 0.00121501 -5.76562e-05)
(-0.000235079 0.000999544 0.000100844)
(-6.8515e-05 0.00111759 -2.37283e-05)
(5.43656e-05 0.000933959 5.39241e-05)
(-0.000196167 0.000918933 0.000111663)
(-0.00024796 0.00114635 -0.000191295)
(-6.38913e-05 0.00113012 -0.000129493)
(5.26023e-05 0.00114666 -8.99599e-05)
(-7.0539e-05 0.00108193 7.96239e-05)
(-6.753e-05 0.00117002 -3.24409e-05)
(8.14128e-06 0.00119896 3.13204e-05)
(-1.01231e-07 0.00114128 -3.18633e-05)
(-5.1057e-05 0.0010947 -4.99194e-05)
(-2.19534e-05 0.00108576 -2.65616e-05)
(-2.36709e-06 0.00106684 2.15719e-05)
(8.78051e-05 0.00110226 3.19768e-05)
(4.56497e-05 0.00105886 -3.60918e-05)
(-0.00010128 0.00110472 1.67592e-05)
(0.000190618 0.00102637 -4.48188e-06)
(-8.44157e-05 0.00109231 9.99707e-05)
(-6.0324e-05 0.00132763 -2.33068e-05)
(0.000178721 0.00143354 7.39369e-06)
(0.000111374 0.00112589 2.19479e-05)
(6.10665e-05 0.00120767 1.862e-05)
(5.60701e-05 0.00100248 -1.4699e-05)
(0.000184176 0.00100254 -4.14887e-05)
(8.84666e-06 0.00108392 -3.32372e-06)
(-0.00064835 0.00125454 7.03152e-05)
(0.00040514 0.000702263 -0.000267014)
(3.94355e-06 0.00143912 0.00013049)
(0.000290778 0.00106917 0.000509257)
(0.000208895 0.00114059 0.000721977)
(-0.000593222 0.0011562 -0.000118905)
(-0.00103951 0.00163614 -0.00528718)
(-0.000224953 0.00124945 -4.57226e-05)
(0.000121792 0.00180359 4.06983e-05)
(-0.00036364 0.000966818 -9.03288e-05)
(0.000199425 0.00105528 1.04315e-05)
(-8.12913e-05 0.000973456 7.72061e-05)
(-0.000226807 0.00114057 -5.03796e-05)
(-0.00020223 0.00105365 5.18502e-05)
(-0.000143398 0.000982793 7.71876e-05)
(-0.000205744 0.00097434 -6.24116e-05)
(0.000117426 0.00109233 2.85938e-07)
(3.95358e-05 0.00110655 -3.77541e-05)
(7.9898e-05 0.00114233 -1.43246e-05)
(-0.000345969 0.00105389 5.29534e-05)
(5.35252e-05 0.00126944 0.000103151)
(0.00012212 0.000921134 -7.59689e-05)
(1.42512e-05 0.00105486 6.84584e-05)
(-2.26614e-05 0.00108643 5.0265e-05)
(3.45046e-05 0.0010322 -2.80347e-05)
(1.23415e-05 0.00108184 -5.8916e-05)
(1.09425e-05 0.00103986 6.03355e-05)
(8.9137e-05 0.000974274 -8.61368e-05)
(0.000161432 0.00109795 1.55534e-06)
(-4.31743e-05 0.00109579 -5.70693e-06)
(-6.92924e-05 0.00107166 -3.06128e-06)
(-3.81822e-05 0.00113239 0.000212372)
(0.000145383 0.00114027 1.99848e-05)
(0.000196934 0.00114075 3.56561e-05)
(0.000267556 0.00104064 1.24788e-06)
(-5.09932e-05 0.00101472 6.63242e-07)
(0.000232921 0.00117184 -3.65299e-05)
(9.68321e-05 0.000922961 1.14673e-09)
(6.33126e-05 0.00102129 6.292e-05)
(4.20861e-05 0.000986728 1.6294e-05)
(8.29845e-05 0.0011191 1.42612e-05)
(8.68052e-05 0.00101838 1.51466e-05)
(2.3361e-05 0.00109213 1.0213e-05)
(-3.85038e-05 0.00122806 7.13985e-05)
(6.81896e-05 0.0010546 5.51524e-05)
(0.000262273 0.000995426 8.26422e-05)
(-2.42238e-05 0.000837167 8.47295e-06)
(9.45864e-05 0.00130772 5.21583e-05)
(-2.88198e-05 0.00110654 0.000177408)
(-0.000481458 0.00106481 -8.67989e-05)
(-0.000413915 0.0011415 -7.42738e-05)
(-0.000328209 0.0012341 0.000107461)
(-0.000112506 0.000157771 -2.76253e-05)
(0.000357093 0.00141714 9.79099e-05)
(-0.000193153 0.00113407 0.000659537)
(0.000113647 0.000914078 -0.000197748)
(0.000424084 0.000992351 -0.000193431)
(0.000182445 0.0010834 3.28228e-05)
(4.86499e-05 0.00107571 0.000149415)
(-0.000207362 0.000918112 0.000114663)
(-3.71097e-05 0.0011125 -1.92271e-05)
(0.000143393 0.00119669 -6.57792e-05)
(-0.00021795 0.00101947 -1.6532e-05)
(8.61344e-05 0.00102804 -6.09085e-05)
(-3.07886e-05 0.00111971 1.47399e-05)
(0.000135164 0.00126648 -3.93763e-05)
(-0.000145939 0.00103446 -6.60271e-05)
(6.54599e-05 0.00113228 6.25146e-05)
(0.000374709 0.000668979 -7.484e-05)
(5.57973e-05 0.000900626 -0.000108593)
(-0.000174406 0.00104286 3.52905e-05)
(-2.04248e-05 0.000991253 -4.63276e-05)
(2.52682e-05 0.00122075 -0.000413085)
(0.000137635 0.000953275 -4.71113e-05)
(0.00016679 0.00107111 0.000144558)
(-5.752e-06 0.00130906 -5.46702e-06)
(-8.78644e-07 0.00107143 -9.29404e-06)
(-8.06608e-05 0.00117193 -0.000174368)
(4.23068e-05 0.00125267 0.000186719)
(0.000497315 0.000904776 -2.46969e-05)
(-0.000404447 0.000642056 -3.04108e-05)
(0.000102678 0.00110383 -0.000105374)
(-0.000273046 0.00121197 1.00479e-05)
(3.18797e-05 0.00131722 -5.56389e-06)
(2.12475e-05 0.00118514 -5.35737e-05)
(-0.00022572 0.00106981 5.798e-05)
(-8.75688e-05 0.00112977 5.02205e-05)
(0.000638386 0.00130257 -0.000126646)
(0.000107721 0.000966955 -5.39581e-05)
(0.000123756 0.00104876 -2.60254e-05)
(6.24547e-05 0.00100908 -3.50879e-05)
(-1.34291e-05 0.000925668 -1.02528e-05)
(0.000181669 0.00106614 2.20847e-05)
(8.16598e-05 0.00107405 -2.53788e-05)
(7.28161e-05 0.00103334 3.25078e-05)
(3.8497e-05 0.00101801 -1.7197e-06)
(0.000242726 0.00118493 -9.94448e-05)
(0.000197361 0.00107592 -7.20898e-05)
(0.00030269 0.000962136 -4.76621e-05)
(-8.24426e-05 0.00135836 -7.98483e-05)
(-1.9972e-05 0.00107649 1.08111e-05)
(-0.000134171 0.000688033 6.2518e-05)
(-0.000322226 0.00106832 -2.94544e-05)
(-7.7094e-06 0.000645132 0.000182535)
(-0.000252984 0.00118002 8.4199e-05)
(5.02744e-06 0.000878201 2.4795e-05)
(8.55481e-05 0.000691702 -2.42851e-05)
(0.000373764 0.00112065 1.09606e-05)
(4.76132e-05 0.00100173 -4.75031e-05)
(0.000202938 0.00116146 1.0381e-05)
(-9.37022e-07 0.00114497 6.23801e-07)
(0.000225008 0.00108804 -9.88394e-05)
(-0.000167628 0.000635518 0.000109036)
(-0.000258969 0.000761477 -9.1779e-05)
(-0.000137503 0.000927983 4.62766e-05)
(-6.00058e-05 0.00116118 -2.71156e-05)
(-5.23681e-05 0.00114301 0.000100898)
(5.53582e-05 0.00115469 -2.82298e-05)
(-4.4433e-05 0.00117903 5.47189e-05)
(-9.90865e-05 0.00115934 5.506e-05)
(-5.54366e-05 0.00115037 1.46888e-05)
(-8.99953e-05 0.000588872 -5.96893e-06)
(-0.000146486 0.000834913 -1.88702e-05)
(0.000208583 0.00105213 -4.31632e-05)
(-0.000141235 0.00117163 -0.000122925)
(0.000273303 0.00113234 0.000218353)
(0.000102758 0.00131239 -0.000113179)
(-1.54339e-06 0.00116748 2.79516e-05)
(0.000125763 0.00121888 1.74663e-05)
(0.000131496 0.0012892 1.15808e-05)
(7.62223e-05 0.00104865 -0.00018467)
(-4.97793e-05 0.00134397 0.000201652)
(8.42466e-05 0.00105933 -6.52073e-05)
(0.00018747 0.00103412 1.12936e-05)
(0.000280915 0.00124882 -2.47833e-05)
(-2.65168e-05 0.00116657 -2.7862e-05)
(5.3555e-06 0.00113712 2.37825e-05)
(1.52809e-05 0.00105764 6.08194e-06)
(4.02783e-06 0.00108139 6.07955e-06)
(-7.05744e-05 0.00103941 1.33249e-05)
(-2.67068e-05 0.00108116 -2.14268e-05)
(0.000291079 0.00105182 3.34051e-05)
(-3.25903e-05 0.000889282 -1.32046e-05)
(1.48101e-05 0.000913953 9.72965e-06)
(-0.00013968 0.00107463 3.85149e-05)
(-4.93798e-06 0.00117004 -8.95509e-05)
(-0.000281085 0.00138477 -9.10219e-05)
(0.000117427 0.0010915 1.54584e-05)
(-0.000118846 0.0011005 -0.000106717)
(-3.63759e-05 0.000958203 6.95177e-06)
(-5.40446e-05 0.00103645 3.31286e-06)
(-1.78741e-05 0.000973119 0.000156097)
(-2.12198e-05 0.00102062 7.55591e-05)
(-9.9002e-05 0.00103098 7.34825e-05)
(3.71312e-05 0.00105759 2.10697e-05)
(2.92945e-06 0.00101662 5.70536e-05)
(6.65262e-05 0.0010143 -4.52692e-05)
(7.60982e-06 0.00101253 2.31089e-06)
(-0.000125913 0.00108026 -0.000135822)
(1.15131e-05 0.00112562 -1.28866e-05)
(-3.04629e-05 0.00133309 1.94803e-07)
(1.08814e-05 0.00127563 -1.01829e-05)
(-0.000199132 0.00107083 -9.21842e-06)
(-4.78726e-05 0.00108899 2.03614e-05)
(3.44339e-05 0.000921397 -0.000168659)
(-8.81368e-05 0.000901911 8.51112e-06)
(-0.000135416 0.00100885 0.000102208)
(0.000582793 0.00155792 0.000192492)
(-0.000459304 0.000789329 0.000165672)
(-0.000408523 0.000748467 -2.23805e-05)
(-0.000138142 0.000844563 -0.000129265)
(0.000153166 0.000858918 -8.27268e-05)
(-0.000116935 0.00103767 -6.07e-05)
(2.44811e-06 0.000928034 3.31856e-05)
(9.66188e-05 0.000847934 0.000134518)
(0.000201814 0.00125199 -9.17992e-05)
(-9.33622e-05 0.0011771 -7.05204e-07)
(-0.000285195 0.00120074 0.00026296)
(-0.000118523 0.00046645 -1.61206e-05)
(3.57272e-05 0.000986968 6.68861e-05)
(7.23101e-05 0.00126166 -0.00013533)
(9.4044e-05 0.000973868 -0.000135431)
(9.80532e-05 0.00104956 6.40735e-06)
(0.000414723 0.00105701 0.000104355)
(1.95513e-05 0.000901362 7.97771e-05)
(6.60321e-05 0.00103137 8.82466e-05)
(-0.000127567 0.00117137 1.73223e-05)
(0.000182038 0.00115536 2.46294e-05)
(-0.000266074 0.00122193 5.75837e-05)
(-4.0766e-05 0.00136282 0.000244539)
(4.87935e-05 0.00130183 -3.92985e-05)
(-0.0001418 0.00128011 -1.52299e-05)
(0.000275271 0.0013556 -9.01025e-05)
(7.4177e-05 0.000918243 -0.000463513)
(0.000300246 0.00112042 -0.000100714)
(-3.41625e-05 0.00160536 6.07576e-05)
(6.45256e-05 0.00134131 0.00019317)
(0.000132284 0.00132324 -5.37969e-05)
(0.000110733 0.00109812 -0.000198073)
(0.000248556 0.000964704 -3.82217e-05)
(0.00018901 0.000950979 1.82615e-05)
(2.35104e-05 0.000810854 -0.000151016)
(0.000186598 0.00120445 0.000407857)
(0.000140395 0.00132031 3.19053e-05)
(0.00023675 0.00103232 -1.94424e-05)
(-0.000429752 0.00117598 -8.58286e-05)
(-7.40536e-05 0.000741424 6.22158e-05)
(0.000390766 0.00142159 -0.000191609)
(-4.85799e-05 0.00105243 -8.00825e-05)
(-3.53646e-05 0.00104667 -9.97183e-06)
(7.5084e-06 0.00111515 2.06132e-05)
(-1.76576e-05 0.00107185 -1.14399e-05)
(-1.09649e-05 0.00108627 3.22893e-06)
(8.66467e-05 0.00102241 -7.16763e-05)
(0.000138574 0.00100128 -3.06281e-07)
(2.82137e-05 0.00102791 -1.4103e-05)
(5.05092e-05 0.00101324 -7.5552e-05)
(9.65524e-05 0.0010103 2.62749e-05)
(0.000158521 0.0010436 -4.8165e-05)
(6.18239e-05 0.00103604 -2.82036e-05)
(6.57757e-05 0.00107485 6.34477e-06)
(6.51483e-05 0.00112908 0.000104822)
(-3.32213e-05 0.00108474 -2.50461e-05)
(8.3552e-06 0.0010571 -1.08138e-05)
(5.25519e-05 0.00108784 -7.53583e-05)
(-1.41418e-05 0.00113719 -3.72343e-05)
(0.00022935 0.00116137 0.000231805)
(0.000151931 0.00108249 -2.26239e-06)
(5.1511e-05 0.000980507 6.98836e-05)
(1.62208e-05 0.00103243 1.09248e-05)
(-7.35436e-06 0.00104081 6.83474e-05)
(-1.95633e-06 0.00112937 -1.39404e-05)
(-3.27061e-05 0.00108141 7.13982e-05)
(6.91993e-05 0.000998231 -1.7127e-05)
(2.91419e-05 0.00113081 5.60961e-05)
(4.37598e-05 0.00130096 -8.0551e-05)
(3.84223e-05 0.000914222 -0.000106443)
(3.10252e-05 0.000918566 -0.000104855)
(0.00010505 0.000889395 -0.000180846)
(-0.000135984 0.00112213 -1.43491e-05)
(7.36309e-05 0.000794775 -6.56742e-05)
(3.74009e-06 0.0011412 1.24748e-05)
(-6.20214e-05 0.00111389 0.000294774)
(-0.000210924 0.000972129 0.000131)
(-0.000386764 0.000997671 -3.62815e-05)
(-0.000183708 0.0010901 6.22781e-05)
(0.000170288 0.00126796 -4.51635e-05)
(-2.25114e-05 0.00113106 -7.97892e-05)
(-0.0004325 0.00129562 -2.07043e-05)
(4.87422e-05 0.00126927 -5.33409e-05)
(-0.000459187 0.000885677 -7.06394e-05)
(6.3986e-05 0.00124392 1.26514e-05)
(0.000160333 0.00143119 -6.5078e-05)
(-0.000186397 0.0012605 2.18193e-05)
(0.000371359 0.0015103 2.53833e-05)
(0.000126123 0.00127897 -2.87998e-05)
(-6.32308e-07 0.00101372 5.08959e-05)
(9.21189e-06 0.000566005 1.89499e-05)
(4.44527e-05 0.000803709 -0.000123885)
(0.000140926 0.000893394 9.20922e-05)
(6.56122e-05 0.000894478 -7.51795e-07)
(0.000123958 0.00106473 -6.02034e-05)
(2.6953e-05 0.00124955 3.48197e-05)
(1.30489e-05 0.00123111 -3.9676e-05)
(-6.0691e-07 0.00139166 -9.62852e-06)
(-0.000105894 0.00115532 6.43852e-05)
(0.000404231 0.000822951 0.000131945)
(-0.000222156 0.00132886 -6.90776e-05)
(-6.65629e-05 0.00120994 -8.06714e-05)
(1.65743e-05 0.00116793 1.39033e-06)
(0.000196782 0.000974625 -4.17108e-05)
(-9.62962e-06 0.0010792 5.96813e-05)
(0.000112263 0.00131382 -0.000124385)
(0.000350266 0.00153799 0.000152062)
(0.000126642 0.000986614 -0.000347788)
(4.32924e-05 0.000873143 -3.53819e-05)
(-4.21588e-05 0.000401431 0.000113479)
(-0.000243304 0.000373276 0.00011062)
(-0.000307549 0.000360052 8.73648e-05)
(0.000346636 0.00100877 0.000147082)
(0.000421213 0.000942943 0.000251442)
(-0.000457935 0.00122005 0.000242037)
(5.14152e-05 0.00112406 0.000200971)
(0.0001546 0.00103016 0.000138445)
(0.00033356 0.000115797 -0.000189055)
(-0.00106451 0.00126361 0.000566468)
(0.000122186 0.000718094 -0.000331205)
(-0.000708985 0.00137324 0.000293612)
(0.00026424 0.00147969 -8.80216e-05)
)


// ************************************************************************* //
