/*--------------------------------*- C++ -*----------------------------------*\
  =========                 |
  \\      /  F ield         | OpenFOAM: The Open Source CFD Toolbox
   \\    /   O peration     | Website:  https://openfoam.org
    \\  /    A nd           | Version:  8
     \\/     M anipulation  |
\*---------------------------------------------------------------------------*/
FoamFile
{
    version     2.0;
    format      ascii;
    class       Cloud<passiveParticle>;
    location    "0/lagrangian/kinematicCloud";
    object      positions;
}
// * * * * * * * * * * * * * * * * * * * * * * * * * * * * * * * * * * * * * //

1722
(
(0.35225 0.340013 0.0977761 0.209961) 0 2 2
(0.229054 0.369331 0.266566 0.13505) 0 1 1
(0.612616 0.173072 0.0367581 0.177554) 0 0 1
(0.232456 0.367623 0.349077 0.0508443) 1 0 2
(0.216798 0.0139233 0.407739 0.361539) 1 0 1
(0.104544 0.463895 0.113561 0.317999) 1 3 2
(0.935332 0.0113107 0.00486532 0.0484922) 1 3 1
(0.104684 0.071293 0.392526 0.431497) 1 3 1
(0.725957 0.115933 0.153186 0.00492392) 2 3 1
(0.060261 0.0126962 0.440987 0.486056) 2 8 1
(0.35044 0.112254 0.2287 0.308606) 2 6 1
(0.671108 0.148303 0.0491856 0.131403) 3 6 2
(0.369282 0.299207 0.291996 0.039515) 3 9 2
(0.635037 0.198648 0.0896158 0.0766987) 4 9 2
(0.310073 0.361105 0.0104043 0.318418) 4 12 2
(0.322005 0.147167 0.322854 0.207975) 4 13 2
(0.375513 0.149368 0.296109 0.179009) 5 12 1
(0.683582 0.136202 0.0382025 0.142013) 5 15 1
(0.260038 0.353827 0.126778 0.259357) 6 15 2
(0.518399 0.138991 0.0856428 0.256967) 6 20 1
(0.141385 0.413159 0.0741578 0.371299) 6 19 1
(0.173313 0.114663 0.314848 0.397176) 6 18 1
(0.150681 0.436556 0.377554 0.0352097) 7 18 2
(0.688644 0.171869 0.100636 0.0388508) 7 22 1
(0.287846 0.317587 0.0222431 0.372324) 7 21 1
(0.657201 0.187592 0.0650344 0.0901725) 8 21 2
(0.39546 0.316347 0.10883 0.179363) 8 24 2
(0.153467 0.0341281 0.439411 0.372995) 9 24 1
(0.423574 0.272055 0.0656669 0.238705) 9 29 2
(0.41155 0.241793 0.309975 0.0366814) 9 28 2
(0.300734 0.0944922 0.2713 0.333474) 9 29 1
(0.102152 0.23994 0.465074 0.192834) 10 27 1
(0.114786 0.458748 0.184522 0.241944) 10 32 2
(0.841684 0.0160351 0.0785194 0.063762) 10 30 1
(0.332107 0.161594 0.317779 0.18852) 11 30 1
(0.215085 0.376288 0.349173 0.0594533) 11 35 2
(0.432182 0.157202 0.14287 0.267746) 11 33 1
(0.406215 0.0603193 0.313064 0.220402) 12 37 2
(0.520897 0.0289858 0.226679 0.223438) 12 33 1
(0.0908652 0.470684 0.0243643 0.414086) 12 38 2
(0.0531093 0.489631 0.252284 0.204976) 13 36 2
(0.226379 0.40295 0.271491 0.0991791) 13 40 1
(0.644688 0.161497 0.181135 0.0126797) 13 41 2
(0.0450036 0.289173 0.461327 0.204497) 13 40 2
(0.0548272 0.456585 0.144685 0.343903) 13 39 2
(0.2977 0.36731 0.323562 0.0114284) 14 43 1
(0.563384 0.20215 0.165132 0.0693335) 14 44 2
(0.0754177 0.328518 0.478471 0.117593) 14 43 2
(0.158803 0.436752 0.313651 0.090794) 14 42 2
(0.790091 0.104241 0.0888463 0.0168219) 15 42 1
(0.254075 0.269512 0.0873202 0.389093) 15 45 1
(0.0879363 0.472172 0.124441 0.31545) 16 50 2
(0.592458 0.1876 0.168068 0.0518751) 16 49 1
(0.288619 0.212176 0.159701 0.339505) 16 50 1
(0.344842 0.0274925 0.283932 0.343733) 16 48 1
(0.259771 0.354079 0.277768 0.108382) 17 48 2
(0.157972 0.404855 0.215687 0.221487) 17 52 1
(0.737067 0.0299837 0.117659 0.115291) 17 53 1
(0.163295 0.434503 0.0100056 0.392196) 18 51 2
(0.831209 0.0287517 0.0682099 0.071829) 18 55 2
(0.174818 0.0146425 0.381769 0.428771) 18 56 1
(0.207471 0.167257 0.380124 0.245148) 19 54 1
(0.24594 0.360923 0.330259 0.0628782) 19 59 2
(0.446501 0.129058 0.159216 0.265224) 19 57 1
(0.0115138 0.478087 0.00862428 0.501775) 19 57 2
(0.547149 0.134724 0.210275 0.107853) 20 57 1
(0.489172 0.0634513 0.175811 0.271565) 20 62 1
(0.0899527 0.269299 0.47118 0.169569) 20 61 2
(0.21332 0.289888 0.377336 0.119456) 21 60 1
(0.485735 0.230321 0.010648 0.273296) 21 65 1
(0.00643352 0.175347 0.337567 0.480653) 21 63 1
(0.0940837 0.427762 0.436782 0.0413727) 21 64 2
(0.003254 0.493005 0.109292 0.394448) 21 63 2
(0.833289 0.0995206 0.00643587 0.0607547) 22 63 2
(0.248392 0.0427833 0.349181 0.359644) 22 68 1
(0.329863 0.000734667 0.318198 0.351204) 22 66 1
(0.250107 0.208465 0.164089 0.377339) 23 70 1
(0.500955 0.265683 0.00440071 0.228961) 23 66 2
(0.35636 0.0617029 0.30826 0.273677) 23 69 2
(0.460827 0.0914283 0.167077 0.280668) 24 1 2
(0.47989 0.16443 0.243913 0.111767) 24 1481 2
(0.119367 0.281026 0.456487 0.14312) 24 72 2
(0.185843 0.319074 0.423217 0.0718652) 25 71 1
(0.462483 0.236922 0.0479688 0.252626) 25 4 2
(0.117979 0.431882 0.424856 0.0252827) 25 74 2
(0.0222602 0.031917 0.459362 0.486461) 25 73 1
(0.556776 0.205444 0.125616 0.112164) 26 73 2
(0.484123 0.241786 0.173641 0.10045) 26 75 2
(0.298853 0.366751 0.0536682 0.280728) 27 10 1
(0.336059 0.315807 0.180952 0.167182) 27 78 1
(0.63488 0.0135213 0.152927 0.198671) 27 10 2
(0.0711359 0.455093 0.0760403 0.397731) 28 13 1
(0.108788 0.204834 0.46179 0.224588) 28 77 1
(0.967729 0.0119449 0.0114418 0.00888431) 28 1809 1
(0.0602696 0.453722 0.173658 0.31235) 29 79 2
(0.404379 0.29743 0.0165182 0.281673) 29 16 2
(0.285789 0.170894 0.373225 0.170092) 29 82 2
(0.0590724 0.45428 0.0311762 0.455471) 29 81 2
(0.313139 0.128064 0.359576 0.199221) 30 81 1
(0.705552 0.0759588 0.0874159 0.131074) 30 83 1
(0.237311 0.365148 0.0761528 0.321388) 31 83 2
(0.578751 0.110117 0.116638 0.194493) 31 22 2
(0.0740589 0.479151 0.0407978 0.405992) 31 86 1
(0.172524 0.0863486 0.311248 0.429879) 31 85 1
(0.16678 0.432796 0.320563 0.0798604) 32 85 2
(0.0649832 0.397145 0.0651318 0.47274) 32 25 2
(0.606483 0.212933 0.0838792 0.0967043) 32 88 1
(0.212236 0.336479 0.0412626 0.410023) 32 87 1
(0.736819 0.147729 0.0307875 0.0846645) 33 87 2
(0.302642 0.332527 0.201973 0.162858) 33 89 2
(0.528963 0.240655 0.0854506 0.144931) 34 31 1
(0.182224 0.392733 0.368255 0.0567886) 34 92 1
(0.345145 0.00177646 0.309486 0.343593) 34 31 2
(0.343002 0.186795 0.312323 0.15788) 34 92 2
(0.390754 0.31371 0.00705131 0.288485) 35 34 2
(0.300161 0.154053 0.333789 0.211996) 35 91 1
(0.0539484 0.456872 0.252397 0.236782) 35 93 2
(0.307986 0.162073 0.329851 0.20009) 35 94 2
(0.731604 0.118044 0.0834931 0.0668595) 36 37 1
(0.134057 0.449124 0.322983 0.0938349) 36 96 1
(0.149446 0.409172 0.380907 0.0604746) 36 95 2
(0.80194 0.052758 0.08287 0.062432) 37 95 1
(0.065692 0.411616 0.0407005 0.481991) 37 97 1
(0.769041 0.131609 0.0386827 0.0606672) 38 100 1
(0.160691 0.17646 0.25934 0.403509) 38 99 1
(0.176178 0.42806 0.0175228 0.378239) 39 46 1
(0.336544 0.249521 0.0983832 0.315552) 39 46 2
(0.352666 0.339802 0.0873375 0.220194) 39 102 1
(0.152591 0.0519974 0.410892 0.384519) 39 102 2
(0.113663 0.426971 0.247708 0.211658) 40 101 2
(0.719353 0.10806 0.0484613 0.124126) 40 49 2
(0.84006 0.063803 0.0364702 0.0596668) 41 106 1
(0.0540592 0.192025 0.264761 0.489154) 41 52 2
(0.0930822 0.263657 0.205976 0.437285) 41 105 1
(0.00997208 0.511155 0.00358764 0.475285) 41 103 2
(0.27502 0.346336 0.117448 0.261196) 42 55 1
(0.398313 0.284698 0.08897 0.228018) 42 108 1
(0.4748 0.0177836 0.260963 0.246453) 42 55 2
(0.182722 0.00718035 0.4248 0.385297) 42 108 2
(0.518333 0.253838 0.0855941 0.142235) 43 107 2
(0.566057 0.10328 0.0975378 0.233125) 43 109 1
(0.275782 0.378263 0.210574 0.135381) 44 109 2
(0.0667784 0.450467 0.274143 0.208612) 44 112 1
(0.647536 0.0111996 0.181194 0.160071) 44 111 1
(0.199236 0.393339 0.192667 0.214758) 45 111 2
(0.674156 0.14517 0.179103 0.0015699) 45 114 2
(0.0181112 0.458872 0.0336225 0.489394) 45 113 1
(0.375232 0.296235 0.224086 0.104447) 46 67 1
(0.235713 0.37 0.365963 0.0283239) 46 116 2
(0.142258 0.397799 0.0148984 0.445044) 46 115 1
(0.226462 0.389243 0.15329 0.231006) 47 117 1
(0.352607 0.33985 0.168013 0.13953) 47 69 1
(0.47985 0.227658 0.0485623 0.24393) 47 1507 1
(0.494338 0.23689 0.210012 0.0587597) 48 1482 1
(0.64421 0.0280833 0.165994 0.161713) 48 118 1
(0.18963 0.38904 0.217383 0.203948) 49 118 2
(0.701631 0.100681 0.138311 0.0593769) 49 121 2
(0.305989 0.222475 0.330831 0.140705) 50 120 1
(0.249777 0.0924008 0.298872 0.35895) 50 76 2
(0.415102 0.173455 0.308619 0.102823) 50 123 2
(0.373429 0.297121 0.00862587 0.320824) 51 122 2
(0.513511 0.0233787 0.203742 0.259368) 51 78 2
(0.123506 0.369904 0.443699 0.0628906) 51 125 2
(0.372124 0.330119 0.0605066 0.23725) 52 124 2
(0.229409 0.149368 0.252062 0.369161) 52 80 2
(0.311829 0.27149 0.327929 0.0887514) 52 127 2
(0.00325829 0.482233 0.207914 0.306595) 53 82 1
(0.0782576 0.295187 0.446194 0.180361) 53 126 1
(0.939548 0.000305296 0.0140823 0.0460649) 53 129 2
(0.476092 0.278106 0.24313 0.002672) 54 84 1
(0.162311 0.435001 0.159538 0.243149) 54 131 1
(0.0735428 0.479378 0.0747612 0.372318) 54 130 2
(0.411498 0.0183307 0.260243 0.309928) 54 130 1
(0.0093298 0.511488 0.0950023 0.38418) 54 128 2
(0.573361 0.0769708 0.197146 0.152522) 55 130 1
(0.485138 0.241272 0.256709 0.0168813) 55 132 2
(0.458243 0.254704 0.153368 0.133685) 56 132 2
(0.202046 0.355493 0.382791 0.05967) 56 135 2
(0.455292 0.0542757 0.201879 0.288553) 56 88 2
(0.0334714 0.200453 0.467037 0.299039) 57 134 1
(0.228637 0.401824 0.0773096 0.292229) 57 90 1
(0.658927 0.154302 0.026302 0.16047) 57 137 1
(0.0203775 0.323402 0.182572 0.473648) 57 90 2
(0.0715484 0.395286 0.0851386 0.448027) 57 136 1
(0.878669 0.076838 0.0108908 0.0336023) 58 136 2
(0.166592 0.400514 0.326919 0.105975) 58 138 2
(0.792335 0.0876347 0.102098 0.0179321) 59 138 2
(0.256269 0.37187 0.0162007 0.355659) 59 140 1
(0.695345 0.0624209 0.136151 0.106084) 60 140 1
(0.0493309 0.337425 0.121755 0.491489) 60 96 2
(0.35333 0.143049 0.164129 0.339492) 60 142 1
(0.227753 0.369948 0.401301 0.000997775) 61 142 2
(0.572449 0.229944 0.112254 0.0853536) 61 145 1
(0.261524 0.195647 0.157455 0.385375) 61 98 2
(0.274684 0.0789114 0.29422 0.352184) 61 144 1
(0.300456 0.359752 0.277697 0.0620948) 62 144 2
(0.25305 0.389625 0.145082 0.212243) 62 147 1
(0.609308 0.0693982 0.109794 0.2115) 62 100 2
(0.0757984 0.147383 0.478234 0.298585) 62 147 2
(0.222114 0.372858 0.121482 0.283545) 63 146 2
(0.827581 0.0914139 0.0109512 0.0700541) 63 148 1
(0.0301008 0.468804 0.332397 0.168698) 64 104 1
(0.153506 0.32141 0.434282 0.090802) 64 148 1
(0.613025 0.140802 0.209659 0.0365132) 64 151 2
(0.258046 0.387138 0.0333964 0.32142) 64 150 2
(0.536178 0.216078 0.0924961 0.155248) 65 106 1
(0.113032 0.12576 0.439236 0.321972) 65 150 1
(0.283875 0.34259 0.24376 0.129775) 65 152 2
(0.146157 0.387604 0.410757 0.0554818) 65 153 2
(0.66404 0.16326 0.00724446 0.165455) 66 152 2
(0.345946 0.216503 0.110669 0.326882) 66 154 1
(0.189745 0.421292 0.269359 0.119604) 67 110 1
(0.406854 0.280433 0.22602 0.0866937) 67 157 1
(0.356413 0.337927 0.130818 0.174841) 67 156 2
(0.431169 0.0690079 0.268289 0.231534) 68 156 1
(0.72841 0.119637 0.00851277 0.14344) 68 158 2
(0.049705 0.491248 0.0802147 0.378833) 69 114 1
(0.10001 0.219203 0.43383 0.246957) 69 158 1
(0.712249 0.0223508 0.137713 0.127688) 69 114 2
(0.186075 0.390798 0.28901 0.134117) 70 160 2
(0.0694492 0.033007 0.44922 0.448324) 70 160 1
(0.142612 0.412742 0.170357 0.274289) 70 162 2
(0.815448 0.0761066 0.0050461 0.1034) 70 163 1
(0.0958437 0.0227367 0.468282 0.413138) 70 163 2
(0.47979 0.243926 0.00276877 0.273515) 71 1508 2
(0.68931 0.0580598 0.139165 0.113465) 71 162 1
(0.0940822 0.192889 0.436798 0.276231) 71 164 2
(0.699919 0.133868 0.00862942 0.157583) 72 165 2
(0.479602 0.033719 0.261 0.225679) 72 1483 2
(0.0136442 0.50895 0.126858 0.350548) 73 121 1
(0.067552 0.181436 0.482412 0.2686) 73 165 1
(0.277733 0.344962 0.0490355 0.32827) 73 167 2
(0.668757 0.159346 0.149419 0.0224768) 73 168 2
(0.0745132 0.0804765 0.366074 0.478936) 73 167 1
(0.654518 0.180244 0.135897 0.0293404) 74 167 2
(0.221606 0.0324893 0.34053 0.405375) 74 169 1
(0.0461832 0.493095 0.308861 0.15186) 75 169 2
(0.784066 0.0918157 0.112855 0.011264) 75 172 1
(0.2573 0.106295 0.248894 0.387511) 75 171 1
(0.0715955 0.48037 0.385872 0.0621627) 76 171 2
(0.844208 0.0593668 0.0940697 0.00235587) 76 171 1
(0.181328 0.393164 0.258922 0.166586) 76 173 2
(0.241259 0.395551 0.255167 0.108022) 77 176 1
(0.409717 0.27899 0.174289 0.137004) 77 129 1
(0.530299 0.0363534 0.218785 0.214563) 77 176 2
(0.121016 0.0904678 0.332872 0.455645) 77 129 2
(0.33675 0.240752 0.334253 0.0882455) 78 175 1
(0.714268 0.126648 0.0926848 0.0663993) 78 177 2
(0.0415955 0.0168305 0.463008 0.478566) 78 178 2
(0.234274 0.398919 0.182624 0.184182) 79 177 2
(0.34303 0.226591 0.0857032 0.344676) 79 133 2
(0.327442 0.352445 0.0506164 0.269496) 79 180 1
(0.165537 0.210626 0.222786 0.401052) 79 179 1
(0.0697862 0.450844 0.0379191 0.44145) 80 135 1
(0.798559 0.0243105 0.116891 0.0602396) 80 179 1
(0.237 0.365333 0.345332 0.0523353) 80 181 2
(0.734479 0.136994 0.028988 0.0995391) 81 137 1
(0.212367 0.409954 0.165815 0.211863) 81 183 2
(0.159055 0.223139 0.40432 0.213486) 81 184 2
(0.361715 0.33529 0.300247 0.00274904) 82 139 1
(0.370178 0.298794 0.312907 0.0181205) 82 186 1
(0.0444417 0.461673 0.0927784 0.401106) 82 185 2
(0.349992 0.141851 0.341155 0.167002) 82 186 2
(0.20476 0.38285 0.0308913 0.381498) 83 141 2
(0.364645 0.0603468 0.301532 0.273477) 83 185 1
(0.516149 0.0136484 0.2223 0.247903) 83 187 1
(0.490565 0.22244 0.0161254 0.27087) 84 143 2
(0.367297 0.300188 0.285582 0.0469324) 84 190 1
(0.298493 0.0675097 0.366906 0.267091) 84 190 2
(0.0729217 0.447368 0.349392 0.130318) 84 187 2
(0.16187 0.431479 0.208098 0.198553) 85 189 2
(0.71023 0.0673716 0.0613493 0.161049) 85 145 2
(0.158137 0.437084 0.196414 0.208365) 85 192 1
(0.106772 0.462752 0.0390704 0.391406) 86 191 2
(0.932737 0.0041582 0.0381755 0.0249293) 86 194 2
(0.0110177 0.36938 0.47833 0.141272) 87 193 1
(0.108048 0.429816 0.236593 0.225543) 87 149 1
(0.569333 0.199183 0.0348036 0.19668) 87 196 1
(0.300416 0.0779473 0.28799 0.333646) 87 149 2
(0.0856897 0.150337 0.31393 0.450044) 87 195 1
(0.517245 0.257538 0.0037283 0.221488) 88 151 1
(0.171575 0.398195 0.0690629 0.361167) 88 198 1
(0.523253 0.254511 0.0882578 0.133978) 88 197 2
(0.471525 0.248086 0.0394496 0.240939) 89 197 2
(0.574453 0.123802 0.0728086 0.228936) 89 199 1
(0.0526031 0.457534 0.4651 0.0247624) 90 199 2
(0.435878 0.0799895 0.265893 0.218239) 90 199 1
(0.389523 0.251266 0.0701153 0.289096) 90 155 2
(0.247942 0.18619 0.392168 0.1737) 90 202 2
(0.110441 0.460919 0.0680419 0.360598) 91 201 2
(0.0214522 0.241611 0.231504 0.505434) 91 157 2
(0.667824 0.103385 0.149998 0.0787935) 91 204 2
(0.267362 0.382482 0.0518539 0.298303) 92 203 2
(0.166482 0.286055 0.120639 0.426824) 92 159 2
(0.432554 0.233463 0.299878 0.0341045) 92 206 2
(0.245853 0.360891 0.0834347 0.309821) 93 205 2
(0.0178257 0.507012 0.0342291 0.440933) 93 208 1
(0.104946 0.419394 0.0119663 0.463694) 93 161 2
(0.311338 0.257906 0.102569 0.328187) 93 207 1
(0.170254 0.431017 0.214065 0.184664) 94 210 1
(0.604813 0.185113 0.028686 0.181387) 94 163 2
(0.142256 0.266122 0.146601 0.445021) 94 209 1
(0.616055 0.208121 0.0363864 0.139438) 95 164 1
(0.479939 0.0968175 0.147061 0.276183) 95 1509 1
(0.30526 0.223704 0.139832 0.331204) 96 166 2
(0.283849 0.17688 0.341923 0.197348) 96 213 2
(0.479771 0.181089 0.2522 0.0869401) 96 1484 2
(0.268757 0.376215 0.0099007 0.345127) 97 212 2
(0.720111 0.0325756 0.0913268 0.155987) 97 168 2
(0.103244 0.464572 0.376622 0.0555612) 98 170 1
(0.173038 0.34479 0.424324 0.057848) 98 214 1
(0.528916 0.178265 0.251706 0.0411127) 98 217 2
(0.0474818 0.0757109 0.460103 0.416704) 99 216 1
(0.538177 0.214736 0.225819 0.0212676) 99 216 2
(0.526598 0.252898 0.183337 0.0371669) 99 218 2
(0.371509 0.330382 0.0721182 0.225991) 100 174 1
(0.245734 0.00992822 0.39332 0.351018) 100 218 1
(0.0480246 0.217153 0.274997 0.459825) 100 174 2
(0.616847 0.0968345 0.206822 0.0794959) 100 221 2
(0.156249 0.367552 0.40631 0.0698886) 101 220 1
(0.819105 0.0425643 0.0450897 0.093241) 101 176 2
(0.120135 0.0727716 0.456099 0.350994) 101 223 2
(0.242807 0.39114 0.0036643 0.362389) 102 178 2
(0.40868 0.280594 0.178086 0.13264) 102 225 1
(0.386421 0.155661 0.134949 0.322969) 102 224 1
(0.035328 0.497448 0.219339 0.247884) 102 222 2
(0.562098 0.202744 0.00647181 0.228686) 103 224 2
(0.496047 0.241446 0.12535 0.137157) 103 226 2
(0.4639 0.251882 0.273617 0.0106004) 104 226 2
(0.133821 0.0239595 0.416939 0.42528) 104 226 1
(0.248641 0.17069 0.188852 0.391817) 104 182 2
(0.417539 0.2511 0.275072 0.0562889) 104 229 2
(0.016805 0.475425 0.181127 0.326643) 105 184 1
(0.0259234 0.318132 0.470966 0.184978) 105 228 1
(0.876894 0.0714509 0.0453706 0.0062847) 105 231 2
(0.0356283 0.46602 0.473982 0.0243697) 105 230 2
(0.909434 0.0614287 0.00651932 0.0226183) 106 186 1
(0.0597039 0.463275 0.364711 0.112311) 106 232 2
(0.67768 0.14502 0.118904 0.058396) 107 188 1
(0.0547939 0.298319 0.456459 0.190427) 107 235 2
(0.126539 0.452877 0.314396 0.106188) 107 234 2
(0.0502335 0.458739 0.319189 0.171838) 108 237 1
(0.826157 0.0965737 0.0065304 0.0707385) 108 190 2
(0.0061964 0.510421 0.00265512 0.480727) 108 236 1
(0.0205801 0.226501 0.247056 0.505863) 109 192 2
(0.845634 0.061035 0.0435704 0.0497606) 109 239 1
(0.103148 0.283156 0.181415 0.432282) 109 238 1
(0.199457 0.385397 0.139562 0.275585) 110 194 1
(0.381023 0.0941984 0.199129 0.32565) 110 194 2
(0.489706 0.271296 0.0594949 0.179502) 110 241 1
(0.199531 0.0542842 0.362101 0.384083) 110 240 1
(0.382195 0.325043 0.203138 0.0896243) 111 240 2
(0.664353 0.151673 0.0411949 0.142779) 111 242 2
(0.125749 0.453279 0.107639 0.313333) 111 243 1
(0.287518 0.372346 0.0191843 0.320952) 112 242 2
(0.748551 0.051904 0.0588181 0.140727) 112 244 1
(0.043205 0.0506527 0.411593 0.494549) 112 198 2
(0.278728 0.357919 0.269376 0.0939767) 113 200 1
(0.266114 0.146256 0.350788 0.236842) 113 244 1
(0.235376 0.398485 0.135421 0.230718) 113 246 2
(0.2814 0.227126 0.343135 0.148339) 113 247 2
(0.707266 0.130168 0.13299 0.0295756) 114 246 2
(0.0204874 0.473614 0.412495 0.0934042) 114 249 1
(0.364435 0.257169 0.0768075 0.301588) 114 248 1
(0.200794 0.383494 0.0827633 0.332949) 115 204 1
(0.40081 0.283398 0.246991 0.0688014) 115 251 1
(0.695733 0.16061 0.0165411 0.127116) 115 250 2
(0.216076 0.395468 0.354796 0.0336607) 116 250 2
(0.219791 0.406272 0.307706 0.0662306) 116 253 1
(0.852721 0.0574439 0.0670568 0.0227781) 116 252 2
(0.0468201 0.492808 0.085401 0.374971) 116 252 2
(0.559352 0.0613043 0.23651 0.142833) 117 252 1
(0.248561 0.359777 0.194844 0.196817) 117 254 2
(0.0326317 0.277343 0.499867 0.190159) 117 255 2
(0.337021 0.347646 0.189662 0.125671) 118 256 2
(0.763768 0.01286 0.134284 0.0890886) 118 254 1
(0.0373288 0.466308 0.325711 0.170652) 119 211 1
(0.135514 0.416149 0.402144 0.046193) 119 258 1
(0.48004 0.276132 0.13343 0.110399) 119 1510 2
(0.479852 0.243921 0.226719 0.0495082) 120 1485 1
(0.637393 0.113053 0.0520983 0.197456) 120 259 1
(0.198817 0.39927 0.295035 0.106877) 121 259 2
(0.161783 0.435248 0.385532 0.0174368) 121 262 1
(0.332373 0.255366 0.0622996 0.349961) 121 215 2
(0.246278 0.299755 0.393005 0.0609617) 121 262 2
(0.104307 0.464005 0.206732 0.224956) 122 261 2
(0.886872 0.0379138 0.034824 0.0403898) 122 217 2
(0.0837264 0.441969 0.327964 0.146341) 122 264 1
(0.0297622 0.376733 0.0922096 0.501295) 122 263 1
(0.114671 0.426528 0.434301 0.0245) 123 219 1
(0.243769 0.393648 0.356301 0.00628223) 123 265 2
(0.748519 0.141938 0.084033 0.0255099) 124 221 1
(0.144825 0.411439 0.156165 0.287571) 124 267 2
(0.191893 0.126641 0.420226 0.26124) 124 268 2
(0.16851 0.399574 0.313164 0.118752) 125 223 1
(0.481998 0.242872 0.269059 0.00607081) 125 270 1
(0.566835 0.102265 0.130496 0.200405) 125 269 1
(0.372794 0.32298 0.0205222 0.283704) 126 269 2
(0.651542 0.0180661 0.172311 0.15808) 126 225 2
(0.0197853 0.163741 0.473927 0.342547) 126 272 2
(0.251312 0.358167 0.334286 0.0562356) 127 271 2
(0.309045 0.361645 0.187573 0.141737) 127 274 1
(0.0903048 0.358795 0.112244 0.438656) 127 227 2
(0.451814 0.0694178 0.220844 0.257925) 127 273 1
(0.505674 0.183004 0.231018 0.0803042) 128 273 1
(0.502938 0.261099 0.17979 0.0561731) 128 275 2
(0.0857788 0.440963 0.445227 0.0280312) 129 278 1
(0.499421 0.26643 0.196716 0.0374342) 129 275 2
(0.307179 0.300949 0.362554 0.0293183) 129 278 2
(0.347133 0.0933119 0.216943 0.342612) 129 231 2
(0.0399268 0.23755 0.463848 0.258675) 130 277 1
(0.191892 0.420218 0.138352 0.249537) 130 233 1
(0.621798 0.172919 0.0181253 0.187158) 130 280 1
(0.11237 0.227437 0.200384 0.459808) 130 233 2
(0.045703 0.322855 0.13812 0.493322) 130 279 1
(0.0433952 0.462159 0.174088 0.320358) 131 235 1
(0.763072 0.134657 0.0278515 0.0744196) 131 282 1
(0.131651 0.364708 0.0532973 0.450344) 131 281 1
(0.772308 0.0976695 0.103301 0.0267208) 132 284 1
(0.0975375 0.247351 0.187694 0.467418) 132 237 2
(0.223311 0.18422 0.220345 0.372124) 132 283 1
(0.284033 0.341816 0.0393568 0.334793) 133 239 1
(0.362461 0.3026 0.154763 0.180176) 133 286 1
(0.471445 0.107249 0.140881 0.280424) 133 239 2
(0.212604 0.055335 0.409872 0.322189) 133 286 2
(0.266268 0.383032 0.162806 0.187894) 134 285 2
(0.0419812 0.495201 0.169575 0.293242) 134 288 1
(0.78208 0.0952367 0.0198846 0.102799) 134 287 2
(0.169951 0.398854 0.0148658 0.41633) 135 287 2
(0.812498 0.0328722 0.109263 0.0453668) 135 290 2
(0.0584672 0.118655 0.368256 0.454622) 135 243 2
(0.0756006 0.266109 0.478337 0.179954) 136 289 1
(0.259482 0.386376 0.197474 0.156669) 136 245 1
(0.394575 0.288285 0.286547 0.0305925) 136 292 2
(0.00675256 0.074407 0.438366 0.480474) 136 291 1
(0.395542 0.286069 0.0369606 0.281429) 136 291 2
(0.615739 0.175953 0.133987 0.0743211) 137 291 2
(0.392843 0.259752 0.0599657 0.28744) 137 293 1
(0.336801 0.263752 0.0839898 0.315457) 138 249 2
(0.465292 0.251221 0.206189 0.0772976) 138 296 1
(0.0393712 0.465637 0.107979 0.387013) 139 295 2
(0.141148 0.217119 0.228495 0.413237) 139 251 2
(0.645232 0.161202 0.0527626 0.140804) 139 298 1
(0.882916 0.0746934 0.0373069 0.0050835) 140 253 1
(0.0295383 0.36329 0.501243 0.105929) 140 297 1
(0.0889447 0.0789933 0.362849 0.469213) 140 253 2
(0.188866 0.140191 0.249207 0.421735) 140 299 1
(0.606656 0.212854 0.115292 0.0651977) 141 299 2
(0.415717 0.109976 0.198369 0.275938) 141 301 1
(0.336173 0.348066 0.243097 0.0726636) 142 301 2
(0.264675 0.351505 0.122873 0.260946) 142 304 1
(0.359139 0.156227 0.180108 0.304527) 142 257 2
(0.100456 0.0800753 0.433636 0.385832) 142 304 2
(0.0736364 0.374577 0.0724489 0.479338) 143 258 2
(0.571189 0.118431 0.230182 0.0801987) 143 303 1
(0.479891 0.0600204 0.216177 0.243912) 143 1511 1
(0.000322221 0.483701 0.239816 0.276161) 144 260 1
(0.480001 0.049455 0.243869 0.226675) 144 1486 2
(0.556756 0.0403033 0.197466 0.205475) 144 260 2
(0.0494291 0.200526 0.459129 0.290916) 144 307 2
(0.725149 0.124972 0.128802 0.0210767) 145 306 1
(0.300563 0.365879 0.310945 0.0226125) 145 308 2
(0.645174 0.0375257 0.161275 0.156025) 146 308 1
(0.249064 0.219919 0.171684 0.359333) 146 264 2
(0.0921744 0.417117 0.470084 0.0206253) 147 310 1
(0.0414122 0.495468 0.354797 0.108322) 147 266 1
(0.563924 0.201885 0.0060365 0.228155) 147 313 1
(0.321125 0.355591 0.0411511 0.282133) 147 312 2
(0.0269235 0.108593 0.364682 0.499802) 147 312 1
(0.0967216 0.435469 0.25922 0.20859) 148 268 1
(0.568319 0.22698 0.0175516 0.187149) 148 315 1
(0.1101 0.375275 0.0621389 0.452485) 148 314 1
(0.830508 0.0790352 0.0812756 0.00918155) 149 314 2
(0.0938682 0.217102 0.469228 0.219802) 149 317 2
(0.226854 0.398281 0.165326 0.209538) 149 316 2
(0.382408 0.292647 0.310183 0.0147622) 150 319 1
(0.269053 0.381619 0.221966 0.127362) 150 272 1
(0.648261 0.0114465 0.14825 0.192042) 150 318 1
(0.291723 0.334319 0.370308 0.00364987) 151 318 1
(0.750073 0.00918055 0.0996202 0.141127) 151 274 2
(0.129267 0.0307518 0.420774 0.419207) 151 320 1
(0.186986 0.390317 0.282123 0.140574) 152 320 2
(0.185089 0.334206 0.0570941 0.423611) 152 276 2
(0.473547 0.279406 0.0707375 0.17631) 152 323 1
(0.227936 0.25514 0.147048 0.369876) 152 322 1
(0.745373 0.118285 0.11117 0.0251718) 153 322 1
(0.275696 0.345982 0.275068 0.103254) 153 324 2
(0.719853 0.156246 0.11459 0.00931158) 154 324 2
(0.317857 0.357223 0.176421 0.148498) 154 326 2
(0.0548088 0.343885 0.456441 0.144865) 154 327 2
(0.59906 0.184314 0.0205565 0.19607) 155 282 1
(0.12717 0.452557 0.375907 0.0443671) 155 329 1
(0.402805 0.314741 0.0493195 0.233135) 155 328 2
(0.219007 0.300896 0.377127 0.10297) 155 329 2
(0.648085 0.192083 0.0981823 0.0616492) 156 284 1
(0.163199 0.093634 0.413896 0.329271) 156 328 1
(0.198984 0.416662 0.314731 0.0696234) 156 330 2
(0.0435694 0.369034 0.494377 0.0930196) 156 331 2
(0.861946 0.0474651 0.0528825 0.0377064) 157 330 1
(0.184017 0.311195 0.0806467 0.424141) 157 332 1
(0.636687 0.165514 0.131684 0.0661148) 158 335 1
(0.138955 0.140895 0.273433 0.446718) 158 288 2
(0.279576 0.088231 0.288123 0.34407) 158 334 1
(0.318695 0.356829 0.105726 0.218749) 159 290 1
(0.276083 0.378113 0.147583 0.198222) 159 337 1
(0.506656 0.00625555 0.256604 0.230485) 159 290 2
(0.0885117 0.144041 0.471884 0.295563) 159 337 2
(0.429132 0.269214 0.159364 0.14229) 160 336 2
(0.623577 0.204407 0.154502 0.0175151) 160 338 2
(0.319287 0.244346 0.356516 0.0798504) 161 338 1
(0.105042 0.463623 0.41594 0.0153953) 161 294 1
(0.482207 0.132247 0.265091 0.120455) 161 341 2
(0.114853 0.458707 0.166683 0.259757) 161 340 2
(0.790567 0.0885894 0.0492753 0.0715681) 162 340 2
(0.0126285 0.231949 0.277476 0.477947) 162 296 2
(0.300198 0.0978462 0.235889 0.366067) 162 342 1
(0.411531 0.310414 0.207704 0.0703508) 163 342 2
(0.0765313 0.44557 0.185434 0.292464) 163 345 1
(0.562106 0.00228137 0.205389 0.230224) 163 298 2
(0.302768 0.332482 0.340745 0.0240052) 164 300 1
(0.256291 0.225563 0.355866 0.162279) 164 344 1
(0.0167883 0.507794 0.45562 0.0197978) 164 346 2
(0.304751 0.259483 0.363792 0.0719748) 164 347 2
(0.134446 0.416595 0.321993 0.126966) 165 302 1
(0.592201 0.101882 0.19044 0.115477) 165 349 2
(0.0264744 0.470571 0.204157 0.298797) 166 348 2
(0.858204 0.0870674 0.0239891 0.0307393) 166 351 1
(0.179035 0.0955574 0.329833 0.395575) 166 350 1
(0.558496 0.204622 0.196493 0.0403887) 167 350 2
(0.489398 0.239155 0.165568 0.105879) 167 1512 2
(0.768625 0.0995629 0.128106 0.00370629) 168 1487 1
(0.338484 0.150216 0.164375 0.346926) 168 353 1
(0.432061 0.269196 0.26088 0.0378631) 169 353 2
(0.260264 0.18122 0.17249 0.386026) 169 309 2
(0.386812 0.263942 0.290442 0.0588036) 169 356 2
(0.307753 0.332037 0.209211 0.150998) 170 355 2
(0.0155014 0.0103851 0.492527 0.481587) 170 355 1
(0.0996987 0.235603 0.230722 0.433977) 170 311 2
(0.570748 0.168571 0.230791 0.0298908) 170 358 2
(0.0215509 0.0925498 0.505378 0.380521) 171 357 1
(0.710352 0.160974 0.0445306 0.0841428) 171 359 2
(0.357126 0.337586 0.25255 0.0527376) 171 357 2
(0.0292517 0.085535 0.383681 0.501532) 171 359 1
(0.638474 0.196904 0.0940257 0.0705965) 172 359 2
(0.414518 0.308892 0.0360854 0.240504) 172 361 2
(0.165214 0.276605 0.401243 0.156939) 172 362 2
(0.198453 0.38462 0.165576 0.251351) 173 317 1
(0.225421 0.114522 0.371124 0.288934) 173 361 1
(0.745526 0.0418075 0.111056 0.10161) 173 364 2
(0.110781 0.460762 0.000810481 0.427647) 174 363 2
(0.677571 0.135845 0.0415272 0.145057) 174 319 2
(0.00917024 0.479636 0.189996 0.321198) 174 365 2
(0.262036 0.0240292 0.352973 0.360962) 174 366 2
(0.0997447 0.440437 0.415615 0.0442031) 175 321 1
(0.551327 0.240502 0.168977 0.0391941) 175 368 1
(0.429765 0.20564 0.0956214 0.268974) 175 367 1
(0.510325 0.255636 0.054723 0.179315) 176 367 2
(0.547446 0.210121 0.0269526 0.21548) 176 369 2
(0.010845 0.370914 0.510742 0.107499) 176 370 2
(0.340933 0.313339 0.0273792 0.318348) 177 325 1
(0.24201 0.395157 0.318324 0.0445087) 177 372 1
(0.129256 0.263505 0.188082 0.419157) 177 325 2
(0.462791 0.0323198 0.257109 0.24778) 177 372 2
(0.0152709 0.476164 0.142124 0.366441) 178 327 1
(0.69847 0.135975 0.161164 0.0043914) 178 374 1
(0.215463 0.321456 0.0546587 0.408423) 178 373 1
(0.750637 0.0982218 0.108514 0.0426269) 179 373 1
(0.291939 0.337872 0.337286 0.0329024) 179 375 2
(0.662095 0.112293 0.152783 0.0728286) 180 375 1
(0.359416 0.203977 0.118354 0.318253) 180 377 1
(0.103394 0.432154 0.0600413 0.404411) 181 333 1
(0.601481 0.1831 0.207044 0.00837459) 181 380 1
(0.374315 0.17144 0.157563 0.296682) 181 333 2
(0.209903 0.104509 0.306547 0.379042) 181 379 1
(0.570666 0.225413 0.112461 0.0914597) 182 379 2
(0.00705036 0.47604 0.480362 0.0365479) 182 382 2
(0.297602 0.335056 0.333231 0.0341105) 182 381 2
(0.666979 0.0944754 0.182679 0.055866) 183 381 1
(0.330725 0.169322 0.181395 0.318558) 183 383 1
(0.118672 0.424576 0.227164 0.229589) 184 339 1
(0.463129 0.284585 0.1719 0.0803859) 184 386 1
(0.337156 0.0709465 0.27661 0.315288) 184 339 2
(0.247037 0.0791068 0.39263 0.281226) 184 386 2
(0.464049 0.251842 0.217527 0.0665818) 185 385 2
(0.00102286 0.51561 0.173502 0.309865) 185 388 1
(0.603324 0.21319 0.163639 0.0198476) 185 387 2
(0.0190604 0.47432 0.0660626 0.440557) 186 343 1
(0.295345 0.137272 0.336183 0.2312) 186 387 1
(0.539691 0.208391 0.0379358 0.213982) 186 343 2
(0.0883445 0.310084 0.472004 0.129567) 186 390 2
(0.0244275 0.503935 0.445911 0.0257265) 186 389 2
(0.697011 0.166776 0.0351145 0.101099) 187 392 1
(0.308219 0.0534942 0.308567 0.32972) 187 345 2
(0.18067 0.0572929 0.336211 0.425826) 187 391 1
(0.504831 0.231438 0.161052 0.10268) 188 391 2
(0.403913 0.287642 0.284859 0.0235865) 188 393 2
(0.204509 0.381597 0.099447 0.314447) 189 349 1
(0.378333 0.326986 0.250502 0.0441786) 189 396 1
(0.735713 0.147401 0.0476971 0.0691885) 189 395 2
(0.042968 0.494696 0.00992081 0.452415) 190 351 1
(0.125862 0.2071 0.453238 0.2138) 190 395 1
(0.562018 0.235139 0.197039 0.00580384) 190 351 1
(0.220566 0.244586 0.128961 0.405887) 190 397 1
(0.240998 0.119338 0.276313 0.363351) 191 352 2
(0.502273 0.232708 0.0377965 0.227223) 191 352 1
(0.114467 0.426745 0.11647 0.342317) 191 399 1
(0.132364 0.43072 0.173708 0.263209) 192 354 1
(0.643099 0.194601 0.0324277 0.129872) 192 400 2
(0.297306 0.367515 0.271444 0.0637347) 193 400 2
(0.156266 0.405722 0.326586 0.111426) 193 403 1
(0.834688 0.066474 0.0970072 0.00183075) 193 402 2
(0.0430276 0.178193 0.462308 0.316471) 194 402 1
(0.797886 0.0849047 0.0181352 0.0990742) 194 358 1
(0.238468 0.300422 0.0965022 0.364608) 194 404 1
(0.130786 0.426845 0.411627 0.0307419) 195 360 1
(0.451167 0.265616 0.258427 0.0247899) 195 407 2
(0.0025384 0.389037 0.482573 0.125852) 196 406 1
(0.826318 0.0706836 0.0355309 0.0674677) 196 409 1
(0.078358 0.444663 0.407214 0.0697644) 196 408 2
(0.601383 0.183135 0.132708 0.082775) 197 364 1
(0.0505965 0.458533 0.234421 0.25645) 197 411 1
(0.190875 0.38842 0.0617335 0.358972) 197 410 2
(0.337589 0.0785843 0.347336 0.23649) 197 411 2
(0.0271058 0.499847 0.361266 0.111781) 198 366 1
(0.447379 0.0886155 0.292489 0.171516) 198 410 1
(0.611009 0.151113 0.0278382 0.21004) 198 412 1
(0.328914 0.319399 0.117343 0.234345) 199 412 2
(0.507421 0.111687 0.11844 0.262452) 199 368 2
(0.143746 0.443846 0.412252 0.0001562) 199 415 2
(0.0919361 0.170141 0.267728 0.470194) 199 414 1
(0.20948 0.382159 0.403941 0.00442044) 200 414 2
(0.720297 0.156037 0.0602 0.0634662) 200 417 1
(0.0981401 0.434765 0.465011 0.0020842) 200 416 2
(0.775326 0.11172 0.0167631 0.0961904) 201 372 2
(0.200245 0.0669715 0.416025 0.316759) 201 419 2
(0.137011 0.415351 0.235415 0.212223) 202 418 2
(0.388288 0.143506 0.178522 0.289683) 202 374 2
(0.418092 0.274794 0.113769 0.193345) 202 421 1
(0.124335 0.162503 0.259178 0.453984) 202 420 1
(0.392626 0.287528 0.0196937 0.300152) 203 376 1
(0.346143 0.0875195 0.255537 0.310801) 203 376 2
(0.440262 0.263754 0.0261566 0.269827) 203 423 1
(0.0373576 0.181007 0.316462 0.465174) 203 422 1
(0.529846 0.218912 0.0315544 0.219687) 204 378 1
(0.394284 0.313581 0.129405 0.162729) 204 424 2
(0.203936 0.384203 0.381875 0.0299866) 204 425 2
(0.00305456 0.0229554 0.491677 0.482313) 204 424 1
(0.575121 0.196288 0.107243 0.121348) 205 424 2
(0.469956 0.281153 0.242207 0.00668329) 205 426 2
(0.480658 0.186531 0.275144 0.0576661) 206 426 1
(0.566322 0.0585096 0.14218 0.232989) 206 428 1
(0.0813434 0.475483 0.349353 0.0938199) 207 428 2
(0.443109 0.251042 0.0435579 0.262291) 207 384 2
(0.430134 0.301083 0.249922 0.0188604) 207 431 1
(0.245539 0.165471 0.393382 0.195607) 207 431 2
(0.0270834 0.470323 0.191553 0.311041) 208 430 2
(0.851829 0.0579198 0.0671758 0.023075) 208 386 1
(0.0671272 0.425498 0.0571027 0.450272) 208 432 1
(0.593032 0.187325 0.0829661 0.136676) 209 435 1
(0.332864 0.056648 0.280934 0.329554) 209 388 2
(0.196088 0.0492915 0.368822 0.385799) 209 434 1
(0.543919 0.211899 0.115024 0.129158) 210 434 2
(0.516112 0.0898282 0.135968 0.258091) 210 436 1
(0.214315 0.40901 0.334474 0.0422005) 211 436 2
(0.312153 0.327774 0.30866 0.0514124) 211 439 1
(0.700579 0.0825191 0.0510564 0.165845) 211 392 2
(0.0634988 0.429018 0.452091 0.0553919) 212 438 1
(0.0844997 0.4476 0.332262 0.135638) 212 394 1
(0.547944 0.221565 0.209869 0.0206223) 212 441 2
(0.313703 0.326998 0.0665946 0.292705) 212 440 2
(0.141891 0.0804161 0.412923 0.36477) 213 440 1
(0.370817 0.264216 0.298449 0.0665172) 213 443 2
(0.248687 0.212011 0.147498 0.391803) 213 396 2
(0.187479 0.422434 0.0453004 0.344787) 214 442 2
(0.09007 0.43909 0.448051 0.0227889) 214 398 1
(0.527521 0.13274 0.222452 0.117287) 214 445 2
(0.0002396 0.516051 0.147638 0.336072) 215 444 2
(0.345114 0.311281 0.169745 0.17386) 215 446 1
(0.479984 0.275976 0.171501 0.072538) 215 1514 2
(0.165422 0.404181 0.157222 0.273176) 216 401 1
(0.123799 0.218722 0.235533 0.421945) 216 401 2
(0.465773 0.104137 0.283281 0.146809) 216 448 2
(0.266434 0.239567 0.350628 0.143372) 217 447 1
(0.0173702 0.481876 0.025589 0.475164) 217 449 1
(0.242058 0.297261 0.395119 0.0655624) 217 450 2
(0.214196 0.408838 0.347245 0.0297211) 218 405 1
(0.523173 0.0591643 0.163102 0.254561) 218 451 1
(0.217684 0.402672 0.282993 0.0966501) 219 451 2
(0.309619 0.356821 0.126811 0.206749) 219 453 2
(0.607727 0.17998 0.0604714 0.151822) 219 454 1
(0.51814 0.225459 0.065684 0.190716) 220 409 1
(0.195974 0.0164615 0.415902 0.371662) 220 453 1
(0.231732 0.0835124 0.316779 0.367976) 220 409 2
(0.423823 0.143105 0.27202 0.161051) 220 456 2
(0.243487 0.23425 0.362072 0.16019) 221 455 1
(0.798418 0.0958817 0.0210675 0.0846332) 221 457 1
(0.143318 0.443813 0.123193 0.289676) 222 457 2
(0.43459 0.239604 0.0592813 0.266524) 222 413 2
(0.217338 0.407523 0.092662 0.282477) 222 460 1
(0.275322 0.115148 0.231018 0.378512) 222 459 1
(0.028246 0.502011 0.41052 0.0592226) 223 459 2
(0.668388 0.0628244 0.149644 0.119143) 223 459 1
(0.391873 0.320237 0.262351 0.0255386) 223 461 2
(0.0231051 0.504619 0.360194 0.112082) 224 464 1
(0.568539 0.19955 0.19682 0.0350911) 224 461 2
(0.321435 0.227763 0.355429 0.0953729) 224 464 2
(0.32001 0.0883553 0.267801 0.323833) 224 417 2
(0.173278 0.244438 0.39722 0.185064) 225 463 1
(0.0455827 0.46105 0.263077 0.23029) 225 419 1
(0.764017 0.0830682 0.0510788 0.101836) 225 465 1
(0.333676 0.349312 0.0741516 0.242861) 226 465 2
(0.0148576 0.507907 0.0431178 0.434118) 226 468 1
(0.646037 0.16083 0.0505416 0.142591) 226 467 2
(0.0886755 0.00408837 0.43949 0.467746) 226 468 2
(0.423092 0.304605 0.12552 0.146783) 227 467 2
(0.0433786 0.464828 0.0680622 0.423732) 227 470 1
(0.551216 0.20825 0.12445 0.116083) 227 469 2
(0.40922 0.311518 0.0422725 0.236989) 228 469 2
(0.576268 0.167004 0.0286946 0.228033) 228 471 1
(0.37705 0.183299 0.29564 0.144012) 229 471 1
(0.121689 0.455315 0.416776 0.00621998) 229 427 1
(0.57354 0.0462332 0.229384 0.150843) 229 474 2
(0.0911277 0.4383 0.0984767 0.372096) 229 473 2
(0.286539 0.0592278 0.340589 0.313645) 230 473 1
(0.458076 0.263467 0.201936 0.0765211) 230 429 1
(0.235844 0.261711 0.398213 0.104232) 230 476 2
(0.180718 0.420233 0.218603 0.180447) 230 475 2
(0.0665494 0.480975 0.38904 0.0634354) 231 478 1
(0.837609 0.0650482 0.0759264 0.0214168) 231 475 2
(0.202474 0.367584 0.0473368 0.382605) 231 477 1
(0.0488916 0.491702 0.210695 0.248712) 232 433 1
(0.644815 0.193762 0.0597967 0.101626) 232 480 1
(0.381632 0.0360146 0.257023 0.32533) 232 433 2
(0.828313 0.0707715 0.0140911 0.0868245) 233 435 1
(0.0478496 0.179131 0.488439 0.28458) 233 479 1
(0.199879 0.336916 0.0793042 0.3839) 233 481 1
(0.194879 0.38642 0.270419 0.148282) 234 437 1
(0.395771 0.318262 0.0561143 0.229853) 234 484 1
(0.272785 0.379754 0.20283 0.144632) 234 483 2
(0.683464 0.132472 0.142113 0.0419513) 235 483 1
(0.0747888 0.272687 0.173771 0.478753) 235 439 2
(0.170544 0.0834709 0.347403 0.398581) 235 485 1
(0.323774 0.32195 0.293339 0.0609374) 236 485 2
(0.182948 0.424665 0.0920555 0.300331) 236 488 1
(0.589359 0.189181 0.0762371 0.145223) 236 487 2
(0.0201931 0.0468186 0.426938 0.50605) 236 487 1
(0.670693 0.171768 0.0429165 0.114623) 237 487 2
(0.37687 0.273306 0.0364667 0.313357) 237 489 1
(0.258857 0.354397 0.0746813 0.312064) 238 445 1
(0.336293 0.348019 0.21053 0.105157) 238 492 1
(0.221414 0.373156 0.196171 0.209259) 238 491 2
(0.033168 0.241272 0.491302 0.234258) 238 492 2
(0.686346 0.118691 0.166653 0.0283105) 239 491 1
(0.373469 0.0531738 0.27625 0.297107) 239 446 2
(0.205886 0.137114 0.41319 0.24381) 239 493 2
(0.203677 0.414317 0.13811 0.243896) 240 448 1
(0.374996 0.328646 0.243916 0.052442) 240 495 1
(0.673858 0.179211 0.140375 0.00655558) 240 494 2
(0.266711 0.350504 0.178613 0.204171) 241 494 2
(0.0955691 0.468174 0.110344 0.325913) 241 497 1
(0.392098 0.293221 0.312788 0.00189304) 241 496 2
(0.201866 0.382912 0.155794 0.259428) 242 452 1
(0.378694 0.326802 0.245396 0.0491085) 242 499 1
(0.67326 0.150295 0.141712 0.0347325) 242 498 2
(0.183788 0.424235 0.324756 0.0672215) 243 498 2
(0.283798 0.374255 0.305464 0.0364828) 243 501 1
(0.787718 0.0613252 0.0609854 0.089971) 243 454 2
(0.00828184 0.397708 0.512016 0.0819943) 244 500 1
(0.903134 0.0322937 0.0221491 0.042423) 244 456 1
(0.0424191 0.18372 0.462612 0.311248) 244 503 2
(0.0674596 0.450082 0.281868 0.200591) 244 502 2
(0.307476 0.362406 0.198744 0.131373) 245 505 1
(0.348849 0.309417 0.266332 0.0754023) 245 458 1
(0.480313 0.0551203 0.220873 0.243693) 245 504 1
(0.0702783 0.0450011 0.403712 0.481009) 245 458 2
(0.479106 0.195343 0.276613 0.0489381) 246 504 1
(0.580745 0.193427 0.131776 0.0940523) 246 506 2
(0.0606482 0.0197295 0.453475 0.466147) 247 506 1
(0.364727 0.301482 0.23959 0.0942012) 247 506 2
(0.38511 0.291288 0.0125535 0.311048) 247 509 1
(0.265197 0.21364 0.137607 0.383557) 247 462 2
(0.0531558 0.310636 0.14662 0.489589) 247 508 1
(0.913368 0.0272083 0.00419187 0.0552322) 248 508 2
(0.106949 0.430384 0.294805 0.167861) 248 510 2
(0.362648 0.302541 0.237552 0.0972587) 249 466 1
(0.277676 0.345837 0.236508 0.139979) 249 513 1
(0.0901446 0.0030158 0.468069 0.43877) 249 466 2
(0.507268 0.0455902 0.198733 0.248408) 249 512 1
(0.447723 0.146359 0.292305 0.113613) 250 512 1
(0.594767 0.113593 0.105185 0.186455) 250 514 1
(0.364173 0.239721 0.334086 0.06202) 251 514 1
(0.0693136 0.0252498 0.452705 0.452731) 251 470 2
(0.677461 0.0485134 0.096574 0.177451) 251 516 1
(0.21351 0.384485 0.31141 0.0905948) 252 472 1
(0.27678 0.17785 0.345436 0.199934) 252 516 1
(0.196774 0.386289 0.0991362 0.317801) 252 518 2
(0.465699 0.152496 0.283306 0.0984986) 252 519 2
(0.561673 0.213865 0.0974248 0.127037) 253 474 1
(0.182122 0.0589066 0.392784 0.366188) 253 518 1
(0.288997 0.37165 0.221747 0.117607) 253 520 2
(0.13202 0.366656 0.449635 0.0516889) 253 521 2
(0.663688 0.154645 0.0628724 0.118794) 254 520 2
(0.38379 0.272267 0.0519827 0.29196) 254 522 1
(0.568571 0.0950756 0.230846 0.105508) 255 522 1
(0.188362 0.299295 0.0903576 0.421986) 255 478 2
(0.410493 0.0475045 0.263433 0.278569) 255 524 1
(0.185502 0.391086 0.325214 0.0981976) 256 524 2
(0.345255 0.343511 0.177969 0.133265) 256 527 1
(0.580437 0.0432841 0.150337 0.225943) 256 480 2
(0.078477 0.136395 0.444601 0.340527) 256 527 2
(0.347976 0.336514 0.0156058 0.299904) 257 526 2
(0.179102 0.33277 0.0807102 0.407418) 257 482 2
(0.455394 0.0397381 0.288438 0.216431) 257 529 2
(0.098066 0.434808 0.278067 0.18906) 258 528 2
(0.218737 0.374484 0.277277 0.129502) 258 531 1
(0.004121 0.514084 0.0195026 0.462293) 258 530 2
(0.764685 0.101508 0.0719755 0.0618314) 258 530 2
(0.390496 0.302033 0.0188854 0.288586) 259 486 2
(0.319725 0.148526 0.356307 0.175442) 259 530 1
(0.291386 0.172652 0.370439 0.165523) 259 533 2
(0.187381 0.415696 0.390167 0.00675627) 260 532 1
(0.689758 0.141207 0.157398 0.011637) 260 534 2
(0.255691 0.248861 0.356003 0.139444) 261 534 1
(0.248993 0.388873 0.000323688 0.36181) 261 490 2
(0.351025 0.236634 0.340649 0.0716921) 261 537 2
(0.114867 0.458725 0.289153 0.137255) 261 536 2
(0.817849 0.0749122 0.00331122 0.103927) 262 536 2
(0.261659 0.156654 0.228661 0.353026) 262 538 1
(0.434516 0.266599 0.292276 0.00660873) 263 538 2
(0.479822 0.152688 0.122742 0.244748) 263 1516 1
(0.166108 0.400805 0.18765 0.245437) 263 540 1
(0.360268 0.0875776 0.217657 0.334497) 264 495 2
(0.502192 0.226315 0.265046 0.00644808) 264 1491 2
(0.118353 0.240399 0.456964 0.184285) 265 541 1
(0.362928 0.334689 0.0374511 0.264932) 265 543 2
(0.415912 0.256819 0.308191 0.0190777) 265 544 2
(0.505464 0.226693 0.263419 0.00442397) 266 543 1
(0.375741 0.125018 0.203225 0.296016) 266 499 2
(0.205965 0.237333 0.413162 0.14354) 266 546 2
(0.193848 0.34503 0.419229 0.0418928) 267 545 1
(0.184719 0.276436 0.115042 0.423804) 267 501 2
(0.427109 0.0540766 0.270282 0.248532) 267 548 2
(0.317251 0.357509 0.140161 0.185079) 268 503 1
(0.694254 0.00922098 0.136729 0.159796) 268 550 2
(0.22775 0.37595 0.375206 0.0210942) 269 549 1
(0.753939 0.0187305 0.120449 0.106881) 269 505 2
(0.15186 0.0176723 0.390227 0.44024) 269 551 1
(0.159292 0.436516 0.249196 0.154996) 270 551 2
(0.193214 0.345202 0.042634 0.41895) 270 507 2
(0.467127 0.275418 0.0929139 0.164541) 270 554 1
(0.241678 0.25468 0.140616 0.363026) 270 553 1
(0.699286 0.166527 0.00394976 0.130237) 271 553 2
(0.353903 0.339192 0.160401 0.146503) 271 555 2
(0.366181 0.33304 0.116682 0.184097) 272 511 1
(0.225958 0.403208 0.248979 0.121855) 272 558 1
(0.041135 0.187867 0.307704 0.463295) 272 511 2
(0.563854 0.0173873 0.234222 0.184537) 272 558 2
(0.333996 0.281086 0.316857 0.0680613) 273 557 1
(0.730145 0.13061 0.0297987 0.109447) 273 559 2
(0.0289412 0.083802 0.46941 0.417847) 273 560 2
(0.22433 0.371683 0.195478 0.208509) 274 559 2
(0.178003 0.409006 0.123015 0.289976) 274 562 1
(0.569152 0.109937 0.0893503 0.23156) 274 515 2
(0.0714146 0.121842 0.326309 0.480435) 274 561 1
(0.513749 0.259282 0.204214 0.0227555) 275 561 2
(0.311832 0.296199 0.360172 0.0317967) 275 564 2
(0.329915 0.351227 0.109498 0.20936) 275 563 2
(0.648751 0.15947 0.177653 0.0141256) 276 563 2
(0.0188336 0.476025 0.474418 0.0307243) 276 566 2
(0.39526 0.318508 0.223044 0.0631871) 276 565 2
(0.0747983 0.0445049 0.478793 0.401904) 276 563 1
(0.557476 0.205111 0.0125685 0.224845) 277 565 2
(0.489338 0.167534 0.0716428 0.271485) 277 567 1
(0.0401288 0.495962 0.0235014 0.440408) 278 523 1
(0.465069 0.0945148 0.283612 0.156804) 278 567 1
(0.208442 0.37569 0.0270707 0.388797) 278 523 2
(0.485206 0.0483243 0.273522 0.192947) 278 570 2
(0.00113964 0.515569 0.290517 0.192774) 279 569 2
(0.306044 0.342095 0.31614 0.0357212) 279 572 1
(0.558775 0.204451 0.197876 0.038897) 279 525 1
(0.155054 0.240974 0.412106 0.191865) 279 572 2
(0.0020192 0.482824 0.388727 0.12643) 279 571 2
(0.958615 0.00461517 0.0171697 0.0196005) 280 527 1
(0.0479764 0.341547 0.118305 0.492171) 280 573 1
(0.296675 0.367805 0.17735 0.15817) 281 529 1
(0.157086 0.437584 0.346769 0.0585609) 281 575 2
(0.396415 0.287843 0.315508 0.0002339) 281 576 2
(0.800748 0.0404007 0.0834415 0.0754096) 282 575 1
(0.247183 0.0974179 0.262832 0.392568) 282 531 2
(0.0841316 0.17538 0.298717 0.441771) 282 577 1
(0.6819 0.142912 0.161234 0.0139545) 283 577 2
(0.245587 0.374297 0.0190424 0.361074) 283 579 1
(0.278694 0.358972 0.150078 0.212256) 284 535 1
(0.386276 0.0390045 0.251705 0.323014) 284 535 2
(0.271919 0.254605 0.380176 0.0933001) 284 582 2
(0.480907 0.275695 0.169756 0.0736414) 285 581 2
(0.0301976 0.501058 0.401693 0.0670514) 285 584 1
(0.598364 0.185919 0.0310602 0.184657) 285 583 1
(0.07381 0.446935 0.018633 0.460622) 286 539 1
(0.329714 0.106205 0.338664 0.225417) 286 583 1
(0.405861 0.275148 0.0380961 0.280896) 286 539 2
(0.211929 0.262377 0.410203 0.11549) 286 586 2
(0.0298072 0.468947 0.39844 0.102805) 286 585 2
(0.057513 0.487393 0.20194 0.253154) 287 587 1
(0.48159 0.273684 0.0773999 0.167327) 287 1517 2
(0.465329 0.283477 0.00729508 0.243899) 288 542 1
(0.151603 0.408058 0.166859 0.27348) 288 589 1
(0.404286 0.0786335 0.203084 0.313996) 288 542 2
(0.211716 0.0653637 0.41028 0.31264) 288 589 2
(0.487343 0.272483 0.127799 0.112375) 289 588 2
(0.0607739 0.454251 0.0640254 0.42095) 289 590 2
(0.599244 0.0181441 0.198371 0.184241) 289 590 1
(0.342968 0.0111534 0.335733 0.310146) 290 590 1
(0.740696 0.0236162 0.120074 0.115613) 290 592 1
(0.0480736 0.459812 0.476941 0.0151734) 291 595 1
(0.137917 0.447208 0.216686 0.198189) 291 592 2
(0.868865 0.0302399 0.0514708 0.0494238) 291 548 2
(0.0250684 0.471311 0.153411 0.350209) 292 594 2
(0.652594 0.15754 0.165471 0.0243961) 292 550 1
(0.0759172 0.45046 0.146206 0.327417) 292 596 2
(0.13599 0.0386335 0.377227 0.448149) 292 596 1
(0.0810617 0.443317 0.392622 0.0830001) 293 552 1
(0.500684 0.265809 0.0778448 0.155662) 293 599 1
(0.226443 0.272449 0.130493 0.370614) 293 598 1
(0.714068 0.126808 0.0417781 0.117346) 294 598 2
(0.345982 0.311186 0.157585 0.185247) 294 600 2
(0.3705 0.298568 0.111529 0.219403) 295 556 1
(0.288533 0.366264 0.035409 0.309795) 295 603 1
(0.0856017 0.190287 0.250741 0.47337) 295 556 2
(0.0379252 0.302217 0.178493 0.481365) 295 602 1
(0.898316 0.0286849 0.0670126 0.00598651) 296 602 1
(0.159549 0.436314 0.269936 0.134202) 296 604 2
(0.366872 0.300625 0.203191 0.129313) 297 560 1
(0.249769 0.391261 0.233081 0.12589) 297 607 1
(0.568582 0.0149544 0.184602 0.231861) 297 606 1
(0.371989 0.252658 0.297832 0.0775212) 298 606 1
(0.596694 0.217804 0.138431 0.0470708) 298 608 2
(0.510764 0.254716 0.082574 0.151946) 299 608 2
(0.498594 0.234548 0.238761 0.0280964) 299 610 2
(0.454025 0.20277 0.256805 0.0864005) 300 610 1
(0.0177476 0.490594 0.0650018 0.426657) 300 612 2
(0.591466 0.0607951 0.15925 0.188489) 300 612 1
(0.313386 0.335731 0.311077 0.0398049) 301 568 1
(0.360946 0.0927147 0.335695 0.210645) 301 612 1
(0.11153 0.460399 0.18478 0.243291) 301 614 2
(0.380856 0.15281 0.293402 0.172931) 301 615 2
(0.652721 0.189776 0.0955649 0.0619377) 302 570 1
(0.2132 0.377238 0.383172 0.0263901) 302 617 1
(0.201714 0.415301 0.312371 0.0706144) 302 616 2
(0.0404875 0.369703 0.495919 0.0938898) 302 617 2
(0.767416 0.116814 0.00299792 0.112772) 303 616 2
(0.280808 0.27095 0.104209 0.344033) 303 618 1
(0.102167 0.46507 0.122529 0.310235) 304 574 1
(0.577765 0.227101 0.132836 0.0622971) 304 621 1
(0.30669 0.1981 0.164703 0.330507) 304 574 2
(0.334564 0.0231501 0.317944 0.324342) 304 620 1
(0.322052 0.322826 0.226053 0.129069) 305 620 2
(0.0970123 0.467679 0.148146 0.287163) 305 623 1
(0.485518 0.144709 0.116676 0.253097) 305 622 1
(0.169472 0.399102 0.422533 0.00889241) 306 622 2
(0.493555 0.237068 0.252912 0.0164645) 306 625 1
(0.436524 0.202621 0.0629615 0.297894) 306 578 2
(0.269152 0.0887145 0.349268 0.292866) 306 625 2
(0.0330501 0.437912 0.0617102 0.467327) 307 580 2
(0.31104 0.328313 0.0863455 0.274302) 307 624 2
(0.356883 0.223529 0.11419 0.305398) 307 626 1
(0.168625 0.418124 0.0688895 0.344361) 308 582 1
(0.86919 0.0320811 0.049297 0.0494323) 308 629 2
(0.129182 0.24082 0.451575 0.178422) 309 628 1
(0.370371 0.272456 0.0261983 0.330975) 309 584 2
(0.220607 0.286954 0.373528 0.118911) 309 631 2
(0.0087128 0.479498 0.414452 0.0973373) 309 630 2
(0.879722 0.0763128 0.018086 0.0258788) 310 633 1
(0.116213 0.433048 0.414474 0.036264) 310 632 2
(0.0573247 0.211272 0.246117 0.485286) 311 587 2
(0.773431 0.0971404 0.0290408 0.100388) 311 634 1
(0.741121 0.144316 0.0786649 0.035898) 312 636 1
(0.0760544 0.385417 0.0926813 0.445848) 312 635 1
(0.124343 0.421672 0.232923 0.221062) 313 591 1
(0.511209 0.260548 0.0554481 0.172795) 313 638 1
(0.332513 0.31761 0.198324 0.151554) 313 637 2
(0.544699 0.211175 0.000493867 0.243632) 314 639 1
(0.523449 0.0529011 0.222145 0.201505) 314 637 1
(0.286672 0.34052 0.362276 0.010532) 315 595 1
(0.38792 0.122783 0.289903 0.199393) 315 639 1
(0.0337986 0.466932 0.0550721 0.444198) 315 641 2
(0.42782 0.0666538 0.235599 0.269927) 315 641 1
(0.0698257 0.481273 0.427065 0.0218364) 316 597 1
(0.530299 0.0522858 0.250998 0.166417) 316 641 1
(0.442464 0.210889 0.0517239 0.294923) 316 643 1
(0.504004 0.250909 0.0743774 0.170709) 317 643 2
(0.08977 0.385473 0.471252 0.0535046) 317 646 2
(0.552528 0.234311 0.0062735 0.206887) 317 645 2
(0.295738 0.336037 0.055959 0.312267) 318 601 1
(0.0817844 0.143145 0.442987 0.332084) 318 645 1
(0.0098331 0.319016 0.191694 0.479457) 318 601 2
(0.639277 0.158587 0.190784 0.0113514) 318 648 2
(0.777791 0.0518518 0.0949119 0.0754456) 319 647 1
(0.29853 0.366903 0.217653 0.116913) 319 649 2
(0.410988 0.278326 0.112182 0.198504) 320 605 1
(0.209353 0.411147 0.312408 0.0670918) 320 652 1
(0.0647577 0.184827 0.298962 0.451453) 320 605 2
(0.534788 0.0936055 0.216429 0.155178) 320 652 2
(0.208246 0.33631 0.412062 0.0433825) 321 651 1
(0.806881 0.0247102 0.0880215 0.0803877) 321 607 2
(0.075843 0.44591 0.279299 0.198947) 322 653 2
(0.1592 0.436559 0.315728 0.088513) 322 656 1
(0.177446 0.395122 0.41844 0.00899132) 322 609 1
(0.503474 0.0629292 0.232133 0.201463) 322 656 2
(0.0217062 0.00515748 0.467832 0.505304) 322 609 2
(0.324354 0.167289 0.353985 0.154372) 323 655 1
(0.111251 0.460539 0.406872 0.0213381) 323 611 1
(0.568132 0.0750102 0.201114 0.155744) 323 658 2
(0.122488 0.454897 0.0805173 0.342098) 323 657 2
(0.234841 0.0813215 0.366425 0.317413) 324 657 1
(0.446524 0.260574 0.191887 0.101014) 324 613 1
(0.242025 0.279165 0.39514 0.0836705) 324 660 2
(0.215247 0.377058 0.18928 0.218414) 324 659 2
(0.0957487 0.435968 0.438076 0.0302074) 325 662 1
(0.737375 0.147481 0.103805 0.0113386) 325 659 2
(0.310035 0.328794 0.307691 0.0534811) 325 661 2
(0.642403 0.132271 0.162599 0.0627264) 326 661 1
(0.405277 0.163217 0.128921 0.302585) 326 663 1
(0.13409 0.416825 0.0196431 0.429443) 327 619 1
(0.311597 0.281279 0.0484883 0.358635) 327 619 2
(0.546889 0.00285958 0.242693 0.207558) 327 663 1
(0.366894 0.067289 0.332718 0.233099) 327 666 2
(0.0768537 0.477728 0.233845 0.211573) 328 665 2
(0.735626 0.0984041 0.0176359 0.148334) 328 621 2
(0.178318 0.42699 0.259202 0.135489) 328 668 1
(0.0170818 0.475277 0.0456003 0.462041) 329 667 2
(0.119953 0.424824 0.21852 0.236702) 329 669 2
(0.780251 0.0937174 0.000648 0.125383) 329 670 1
(0.800688 0.115812 0.0604754 0.0230246) 330 625 1
(0.143493 0.424134 0.364407 0.0679666) 330 672 1
(0.0924848 0.428121 0.00950217 0.469892) 330 671 1
(0.179661 0.426312 0.242772 0.151255) 331 627 1
(0.468919 0.281638 0.162039 0.0874043) 331 673 2
(0.270474 0.380894 0.108614 0.240019) 331 674 1
(0.115265 0.42638 0.129737 0.328617) 332 629 1
(0.558295 0.204701 0.114267 0.122738) 332 676 1
(0.44155 0.0367627 0.258617 0.26307) 332 629 2
(0.184049 0.0431634 0.406382 0.366406) 332 676 2
(0.480682 0.275808 0.128386 0.115124) 333 675 2
(0.53559 0.0835933 0.164765 0.216051) 333 677 1
(0.1111 0.428285 0.392159 0.0684564) 334 677 2
(0.213844 0.403748 0.186609 0.1958) 334 680 1
(0.528966 0.209559 0.0097989 0.251677) 334 633 2
(0.315066 0.0378859 0.326312 0.320736) 334 680 2
(0.194482 0.387024 0.370638 0.0478552) 335 679 2
(0.218502 0.374595 0.233152 0.173751) 335 681 1
(0.62903 0.121969 0.0796597 0.169342) 335 634 2
(0.0742583 0.202774 0.446727 0.27624) 335 681 2
(0.479779 0.276262 0.187932 0.0560273) 336 1494 1
(0.369352 0.101639 0.211069 0.31794) 336 636 2
(0.266981 0.0174387 0.359051 0.35653) 336 683 2
(0.359925 0.30388 0.164277 0.171918) 337 682 2
(0.0514201 0.490436 0.0727879 0.385356) 337 685 1
(0.0221882 0.0973867 0.505067 0.375358) 337 685 2
(0.680563 0.147054 0.0264232 0.14596) 337 684 2
(0.279137 0.344285 0.143741 0.232837) 338 684 2
(0.0109732 0.510669 0.112757 0.3656) 338 687 1
(0.406489 0.191393 0.121513 0.280605) 338 640 2
(0.143263 0.418571 0.139546 0.29862) 339 686 2
(0.0618151 0.452926 0.186178 0.299081) 339 689 1
(0.679537 0.108076 0.0682971 0.14409) 339 642 2
(0.129206 0.121957 0.451542 0.297295) 339 689 2
(0.0949938 0.46865 0.168393 0.267963) 340 688 2
(0.247802 0.359959 0.174114 0.218125) 340 691 1
(0.432572 0.201549 0.0668691 0.299009) 340 644 2
(0.322226 0.0225275 0.332415 0.322831) 340 690 1
(0.192715 0.391606 0.00299163 0.412687) 341 646 1
(0.538396 0.214647 0.201064 0.0458937) 341 693 1
(0.427752 0.197023 0.0729238 0.302301) 341 692 1
(0.512995 0.259676 0.0329283 0.194401) 342 692 2
(0.541114 0.213278 0.0629785 0.18263) 342 694 2
(0.40451 0.281543 0.303206 0.0107411) 343 694 2
(0.103539 0.0612412 0.432052 0.403168) 343 694 1
(0.177048 0.202602 0.225031 0.395319) 343 650 2
(0.502024 0.216365 0.26514 0.0164712) 343 697 2
(0.088305 0.359646 0.472003 0.0800462) 344 696 1
(0.831753 0.0679463 0.0923751 0.00792524) 344 652 1
(0.0361306 0.184054 0.46578 0.314036) 344 699 2
(0.0531984 0.489565 0.216259 0.240977) 344 698 2
(0.382134 0.292779 0.253056 0.0720313) 345 701 1
(0.174241 0.397713 0.354345 0.0737014) 345 654 1
(0.364184 0.29037 0.0410185 0.304427) 345 700 1
(0.589541 0.0998111 0.221385 0.0892627) 346 700 1
(0.391886 0.29268 0.240747 0.0746866) 346 702 2
(0.614384 0.208978 0.136425 0.0402131) 347 702 2
(0.341351 0.313312 0.198609 0.146728) 347 704 2
(0.619951 0.173856 0.0644878 0.141705) 348 704 2
(0.427034 0.253418 0.0492447 0.270304) 348 706 1
(0.526803 0.128997 0.252753 0.0914474) 349 706 1
(0.0705358 0.410261 0.068867 0.450336) 349 662 2
(0.520703 0.0487048 0.207107 0.223486) 349 708 1
(0.0624762 0.484921 0.366749 0.0858536) 350 708 2
(0.432531 0.011093 0.275313 0.281063) 350 708 1
(0.401373 0.283132 0.306804 0.008692) 350 664 1
(0.288008 0.163383 0.372158 0.176451) 350 711 2
(0.0334179 0.499426 0.27387 0.193285) 350 710 2
(0.106134 0.463074 0.315745 0.115047) 351 713 1
(0.764136 0.134092 0.077148 0.0246233) 351 666 1
(0.129498 0.419103 0.412585 0.0388132) 351 712 2
(0.819696 0.0094448 0.0751895 0.0956697) 352 712 1
(0.0554337 0.261122 0.227316 0.456128) 352 668 2
(0.218313 0.204192 0.202815 0.37468) 352 714 1
(0.259005 0.354361 0.0586903 0.327944) 353 670 1
(0.447903 0.292166 0.0971172 0.162813) 353 717 1
(0.512626 0.0295727 0.230266 0.227535) 353 670 2
(0.168356 0.0230403 0.40962 0.398984) 353 717 2
(0.120946 0.301928 0.121446 0.45568) 354 672 2
(0.640938 0.0856683 0.195669 0.0777247) 354 716 1
(0.0473152 0.475979 0.0180064 0.458699) 355 718 2
(0.0555508 0.456086 0.00962148 0.478742) 355 720 2
(0.794384 0.112223 0.0064626 0.0869298) 355 720 1
(0.816205 0.0682988 0.0369649 0.0785317) 356 676 2
(0.157838 0.191223 0.404944 0.245995) 356 720 1
(0.102125 0.432782 0.285916 0.179178) 357 678 1
(0.035536 0.400706 0.498381 0.0653774) 357 722 1
(0.471862 0.247924 0.139493 0.140721) 357 724 2
(0.189261 0.421515 0.0392395 0.349984) 357 725 1
(0.441351 0.186231 0.263149 0.109269) 358 724 1
(0.602255 0.163412 0.032459 0.201873) 358 726 1
(0.565276 0.116179 0.201275 0.11727) 359 726 1
(0.479921 0.0868873 0.157014 0.276178) 359 1520 1
(0.0124381 0.477633 0.233756 0.276173) 360 683 1
(0.798342 0.0904497 0.0755388 0.0356699) 360 729 2
(0.113184 0.434139 0.26928 0.183397) 360 730 1
(0.161361 0.403278 0.026752 0.40861) 361 729 2
(0.713893 0.0466469 0.112559 0.1269) 361 731 1
(0.252769 0.264877 0.388031 0.0943233) 362 731 1
(0.00477099 0.146701 0.366024 0.482504) 362 687 2
(0.772935 0.00715922 0.129667 0.0902385) 362 734 2
(0.220897 0.288974 0.373404 0.116725) 363 733 1
(0.81788 0.0263064 0.0809018 0.0749122) 363 735 1
(0.214801 0.381142 0.0142559 0.389802) 364 735 2
(0.752321 0.107704 0.0751625 0.0648124) 364 737 2
(0.255306 0.356191 0.131311 0.257192) 365 737 2
(0.163983 0.40184 0.0667423 0.367435) 365 740 1
(0.524157 0.104694 0.149412 0.221737) 365 693 2
(0.108828 0.144275 0.317461 0.429435) 365 739 1
(0.209828 0.411235 0.352962 0.0259742) 366 739 2
(0.0144294 0.415279 0.0936496 0.476642) 366 695 2
(0.645723 0.160995 0.0980971 0.0951848) 366 742 1
(0.218738 0.334575 0.0722047 0.374482) 366 741 1
(0.741956 0.145182 0.0662836 0.0465791) 367 741 2
(0.09217 0.268497 0.47006 0.169273) 367 744 2
(0.281029 0.34339 0.128908 0.246673) 367 743 2
(0.321753 0.0145195 0.355284 0.308443) 368 743 1
(0.324582 0.353879 0.171429 0.15011) 368 699 1
(0.60394 0.04934 0.214179 0.132541) 368 746 2
(0.22591 0.369685 0.40319 0.00121491) 369 745 1
(0.68919 0.0769576 0.0622973 0.171555) 369 701 2
(0.100305 0.466 0.267392 0.166304) 370 747 2
(0.263293 0.353033 0.274501 0.109173) 370 750 1
(0.448781 0.245631 0.046116 0.259472) 370 703 2
(0.246783 0.15608 0.360456 0.236681) 370 750 2
(0.0009944 0.515652 0.398941 0.0844125) 371 749 2
(0.381954 0.070666 0.325171 0.222209) 371 749 1
(0.0224045 0.472617 0.466279 0.0386994) 371 705 1
(0.664171 0.00491026 0.179155 0.151763) 371 751 1
(0.088996 0.471657 0.0242777 0.415069) 371 751 2
(0.276233 0.37804 0.294963 0.050763) 372 707 1
(0.420258 0.166382 0.306036 0.107325) 372 754 2
(0.180915 0.393392 0.128886 0.296806) 372 753 2
(0.292333 0.13278 0.337683 0.237204) 372 751 1
(0.250754 0.0207199 0.39078 0.337746) 373 753 1
(0.566881 0.227897 0.127915 0.0773071) 373 709 1
(0.127398 0.33456 0.420155 0.117888) 373 756 2
(0.22423 0.371737 0.254216 0.149817) 373 755 2
(0.729127 0.134456 0.0526395 0.083778) 374 755 2
(0.316868 0.310647 0.0470781 0.325407) 374 757 1
(0.646557 0.0578265 0.192864 0.102752) 375 757 1
(0.0826629 0.315024 0.159809 0.442505) 375 713 2
(0.375032 0.106297 0.190047 0.328623) 375 759 1
(0.236158 0.365755 0.371802 0.0262843) 376 759 2
(0.394275 0.319017 0.186134 0.100573) 376 762 1
(0.48711 0.163163 0.0771281 0.272599) 376 715 2
(0.219351 0.0987611 0.374179 0.307709) 376 762 2
(0.178441 0.39462 0.182938 0.244001) 377 761 2
(0.015455 0.508434 0.215905 0.260207) 377 764 1
(0.868989 0.0493717 0.00075522 0.0808845) 377 763 2
(0.440544 0.28942 0.054858 0.215178) 378 763 2
(0.225611 0.239244 0.164094 0.371051) 378 719 2
(0.100663 0.284744 0.148779 0.465814) 378 765 1
(0.215922 0.408189 0.143178 0.23271) 379 721 1
(0.459318 0.254176 0.0918922 0.194614) 379 768 1
(0.421005 0.0637312 0.209638 0.305626) 379 721 2
(0.202282 0.0259483 0.389081 0.382689) 379 767 1
(0.503822 0.231922 0.123822 0.140435) 380 767 2
(0.194432 0.214697 0.204247 0.386624) 380 723 2
(0.183853 0.42421 0.00263315 0.389303) 381 769 2
(0.814666 0.026925 0.10405 0.054359) 381 772 2
(0.0780908 0.444782 0.150882 0.326245) 381 771 2
(0.402163 0.315067 0.276065 0.00670517) 382 774 1
(0.37995 0.317965 0.291258 0.0108268) 382 727 1
(0.300043 0.163768 0.366118 0.170072) 382 774 2
(0.0810604 0.44332 0.0915706 0.384049) 382 773 2
(0.326414 0.0617255 0.320635 0.291226) 383 773 1
(0.54476 0.211491 0.229674 0.014075) 383 728 1
(0.257212 0.111448 0.355275 0.276065) 383 775 2
(0.700867 0.0146353 0.137514 0.146983) 384 1496 2
(0.194408 0.0707883 0.348144 0.38666) 384 730 2
(0.126682 0.217242 0.452798 0.203277) 385 776 1
(0.235238 0.351865 0.398525 0.014372) 385 779 2
(0.404212 0.305771 0.190079 0.0999382) 385 732 1
(0.245576 0.385511 0.0939706 0.274943) 385 778 2
(0.229406 0.0509944 0.392468 0.327132) 386 778 1
(0.453142 0.273581 0.137044 0.136233) 386 734 1
(0.288091 0.191797 0.339812 0.180301) 386 781 2
(0.268423 0.349645 0.0772732 0.30466) 386 780 2
(0.313901 0.326919 0.343579 0.0156012) 387 783 1
(0.393643 0.319083 0.174852 0.112422) 387 736 1
(0.461947 0.0889011 0.285157 0.163994) 387 783 2
(0.230407 0.400952 0.0113647 0.357276) 387 782 2
(0.333336 0.13227 0.349493 0.184902) 388 782 1
(0.143669 0.422014 0.317991 0.116326) 388 738 1
(0.642728 0.0392373 0.123236 0.194799) 388 784 1
(0.0381622 0.0688868 0.428206 0.464745) 388 738 2
(0.461887 0.218905 0.252901 0.0663074) 389 784 1
(0.475173 0.246259 0.220052 0.0585151) 389 786 2
(0.446757 0.0498215 0.210621 0.292801) 390 742 2
(0.508118 0.22979 0.171198 0.0908933) 390 786 2
(0.219797 0.328483 0.373956 0.0777636) 390 789 2
(0.751089 0.1013 0.140619 0.00699222) 391 791 2
(0.0038656 0.505497 0.008724 0.481913) 391 790 1
(0.172649 0.397528 0.123437 0.306386) 391 744 1
(0.0915482 0.200549 0.438053 0.26985) 391 788 1
(0.733947 0.11688 0.10403 0.045142) 392 746 1
(0.0271689 0.502574 0.188869 0.281388) 392 792 2
(0.269821 0.0521379 0.348956 0.329084) 392 793 2
(0.102564 0.322278 0.142577 0.432581) 393 748 2
(0.711934 0.127883 0.154047 0.00613612) 393 795 1
(0.0180404 0.47745 0.0296704 0.474839) 393 794 1
(0.953019 0.00733986 0.0281134 0.0115274) 394 794 2
(0.070994 0.448387 0.103816 0.376803) 395 796 2
(0.494509 0.258479 0.115129 0.131883) 395 798 2
(0.283662 0.374294 0.0749503 0.267094) 395 799 1
(0.00132112 0.0275746 0.455622 0.515482) 395 798 1
(0.33671 0.32291 0.261628 0.0787514) 396 800 2
(0.00240264 0.454666 0.482661 0.0602705) 396 801 2
(0.570456 0.198629 0.115304 0.115611) 396 798 2
(0.6193 0.180723 0.174186 0.025791) 397 800 1
(0.416875 0.203039 0.0744205 0.305665) 397 802 1
(0.0371969 0.465247 0.0597156 0.437841) 398 758 1
(0.536046 0.0611227 0.215834 0.186998) 398 802 1
(0.201292 0.344529 0.0709733 0.383205) 398 758 2
(0.494099 0.00806736 0.238289 0.259545) 398 805 2
(0.0628826 0.452401 0.333048 0.151669) 399 804 2
(0.332552 0.349885 0.260242 0.0573205) 399 807 1
(0.535207 0.213854 0.0346667 0.216273) 399 760 2
(0.156461 0.215815 0.405621 0.222103) 399 807 2
(0.000194 0.516051 0.359985 0.12377) 399 806 2
(0.905522 0.0310919 0.0382783 0.0251076) 400 762 1
(0.0591088 0.420627 0.0659657 0.454299) 400 808 1
(0.720766 0.123463 0.0509556 0.104815) 401 811 1
(0.165337 0.154016 0.247152 0.433495) 401 764 2
(0.113676 0.202094 0.257236 0.426994) 401 810 1
(0.290264 0.339992 0.0991191 0.270626) 402 766 1
(0.316242 0.32572 0.09821 0.259828) 402 813 1
(0.568342 0.231976 0.000953233 0.198729) 402 812 2
(0.105855 0.0543154 0.463251 0.376579) 402 813 2
(0.383019 0.32466 0.0924611 0.19986) 403 812 2
(0.661712 0.152994 0.165427 0.0198674) 403 814 2
(0.085724 0.473275 0.401606 0.0393949) 404 770 1
(0.287953 0.255905 0.372163 0.083979) 404 814 1
(0.161841 0.407513 0.0659454 0.364701) 404 816 2
(0.590546 0.0860323 0.220552 0.102869) 404 817 2
(0.510608 0.260852 0.137929 0.0906117) 405 772 1
(0.186882 0.0970824 0.422711 0.293325) 405 816 1
(0.256588 0.35557 0.177514 0.210328) 405 818 2
(0.169638 0.344522 0.43132 0.0545211) 405 819 2
(0.77061 0.0985518 0.0574505 0.0733873) 406 818 2
(0.0684947 0.481749 0.434692 0.0150648) 406 821 1
(0.295449 0.23102 0.137381 0.33615) 406 820 1
(0.634745 0.166468 0.0686356 0.130152) 407 820 2
(0.479929 0.038706 0.237476 0.243889) 407 1522 1
(0.479946 0.252076 0.0808496 0.187129) 408 1497 1
(0.299165 0.168744 0.197085 0.335006) 408 777 2
(0.281215 0.201675 0.343243 0.173868) 408 3104 2
(0.328118 0.322878 0.0986854 0.250318) 409 823 2
(0.73768 0.0543688 0.0929422 0.115009) 409 824 1
(0.174344 0.115752 0.428962 0.280941) 410 824 1
(0.919931 0.00548488 0.0455906 0.0289935) 410 3106 2
(0.0282607 0.469722 0.00224442 0.499773) 411 825 2
(0.842112 0.0892181 0.00585338 0.0628165) 411 783 2
(0.065792 0.477031 0.314328 0.142849) 411 826 2
(0.536815 0.216544 0.187092 0.0595487) 412 785 1
(0.0432313 0.494547 0.0206169 0.441605) 412 3108 1
(0.00580624 0.513238 0.16766 0.313296) 412 827 2
(0.120652 0.0639477 0.365653 0.449747) 412 827 1
(0.178928 0.367061 0.0596334 0.394377) 413 787 2
(0.433105 0.267292 0.0743751 0.225228) 413 3109 1
(0.168484 0.241317 0.190607 0.399592) 413 828 1
(0.237843 0.389957 0.302136 0.0700635) 414 829 2
(0.786419 0.0517243 0.121565 0.040292) 414 828 1
(0.0174347 0.493526 0.0744768 0.414562) 414 789 1
(0.583907 0.222425 0.0670166 0.126651) 415 791 1
(0.0816334 0.443038 0.321783 0.153545) 415 3111 1
(0.32345 0.0014866 0.352965 0.322098) 415 791 2
(0.342031 0.156162 0.345153 0.156655) 415 3111 2
(0.0712725 0.480508 0.273463 0.174757) 416 793 1
(0.291004 0.149279 0.370654 0.189063) 416 830 1
(0.697833 0.117409 0.0175416 0.167216) 416 831 1
(0.377299 0.295212 0.209374 0.118115) 417 831 2
(0.0467905 0.460994 0.489186 0.00302883) 417 3113 1
(0.212706 0.167417 0.242376 0.3775) 417 795 2
(0.33588 0.315923 0.004229 0.343968) 417 3113 1
(0.0320792 0.278102 0.221998 0.467821) 417 832 1
(0.22611 0.370798 0.135096 0.267995) 418 797 1
(0.0477896 0.184672 0.307558 0.459981) 418 797 2
(0.700932 0.0870958 0.133389 0.0785832) 418 3114 2
(0.332294 0.347742 0.0148569 0.305108) 419 833 2
(0.688276 0.171994 0.123543 0.0161878) 419 834 2
(0.516383 0.172135 0.225662 0.0858196) 420 834 1
(0.529842 0.0844242 0.144639 0.241095) 420 835 1
(0.0478144 0.492251 0.403209 0.0567261) 421 835 2
(0.316955 0.325363 0.346351 0.0113301) 421 803 1
(0.42428 0.0541041 0.304023 0.217593) 421 835 1
(0.0374308 0.497422 0.222046 0.243101) 421 836 2
(0.378478 0.116082 0.294619 0.210822) 421 3117 2
(0.646224 0.193041 0.135416 0.0253187) 422 805 1
(0.214754 0.378672 0.342193 0.0643813) 422 3118 1
(0.125438 0.421133 0.340862 0.112567) 422 837 2
(0.0496587 0.32679 0.491332 0.132219) 422 3118 2
(0.828345 0.0696635 0.0307178 0.0712736) 423 837 2
(0.213103 0.317989 0.0593029 0.409605) 423 838 1
(0.0204192 0.473695 0.183036 0.32285) 424 809 1
(0.218231 0.215997 0.158723 0.407049) 424 809 2
(0.666866 0.18272 0.106102 0.0443115) 424 3120 1
(0.269099 0.10463 0.276971 0.349299) 424 839 1
(0.600363 0.0583403 0.157634 0.183663) 425 811 2
(0.283799 0.373855 0.140094 0.202252) 425 3121 1
(0.0818703 0.138402 0.47522 0.304508) 425 3121 2
(0.32244 0.322643 0.314641 0.0402767) 425 839 2
(0.237494 0.36509 0.114117 0.2833) 426 840 2
(0.812235 0.0912324 0.018808 0.0777244) 426 841 1
(0.146127 0.317746 0.443079 0.0930485) 427 841 1
(0.102455 0.464927 0.318581 0.114037) 427 815 1
(0.573049 0.165827 0.197333 0.0637904) 427 3123 2
(0.30856 0.329575 0.00276101 0.359104) 427 842 2
(0.0447361 0.159707 0.493284 0.302273) 428 842 1
(0.521828 0.25523 0.0593359 0.163607) 428 817 1
(0.155927 0.425153 0.405891 0.0130293) 428 3124 2
(0.40994 0.311162 0.160372 0.118526) 428 843 2
(0.54091 0.213407 0.0461092 0.199574) 429 843 2
(0.505194 0.171545 0.0775027 0.245758) 429 844 1
(0.285685 0.342988 0.0303122 0.341014) 430 821 2
(0.296932 0.305595 0.367681 0.0297919) 430 3126 2
(0.109753 0.428982 0.40219 0.0590755) 430 845 2
(0.225482 0.402806 0.157543 0.214169) 431 3127 1
(0.303988 0.364163 0.226249 0.1056) 431 822 1
(0.479908 0.178258 0.0656316 0.276203) 431 1523 1
(0.499588 0.201675 0.23403 0.064707) 434 853 2
(0.532009 0.250124 0.110988 0.10688) 435 852 2
(0.368801 0.299734 0.253296 0.0781688) 438 864 2
(0.549835 0.0951383 0.128256 0.226771) 441 875 1
(0.345268 0.213601 0.34351 0.0976207) 443 880 2
(0.265791 0.383244 0.191913 0.159052) 445 882 2
(0.189358 0.0690254 0.389162 0.352455) 446 885 1
(0.455174 0.256241 0.0527874 0.235798) 448 894 2
(0.380407 0.241729 0.293612 0.0842524) 448 895 2
(0.0784152 0.110205 0.334468 0.476912) 450 900 1
(0.556954 0.205356 0.151964 0.0857254) 452 908 2
(0.376524 0.288601 0.295594 0.0392817) 453 910 2
(0.63836 0.0506843 0.196998 0.113958) 457 920 2
(0.250541 0.390886 0.261504 0.0970695) 457 919 2
(0.164473 0.401603 0.0602148 0.373709) 458 853 1
(0.636841 0.165622 0.0190328 0.178504) 460 926 1
(0.191518 0.388107 0.127163 0.293212) 461 925 2
(0.142055 0.0351589 0.37763 0.445156) 461 862 2
(0.662558 0.152588 0.1566 0.0282539) 463 932 1
(0.621239 0.205563 0.122999 0.0501992) 464 931 2
(0.179449 0.196531 0.203562 0.420457) 465 874 2
(0.319934 0.109259 0.356207 0.2146) 466 935 1
(0.855736 0.0683271 0.0154189 0.0605184) 467 939 2
(0.723336 0.154479 0.0483454 0.0738403) 469 941 2
(0.0301753 0.0895395 0.501067 0.379218) 469 944 2
(0.401922 0.315205 0.0523613 0.230512) 471 945 2
(0.434275 0.0342178 0.299061 0.232446) 472 947 1
(0.706178 0.142318 0.14566 0.00584388) 474 951 2
(0.110264 0.25633 0.428699 0.204707) 475 953 1
(0.167333 0.400164 0.052488 0.380015) 477 959 2
(0.0815473 0.443069 0.333899 0.141484) 477 960 1
(0.340528 0.313581 0.078163 0.267728) 478 959 2
(0.365238 0.301242 0.193937 0.139582) 481 920 1
(0.0554356 0.113402 0.488321 0.342842) 481 967 2
(0.512707 0.227486 0.0270515 0.232756) 481 964 2
(0.0200847 0.50614 0.260561 0.213215) 482 968 2
(0.317132 0.0425099 0.325258 0.315101) 483 968 1
(0.0213226 0.505494 0.00495253 0.468231) 484 926 1
(0.239447 0.364105 0.0621883 0.33426) 484 973 1
(0.295748 0.27975 0.0563929 0.368109) 484 972 1
(0.0629548 0.477772 0.381898 0.077375) 485 974 2
(0.0148654 0.508267 0.0548931 0.421975) 486 977 1
(0.0211339 0.404418 0.101147 0.473301) 486 930 2
(0.189061 0.38932 0.094196 0.327423) 487 979 1
(0.333527 0.31709 0.042783 0.306601) 488 981 1
(0.563071 0.231759 0.00283998 0.20233) 488 934 2
(0.363656 0.216618 0.334319 0.0854073) 489 983 2
(0.33696 0.347676 0.105256 0.210108) 489 982 2
(0.39458 0.0665479 0.286567 0.252305) 490 985 2
(0.294406 0.336687 0.255751 0.113157) 491 984 2
(0.215849 0.086932 0.32129 0.37593) 491 986 1
(0.00252855 0.482574 0.410683 0.104214) 492 942 1
(8.47574e-05 0.473636 0.0424678 0.483811) 492 988 1
(0.236309 0.0431966 0.3225 0.397994) 493 990 1
(0.279736 0.376305 0.157581 0.186377) 494 992 2
(0.701558 0.0560085 0.0770566 0.165377) 495 994 1
(0.023733 0.504306 0.41457 0.0573912) 497 996 2
(0.365308 0.300358 0.301325 0.0330084) 497 996 1
(0.519651 0.13725 0.256354 0.0867451) 498 998 1
(0.000796019 0.421496 0.0942719 0.483436) 499 956 2
(0.889062 0.0112562 0.0393211 0.0603609) 499 1003 2
(0.665918 0.0656088 0.117608 0.150866) 500 1004 1
(0.119942 0.0182807 0.405523 0.456254) 500 1004 1
(0.00333461 0.474215 0.0402649 0.482186) 502 962 2
(0.590011 0.0203007 0.200671 0.189017) 502 962 2
(0.444554 0.171228 0.122672 0.261545) 502 1008 1
(0.157458 0.0471363 0.437448 0.357957) 502 1009 2
(0.144552 0.234904 0.18215 0.438394) 504 1011 1
(0.00477703 0.481761 0.385195 0.128267) 504 1011 2
(0.13449 0.448908 0.406517 0.0100845) 505 1011 2
(0.633768 0.142268 0.199264 0.0247006) 506 1016 2
(0.537395 0.239512 0.00776968 0.215323) 507 971 2
(0.525299 0.158078 0.227955 0.0886681) 507 1015 1
(0.562069 0.202788 0.0831366 0.152006) 508 1019 2
(0.186919 0.0468512 0.375846 0.390384) 508 1019 1
(0.119091 0.039883 0.424305 0.41672) 509 1022 2
(0.359735 0.324154 0.267526 0.0485848) 509 1021 2
(0.0969039 0.337747 0.129959 0.435391) 510 1023 1
(0.045863 0.258699 0.202206 0.493232) 511 1025 1
(0.780869 0.0681474 0.0575986 0.0933854) 512 981 2
(0.143154 0.444574 0.106251 0.306021) 513 1030 1
(0.753294 0.099691 0.00748805 0.139527) 513 983 2
(0.172651 0.397508 0.255638 0.174202) 514 1032 1
(0.724726 0.124463 0.0293475 0.121463) 514 985 2
(0.208368 0.387927 0.357841 0.0458637) 515 1034 1
(0.73844 0.114617 0.015229 0.131714) 515 1033 2
(0.272735 0.0514825 0.32792 0.347862) 516 989 2
(0.506791 0.014195 0.258021 0.220993) 516 1036 2
(0.633251 0.167192 0.130267 0.0692903) 517 1037 2
(0.365912 0.0170062 0.306829 0.310253) 518 993 2
(0.410651 0.310826 0.144186 0.134337) 518 1040 1
(0.0389443 0.470767 0.0548136 0.435475) 519 1041 2
(0.639745 0.00849308 0.196271 0.155491) 519 1039 1
(0.314793 0.0745288 0.326459 0.284219) 520 1041 1
(0.123799 0.426282 0.101715 0.348204) 520 1043 2
(0.60758 0.109167 0.212366 0.0708866) 521 1046 2
(0.0744439 0.478933 0.356657 0.0899662) 522 1045 2
(0.0836459 0.47433 0.376679 0.0653448) 522 1048 1
(0.0544567 0.456643 0.34832 0.14058) 523 1047 2
(0.761734 0.135318 0.0214667 0.0814803) 523 1047 2
(0.445706 0.0997788 0.293311 0.161204) 523 1050 2
(0.32052 0.355929 0.256689 0.0668619) 525 1051 2
(0.738851 0.10373 0.146752 0.0106671) 525 1051 1
(0.316694 0.301561 0.357842 0.0239033) 525 1054 2
(0.0644033 0.483997 0.199214 0.252385) 526 1055 2
(0.214711 0.0484295 0.376472 0.360388) 527 1055 1
(0.074438 0.423552 0.46255 0.0394593) 527 1055 1
(0.345522 0.338326 0.133183 0.182969) 528 1058 2
(0.383037 0.0694625 0.292301 0.2552) 528 1059 2
(0.00652043 0.124813 0.355781 0.512886) 528 1012 2
(0.148922 0.241437 0.429873 0.179768) 529 1061 2
(0.239562 0.265395 0.364055 0.130987) 530 1060 1
(0.468985 0.281675 0.180019 0.0693217) 530 1060 2
(0.00664042 0.480517 0.381386 0.131456) 530 1016 1
(0.707965 0.129879 0.0274786 0.134677) 531 1065 1
(0.0726783 0.447525 0.210645 0.269152) 531 1065 1
(0.166226 0.420625 0.172486 0.240663) 531 1064 2
(0.308505 0.255206 0.106679 0.32961) 532 1020 2
(0.34164 0.345329 0.01776 0.295271) 532 1067 1
(0.579967 0.0852632 0.108618 0.226151) 533 1068 1
(0.170235 0.181886 0.398733 0.249145) 533 1066 1
(0.770076 0.0874317 0.0987776 0.043715) 534 1068 1
(0.0612485 0.453274 0.150812 0.334665) 534 1070 2
(0.123588 0.450685 0.160573 0.265154) 535 1073 1
(0.344658 0.311496 0.0151483 0.328698) 535 1072 2
(0.259599 0.1343 0.219802 0.3863) 535 1072 1
(0.602877 0.0864876 0.182382 0.128254) 536 1075 2
(0.315565 0.326076 0.0878234 0.270535) 537 1074 2
(0.0850791 0.163932 0.473639 0.27735) 537 1077 2
(0.09803 0.467158 0.0286218 0.40619) 538 1076 2
(0.0181079 0.40485 0.507078 0.0699633) 538 1079 2
(0.29987 0.358928 0.286375 0.0548266) 538 1078 2
(0.709273 0.00113054 0.129222 0.160375) 539 1081 2
(0.0280029 0.469861 0.0872723 0.414864) 539 1080 2
(0.0053022 0.481232 0.152622 0.360844) 540 1083 1
(0.637813 0.164939 0.0893457 0.107903) 540 1082 2
(0.142392 0.44501 0.361517 0.0510812) 541 1038 1
(0.661657 0.152999 0.102765 0.0825787) 541 1085 1
(0.431099 0.30057 0.0836654 0.184665) 542 1084 2
(0.478507 0.0662346 0.276893 0.178366) 542 1087 2
(0.737543 0.0994518 0.0479231 0.115082) 543 1042 2
(0.217602 0.140232 0.267146 0.37502) 543 1088 1
(0.288098 0.339798 0.368401 0.00370383) 544 1044 1
(0.0648628 0.451409 0.116745 0.366984) 545 1090 2
(0.218543 0.37458 0.38158 0.0252977) 545 1092 2
(0.0445832 0.126202 0.461573 0.367642) 545 1093 2
(0.421842 0.30522 0.189148 0.0837906) 546 1094 2
(0.159659 0.211274 0.436296 0.192772) 547 1094 1
(0.0979672 0.467181 0.0448495 0.390002) 547 1096 2
(0.0315757 0.386555 0.468036 0.113833) 547 1097 2
(0.371366 0.298144 0.122072 0.208417) 548 1096 2
(0.385573 0.259299 0.323354 0.0317736) 548 1099 2
(0.383605 0.231096 0.0932406 0.292059) 549 1054 2
(0.361546 0.303038 0.277043 0.0583733) 549 1100 2
(0.186636 0.107049 0.28347 0.422845) 549 1100 1
(0.288189 0.347181 0.356926 0.00770336) 551 1102 2
(0.40256 0.314873 0.0261133 0.256454) 551 1102 2
(0.471248 0.248219 0.259827 0.0207062) 551 1104 1
(0.641339 0.163239 0.101484 0.0939378) 552 1105 2
(0.535332 0.0919137 0.230961 0.141793) 552 1106 2
(0.239302 0.166272 0.229746 0.36468) 552 1059 2
(0.177576 0.39504 0.33416 0.0932229) 553 1107 2
(0.362511 0.0887439 0.243583 0.305162) 553 1107 1
(0.357409 0.0542689 0.250821 0.337501) 554 1063 2
(0.493182 0.209109 0.0597072 0.238002) 554 1109 1
(0.322257 0.20806 0.147022 0.322661) 555 1111 1
(0.71658 0.146181 0.127024 0.0102149) 556 1111 1
(0.173566 0.39707 0.320339 0.109025) 556 1113 2
(0.605838 0.18093 0.1754 0.0378322) 557 1069 1
(0.234451 0.0792794 0.36663 0.31964) 557 1116 2
(0.0313367 0.485372 0.21395 0.269341) 557 1116 1
(0.124426 0.425284 0.303632 0.146658) 558 1115 2
(0.226774 0.206217 0.164196 0.402813) 558 1071 2
(0.436518 0.265582 0.162145 0.135756) 558 1118 1
(0.195363 0.215564 0.202936 0.386136) 558 1117 1
(0.851193 0.0582646 0.026163 0.0643796) 559 1120 1
(0.123286 0.454494 0.0201925 0.402028) 560 1119 2
(0.535987 0.128629 0.111654 0.223729) 560 1075 2
(0.252396 0.108449 0.389938 0.249217) 560 1122 2
(0.454203 0.256734 0.034324 0.254739) 561 1077 1
(0.318898 0.356656 0.0317875 0.292658) 561 1124 1
(0.0725428 0.391802 0.0881028 0.447552) 561 1123 1
(0.629501 0.0874029 0.113979 0.169117) 562 1125 1
(0.337569 0.315072 0.126328 0.221031) 563 1081 1
(0.434428 0.298937 0.101996 0.16464) 563 1128 1
(0.132858 0.446318 0.00338785 0.417435) 563 1127 1
(0.453227 0.156935 0.257208 0.13263) 564 1130 2
(0.0825804 0.442551 0.258023 0.216846) 565 1129 2
(0.822479 0.0551723 0.0725955 0.0497533) 565 1132 2
(0.0389802 0.050496 0.413859 0.496665) 565 1085 2
(0.0558582 0.0273614 0.464757 0.452024) 565 1132 2
(0.694338 0.169003 0.0999575 0.0367012) 566 1131 2
(0.256361 0.119928 0.236193 0.387518) 566 1133 1
(0.182689 0.392477 0.375971 0.048862) 567 1133 2
(0.769445 0.017083 0.0820603 0.131411) 567 1089 2
(0.0119344 0.510178 0.383521 0.0943666) 568 1091 1
(0.181446 0.29879 0.419584 0.10018) 568 1135 1
(0.616914 0.0271954 0.180488 0.175402) 568 1137 1
(0.108363 0.429671 0.451887 0.0100799) 569 1137 2
(0.346738 0.342786 0.275231 0.0352448) 569 1140 1
(0.147153 0.184408 0.442625 0.225814) 569 1140 2
(0.16513 0.414225 0.175478 0.245167) 570 1139 2
(0.783677 0.124362 0.0667912 0.0251704) 570 1141 2
(0.447794 0.151282 0.108601 0.292322) 571 1143 1
(0.477922 0.230634 0.277207 0.0142368) 571 1141 1
(0.152969 0.104719 0.335005 0.407307) 572 1099 2
(0.698379 0.131959 0.0262465 0.143416) 572 1145 1
(0.243357 0.0212802 0.373181 0.362182) 572 1145 1
(0.490484 0.0862082 0.152405 0.270903) 573 1101 2
(0.0199431 0.506189 0.134189 0.339679) 573 1148 1
(0.229463 0.401429 0.100406 0.268703) 574 1147 2
(0.58168 0.216735 0.169893 0.0316915) 574 1150 1
(0.155205 0.420753 0.204643 0.219399) 575 1104 1
(0.654273 0.156715 0.0547084 0.134304) 575 1149 2
(0.456432 0.287924 0.119196 0.136448) 575 1151 1
(0.808526 0.0301933 0.111884 0.0493964) 576 1153 2
(0.178544 0.364643 0.426886 0.0299273) 576 1153 2
(0.272891 0.254711 0.125002 0.347396) 576 1106 2
(0.570777 0.230779 0.182978 0.0154662) 577 1155 1
(0.713011 0.127334 0.155356 0.00429907) 577 1154 2
(0.0831441 0.213443 0.235202 0.468211) 577 1108 2
(0.680492 0.175904 0.0855418 0.0580623) 578 1157 1
(0.0168981 0.295758 0.211177 0.476167) 578 1156 1
(0.0400891 0.0444509 0.419299 0.496161) 578 1110 2
(0.823787 0.0738493 0.0756838 0.0266795) 579 1159 1
(0.292653 0.369875 0.214001 0.123471) 579 1158 2
(0.0382614 0.464717 0.239078 0.257943) 580 1161 1
(0.401167 0.31557 0.0630294 0.220233) 580 1114 1
(0.420793 0.0915077 0.305817 0.181883) 580 1161 2
(0.177064 0.123336 0.271923 0.427677) 580 1114 2
(0.273811 0.198019 0.37925 0.14892) 581 1160 1
(0.79323 0.0438763 0.0757188 0.0871751) 581 1162 1
(0.173234 0.429533 0.0244073 0.372826) 582 1162 2
(0.127927 0.146411 0.452207 0.273455) 582 1165 2
(0.708862 0.0528921 0.108838 0.129408) 582 1118 2
(0.32854 0.319558 0.240666 0.111236) 583 1167 1
(0.198635 0.416825 0.221554 0.162985) 583 1164 2
(0.481568 0.0304453 0.244918 0.243069) 583 1166 1
(0.31059 0.20535 0.15549 0.32857) 583 1120 2
(0.552501 0.094778 0.222257 0.130465) 584 1166 1
(0.107714 0.46228 0.134904 0.295102) 584 1122 1
(0.417465 0.254471 0.0206548 0.307408) 584 1168 1
(0.597094 0.217596 0.0842597 0.10105) 585 1168 2
(0.222634 0.372533 0.291749 0.113084) 585 1170 2
(0.030226 0.12397 0.468743 0.377061) 585 1171 2
(0.280705 0.375782 0.21334 0.130173) 586 1126 1
(0.497401 0.235172 0.0718827 0.195544) 586 1173 1
(0.0602624 0.453715 0.170594 0.315429) 586 1172 2
(0.0347717 0.167084 0.498765 0.299379) 587 1172 1
(0.764646 0.0622983 0.0715342 0.101522) 587 1128 2
(0.843858 0.0269039 0.0673192 0.0619186) 588 1130 2
(0.211795 0.0230558 0.354898 0.410251) 588 1176 1
(0.124753 0.421453 0.4267 0.0270937) 588 1174 2
(0.0908316 0.212713 0.470731 0.225725) 588 1174 1
(0.183605 0.392037 0.398606 0.0257524) 589 1176 2
(0.964201 0.00172223 0.018721 0.015356) 589 1132 1
(0.195944 0.0844583 0.328841 0.390757) 589 1178 1
(0.56886 0.227267 0.0791548 0.124719) 590 1134 1
(0.337184 0.31526 0.346563 0.00099303) 590 1180 2
(0.00297427 0.514656 0.37739 0.10498) 591 1136 1
(0.671173 0.0040411 0.148274 0.176512) 591 1180 1
(0.118811 0.424436 0.1375 0.319253) 591 1182 2
(0.321551 0.0710163 0.284372 0.323061) 591 1182 1
(0.571047 0.214682 0.187046 0.0272241) 592 1138 1
(0.269863 0.348895 0.173628 0.207614) 592 1185 1
(0.0347649 0.144183 0.466472 0.35458) 592 1185 2
(0.00490392 0.513727 0.0730424 0.408326) 593 1184 2
(0.96772 0.00238671 0.0242083 0.00568481) 593 1686 1
(0.215472 0.0209828 0.387469 0.376076) 594 1142 2
(0.65987 0.104043 0.186218 0.0498695) 594 1189 2
(0.0788147 0.444421 0.247713 0.229051) 594 1142 1
(0.140434 0.336727 0.41361 0.109229) 594 1186 1
(0.372388 0.329997 0.22604 0.0715751) 595 1144 1
(0.132374 0.172587 0.450005 0.245034) 595 1188 1
(0.128789 0.447804 0.195795 0.227613) 595 1190 2
(0.295819 0.329022 0.335899 0.0392602) 595 1191 2
(0.75072 0.108457 0.0851844 0.0556385) 596 1190 2
(0.04494 0.493679 0.415158 0.046223) 596 1193 1
(0.109904 0.302352 0.461198 0.126546) 596 1193 2
(0.648254 0.192021 0.0747839 0.0849413) 597 1148 1
(0.614199 0.207976 0.176788 0.00103674) 597 1195 2
(0.165922 0.400912 0.210932 0.222234) 598 1150 1
(0.769506 0.131383 0.00461756 0.0944931) 598 1150 1
(0.597495 0.217423 0.0197892 0.165293) 598 1197 1
(0.167322 0.400574 0.303224 0.12888) 599 1151 1
(0.77441 0.096687 0.0227669 0.106136) 599 1151 1
(0.568259 0.20373 0.0704329 0.157578) 599 1198 1
(0.962782 0.00244281 0.0096741 0.0251007) 600 2 2
(0.33542 0.343386 0.316124 0.00506995) 600 2 1
(0.432202 0.257273 0.0427699 0.267756) 600 1153 2
(0.334559 0.348872 0.145401 0.171168) 601 5 2
(0.770366 0.0940449 0.130956 0.00463384) 601 1199 1
(0.432247 0.267704 0.218669 0.0813798) 601 1155 1
(0.343462 0.328988 0.258477 0.0690735) 602 8 2
(0.199051 0.384273 0.119309 0.297367) 602 1157 1
(0.383627 0.324393 0.0470847 0.244896) 602 1200 2
(0.17843 0.426978 0.157967 0.236625) 602 1201 2
(0.227091 0.156723 0.383122 0.233064) 603 1201 1
(0.399962 0.103607 0.283862 0.212569) 603 11 1
(0.57989 0.193862 0.18826 0.0379886) 603 1159 1
(0.248301 0.392058 0.0493552 0.310285) 603 1202 2
(0.492541 0.237559 0.249246 0.0206531) 604 14 2
(0.73577 0.0790935 0.0368636 0.148273) 604 1203 1
(0.0830907 0.442305 0.134146 0.340458) 605 1203 2
(0.0228582 0.472402 0.181368 0.323372) 605 17 2
(0.529916 0.251248 0.193422 0.0254146) 605 1163 1
(0.262851 0.145785 0.352418 0.238946) 605 17 1
(0.234718 0.398789 0.0248226 0.341671) 605 1204 2
(0.274176 0.120426 0.346869 0.258529) 606 1204 1
(0.0830551 0.442267 0.288418 0.18626) 606 1165 1
(0.775294 0.076414 0.128514 0.0197781) 606 20 1
(0.0554165 0.453428 0.0350552 0.4561) 606 1205 1
(0.812405 0.109962 0.00481322 0.0728198) 607 1167 1
(0.0169426 0.444157 0.475349 0.063552) 607 23 1
(0.23916 0.396566 0.187987 0.176287) 607 1206 2
(0.054235 0.0879086 0.368821 0.489036) 607 1206 1
(0.416108 0.275789 0.135284 0.172818) 608 1169 1
(0.432676 0.267492 0.0999461 0.199885) 608 26 2
(0.232265 0.0410158 0.356515 0.370204) 608 1169 2
(0.278096 0.173535 0.203589 0.34478) 608 1207 1
(0.0266941 0.502781 0.316296 0.154229) 609 1171 1
(0.670439 0.0626826 0.148644 0.118235) 609 1207 1
(0.367171 0.264328 0.0359397 0.332561) 609 1208 1
(0.59743 0.185125 0.0525968 0.164849) 610 1208 2
(0.448405 0.29197 0.0847172 0.174907) 610 1209 2
(0.18937 0.181726 0.42144 0.207465) 610 32 1
(0.0105303 0.440518 0.0703827 0.478569) 611 1175 2
(0.562513 0.202577 0.0191961 0.215714) 611 1209 2
(0.132079 0.417827 0.380376 0.0697185) 611 1210 2
(0.36331 0.334469 0.225217 0.0770042) 612 1177 1
(0.0798797 0.412254 0.47619 0.0316757) 612 38 1
(0.197825 0.417216 0.382635 0.00232385) 612 1211 2
(0.210978 0.410707 0.25842 0.119896) 613 1179 1
(0.587911 0.189848 0.149916 0.0723247) 613 41 2
(0.259071 0.359212 0.333697 0.0480208) 613 1212 2
(0.0736777 0.479312 0.319471 0.127539) 614 1181 1
(0.675784 0.0400094 0.16294 0.121267) 614 1212 1
(0.331669 0.350318 0.0147674 0.303245) 614 1213 2
(0.375129 0.0578026 0.270791 0.296278) 614 1213 1
(0.546747 0.210448 0.0301807 0.212624) 615 1183 1
(0.29547 0.336109 0.243698 0.124723) 615 47 2
(0.430568 0.300895 0.155425 0.113112) 615 1214 2
(0.105422 0.237035 0.46341 0.194133) 615 47 1
(0.485251 0.241218 0.053792 0.219739) 616 1214 2
(0.602314 0.150873 0.0318409 0.214973) 616 1215 1
(0.352757 0.0253798 0.282065 0.339798) 617 1187 2
(0.112864 0.45851 0.297319 0.131307) 617 1187 1
(0.299392 0.212192 0.36648 0.121936) 617 1215 1
(0.564099 0.0654284 0.201766 0.168707) 617 53 1
(0.476946 0.245479 0.0748821 0.202693) 618 1189 1
(0.167434 0.101084 0.432431 0.299051) 618 1216 1
(0.469795 0.248935 0.0967106 0.184559) 618 1217 2
(0.18432 0.412072 0.391764 0.0118443) 618 56 1
(0.379666 0.326338 0.0588948 0.235102) 619 1217 2
(0.837154 0.0430654 0.0976152 0.0221658) 619 59 1
(0.145231 0.370797 0.411177 0.0727946) 620 1218 1
(0.447903 0.259862 0.110088 0.182147) 620 1219 2
(0.17187 0.288098 0.142139 0.397893) 620 1219 1
(0.0171454 0.397829 0.0774535 0.507573) 621 1195 2
(0.592658 0.187516 0.0206473 0.199179) 621 1220 2
(0.18908 0.389458 0.307894 0.113568) 621 65 2
(0.0455624 0.382854 0.0802248 0.491359) 621 1220 1
(0.0212397 0.444313 0.0612288 0.473219) 622 1197 2
(0.746675 0.142794 0.0901747 0.020356) 622 1221 2
(0.41237 0.136855 0.295343 0.155432) 622 68 1
(0.357406 0.305177 0.292121 0.0452958) 623 1198 1
(0.965432 0.00682634 0.00793035 0.0198114) 623 1198 1
(0.407725 0.279982 0.00715801 0.305136) 623 70 2
)


// ************************************************************************* //
