/*--------------------------------*- C++ -*----------------------------------*\
  =========                 |
  \\      /  F ield         | OpenFOAM: The Open Source CFD Toolbox
   \\    /   O peration     | Website:  https://openfoam.org
    \\  /    A nd           | Version:  8
     \\/     M anipulation  |
\*---------------------------------------------------------------------------*/
FoamFile
{
    version     2.0;
    format      ascii;
    class       vectorField;
    location    "0/lagrangian/kinematicCloud";
    object      torque;
}
// * * * * * * * * * * * * * * * * * * * * * * * * * * * * * * * * * * * * * //


1722
(
(-2.13477e-09 -2.29816e-08 -2.98353e-08)
(-1.13793e-07 -1.66988e-08 3.964e-08)
(-4.39843e-08 1.4649e-09 -6.53688e-08)
(-7.78295e-08 -3.21631e-08 -5.97928e-08)
(-3.88408e-10 1.09794e-07 1.82917e-08)
(1.79402e-07 1.03218e-07 1.89435e-08)
(6.09683e-08 1.27433e-08 -5.18526e-08)
(-2.34198e-07 -1.72169e-07 1.3073e-07)
(2.5463e-08 2.0951e-07 -1.88527e-08)
(-6.40716e-08 -8.12659e-08 -5.74446e-08)
(2.1316e-07 -7.49331e-07 -9.86207e-08)
(-1.13427e-07 -1.03284e-07 -1.67312e-07)
(8.39716e-09 1.96267e-07 3.24192e-08)
(5.44084e-08 -3.06933e-08 2.59496e-08)
(6.68926e-08 -1.68854e-08 -1.08638e-07)
(4.83103e-08 -8.51704e-08 -2.02945e-09)
(1.50498e-07 4.51462e-08 1.25996e-07)
(8.39343e-08 1.08072e-07 -5.01953e-08)
(-4.57456e-08 2.30465e-07 1.1844e-07)
(3.31456e-07 2.28902e-07 1.26992e-07)
(3.25656e-08 -4.07869e-09 -1.13961e-07)
(-1.85941e-07 -7.90047e-08 -2.04603e-07)
(3.84098e-08 8.69415e-08 -4.12603e-08)
(-6.04058e-08 1.93642e-07 4.95317e-08)
(-1.3852e-07 -1.74193e-07 -1.83939e-07)
(4.30125e-07 1.01844e-07 -1.26229e-07)
(7.42574e-08 3.48048e-08 2.11239e-08)
(-2.28155e-07 -3.27535e-07 -8.24893e-08)
(-2.48994e-07 5.64286e-07 1.39801e-07)
(2.04165e-07 1.61321e-07 -3.23987e-08)
(2.3003e-07 1.46529e-07 -4.60484e-08)
(2.28142e-08 -2.19571e-07 6.87788e-08)
(5.40433e-08 -1.36385e-07 -4.30545e-07)
(-5.01862e-08 -4.61712e-08 -1.759e-07)
(-6.3214e-08 -1.49644e-07 -2.19617e-07)
(-1.59281e-07 -1.79712e-09 -2.84166e-07)
(-3.88022e-07 -3.62224e-07 -3.55577e-07)
(-5.01279e-07 5.39745e-07 1.12999e-07)
(-4.38183e-07 -4.1226e-07 -1.46638e-07)
(-3.56359e-08 3.82147e-08 1.01952e-06)
(3.45513e-07 4.06521e-08 2.32038e-07)
(2.2655e-07 4.43093e-08 6.78794e-08)
(3.94741e-07 -4.9428e-07 2.11891e-07)
(1.2703e-07 5.27802e-08 -6.2598e-08)
(3.39404e-08 2.14518e-07 -1.36141e-07)
(9.67954e-08 7.83208e-09 -9.92763e-08)
(-2.61294e-07 -1.87946e-07 2.78842e-07)
(-6.4261e-07 -3.50013e-07 -1.29786e-07)
(-1.92615e-08 1.54542e-08 9.08492e-08)
(-5.38283e-09 3.4178e-08 -1.76629e-07)
(-1.8236e-07 1.04949e-07 5.12113e-08)
(3.12568e-08 5.6357e-08 -6.1591e-08)
(2.95733e-07 2.02677e-07 -1.4382e-07)
(2.21501e-07 -2.55728e-07 2.852e-07)
(3.18034e-09 -4.92084e-08 -1.63005e-07)
(2.96531e-08 -2.01516e-07 5.11915e-09)
(-1.06566e-07 2.60144e-08 7.30819e-08)
(-7.55303e-08 2.35285e-07 1.62946e-07)
(6.67519e-08 -6.47896e-07 8.03527e-08)
(1.24371e-07 1.38553e-07 1.28133e-07)
(5.97518e-07 -2.38329e-07 -8.54462e-08)
(-1.13936e-08 2.16087e-07 4.85655e-07)
(-3.00469e-07 -1.549e-07 2.78468e-07)
(1.1322e-07 8.58091e-08 8.79396e-07)
(1.76805e-07 -4.02821e-07 1.38075e-06)
(1.08263e-08 5.53235e-07 -2.67314e-07)
(-1.5713e-07 3.5163e-07 -1.03139e-07)
(4.67944e-07 5.32879e-07 -8.01694e-07)
(9.70232e-08 -1.72616e-08 -5.36491e-07)
(-6.13219e-07 -2.54151e-07 -5.61002e-07)
(-1.21867e-07 -6.214e-07 -2.83642e-07)
(6.81165e-07 -9.32115e-07 6.15174e-07)
(5.61912e-07 -1.02485e-06 1.20952e-07)
(-6.59274e-07 -3.48176e-07 -2.71516e-07)
(9.81371e-07 3.94755e-07 -6.53267e-07)
(-5.78148e-07 6.53043e-07 -7.16898e-07)
(3.73643e-07 -2.37826e-07 -5.28954e-07)
(4.8879e-07 2.75364e-07 9.7897e-07)
(-1.25359e-07 -5.18925e-08 2.51817e-07)
(7.47337e-08 -9.56607e-08 -2.29386e-08)
(2.41522e-08 -1.82712e-08 -3.80184e-08)
(-9.14048e-08 -3.5031e-08 5.18831e-08)
(8.03023e-08 1.53014e-07 4.67171e-08)
(1.28261e-08 -2.31274e-07 -9.38988e-08)
(1.58128e-07 4.64167e-08 -1.22208e-07)
(-8.98391e-08 -9.82852e-08 1.9977e-07)
(2.70869e-07 1.9125e-07 -5.5918e-08)
(-1.65081e-07 -1.09458e-07 3.64202e-07)
(-2.90121e-07 2.41338e-07 2.60082e-07)
(-2.11327e-08 2.55685e-07 1.21272e-07)
(1.0043e-07 -3.84885e-08 -2.98649e-08)
(2.55498e-07 -7.88944e-08 -1.97186e-08)
(-1.6236e-07 -6.32252e-08 -2.28113e-08)
(1.35482e-07 8.47737e-08 -7.86371e-08)
(-1.3121e-07 7.81093e-08 6.89919e-08)
(3.79413e-09 8.02928e-08 -3.45791e-08)
(-9.22527e-08 8.17447e-08 3.03243e-07)
(3.95267e-08 1.08929e-07 1.6905e-07)
(4.41287e-08 8.27244e-09 -1.6745e-07)
(8.97605e-08 -7.67255e-08 -2.56325e-08)
(-7.31846e-07 -9.16993e-07 1.53917e-07)
(2.24402e-08 2.54228e-08 -1.46583e-07)
(-7.79775e-08 5.57603e-08 8.55111e-08)
(1.98671e-08 -9.4333e-08 -8.4217e-08)
(2.43505e-07 1.54038e-07 2.30168e-07)
(-2.06268e-07 3.85085e-07 3.12227e-07)
(-1.42148e-07 -8.72169e-09 -3.52481e-08)
(1.00725e-07 -1.05656e-07 -1.77886e-07)
(-3.29414e-07 2.21291e-07 1.09506e-07)
(-5.90927e-07 3.32983e-07 -2.03827e-07)
(-1.75134e-07 -1.97888e-07 5.74184e-08)
(3.29711e-07 6.01839e-07 6.61057e-08)
(3.71459e-07 -7.56103e-08 1.00738e-07)
(1.70254e-07 5.34326e-07 1.52559e-07)
(1.29388e-07 2.89499e-08 -7.26835e-08)
(-1.49874e-07 1.86721e-07 2.37668e-07)
(2.14107e-07 -2.58887e-07 3.56683e-07)
(-1.52682e-07 -6.55047e-09 -1.15273e-07)
(-2.16767e-07 2.55442e-07 -3.47002e-07)
(-1.82452e-07 -1.25225e-07 1.2029e-07)
(1.75092e-07 -1.05361e-08 1.18823e-07)
(-5.40634e-07 -4.9265e-07 1.54387e-07)
(2.97544e-07 -1.86855e-07 -3.16674e-07)
(1.42363e-08 2.94131e-08 3.63067e-07)
(-2.02432e-07 -6.4483e-08 3.52507e-08)
(2.95902e-07 9.20529e-08 2.23341e-07)
(1.39482e-08 3.33754e-07 2.18626e-07)
(1.19345e-07 7.63886e-08 2.1453e-07)
(5.24141e-07 1.14378e-07 -2.46763e-07)
(-7.5103e-07 3.19713e-07 -1.25601e-07)
(1.78879e-07 1.40142e-07 -2.33726e-07)
(1.59121e-07 4.32854e-08 3.73042e-08)
(-3.34701e-07 9.006e-07 2.31213e-07)
(3.91328e-07 -1.04015e-07 2.32292e-07)
(-1.02917e-07 -1.80184e-07 -3.12872e-08)
(2.91267e-08 -1.38377e-07 -1.47801e-07)
(6.64747e-09 -4.25794e-09 2.10525e-07)
(2.01135e-07 2.00467e-07 -1.92493e-07)
(-1.25771e-07 4.60199e-07 -6.56402e-07)
(-6.05303e-07 -4.4743e-07 -5.63844e-07)
(2.04893e-07 -7.8872e-08 2.63163e-07)
(-2.5087e-07 1.03075e-07 1.24367e-08)
(4.16856e-08 -3.89403e-07 -3.10872e-07)
(-1.77714e-07 -2.14775e-07 -8.61174e-07)
(-2.47284e-07 -7.76609e-08 1.50737e-06)
(2.02727e-07 5.98193e-07 -2.06045e-06)
(-3.35644e-07 -2.34589e-08 1.28655e-06)
(-1.05964e-06 1.36757e-08 1.21559e-06)
(9.20306e-07 -1.24231e-06 -4.56097e-07)
(1.86227e-07 -9.05048e-08 3.9584e-07)
(-3.40034e-07 1.02628e-06 -5.27476e-07)
(7.75288e-08 -9.82997e-08 -3.93762e-07)
(-3.44954e-07 -4.72836e-07 3.19099e-07)
(7.16844e-08 -8.92141e-10 -5.65027e-09)
(7.88558e-08 -1.05301e-07 -1.33458e-08)
(1.00022e-08 -1.17373e-07 7.25741e-08)
(-1.27606e-07 9.56909e-09 1.02704e-07)
(8.35887e-07 -1.494e-08 -8.22803e-08)
(2.09773e-07 -2.02695e-07 -6.31579e-08)
(-3.68778e-07 4.36801e-07 -1.72889e-07)
(3.41658e-07 -2.75588e-07 -2.81403e-07)
(3.21389e-08 -2.08443e-08 -1.31898e-07)
(9.69002e-08 -1.06249e-07 6.04671e-08)
(4.53338e-08 1.71346e-07 -1.25777e-08)
(-7.03224e-08 1.1459e-07 2.26365e-08)
(-1.32361e-07 -4.9098e-08 7.24806e-08)
(5.21711e-08 -9.05036e-08 -1.86435e-07)
(-8.05963e-08 -7.68678e-08 -2.54155e-08)
(3.61924e-08 -1.09282e-07 2.30202e-07)
(8.62499e-08 -1.18251e-07 8.48955e-08)
(-6.70308e-08 6.77959e-08 -1.94532e-07)
(-3.96899e-08 -1.38954e-07 1.27852e-07)
(-2.97817e-08 3.32528e-08 1.62028e-08)
(-9.4079e-08 -5.2648e-09 1.57806e-07)
(-1.51677e-07 -1.855e-07 -5.36368e-07)
(-3.276e-07 -4.43056e-07 -1.25265e-07)
(3.73976e-08 2.34928e-07 1.66486e-07)
(-1.22827e-09 -4.55975e-09 -2.47023e-07)
(2.28481e-08 -1.47652e-07 -1.96246e-07)
(-6.40013e-08 3.85247e-08 2.18541e-07)
(-6.78363e-08 4.84756e-08 7.33615e-08)
(3.20496e-08 -6.54697e-08 -2.02139e-09)
(1.23072e-07 -1.61853e-07 1.52638e-07)
(-3.35104e-07 1.14709e-08 9.31401e-08)
(1.77035e-07 9.14584e-08 -1.21656e-07)
(1.13597e-07 -3.63362e-07 4.62024e-08)
(-5.53047e-08 3.06582e-07 1.85794e-08)
(8.20874e-08 -1.16296e-07 2.60039e-07)
(-8.64936e-08 -1.27564e-07 -1.48481e-07)
(3.46466e-07 2.12229e-07 -2.33351e-08)
(2.25055e-07 -3.00096e-08 -1.03737e-07)
(-8.21402e-07 -3.75268e-07 3.15966e-08)
(-6.88422e-07 -4.01922e-07 2.61795e-08)
(-6.3474e-08 -5.43488e-08 7.78098e-08)
(9.38168e-08 2.18862e-08 -1.93937e-07)
(-2.04308e-07 -1.23907e-07 2.08327e-08)
(1.3031e-08 -2.17439e-08 3.5798e-08)
(4.71001e-08 -3.1911e-08 -9.47355e-08)
(1.60308e-07 -2.62233e-07 2.76976e-08)
(5.15598e-08 -2.55983e-07 -3.13797e-07)
(1.19043e-07 5.02725e-08 3.58498e-07)
(-7.88531e-08 -7.62075e-08 -2.13915e-07)
(-1.90302e-08 2.11572e-07 3.2673e-07)
(7.02942e-07 -5.47674e-07 5.76834e-09)
(9.74087e-08 -5.19623e-07 -5.07875e-08)
(-3.3976e-07 -1.45512e-07 -2.22575e-07)
(-1.01195e-06 3.1795e-07 -1.41599e-08)
(2.84789e-07 8.31865e-08 -2.27635e-07)
(3.60397e-07 9.41024e-08 2.05535e-07)
(-1.8378e-07 -4.70809e-08 -1.29134e-06)
(1.21272e-07 1.46608e-07 3.25692e-07)
(3.57725e-07 -1.0168e-07 1.17565e-07)
(-2.52816e-07 -8.94481e-08 -1.1379e-07)
(3.56316e-07 7.04118e-08 5.4474e-07)
(9.9672e-08 2.49052e-07 -9.34886e-07)
(-5.31299e-08 2.48535e-07 -2.32914e-08)
(5.89611e-08 2.55775e-08 3.12009e-07)
(-3.08398e-07 -4.77414e-07 7.09832e-08)
(6.66937e-07 1.9651e-07 1.2264e-06)
(2.89828e-07 -1.05829e-06 -1.01495e-06)
(4.47343e-07 1.08533e-07 1.60112e-06)
(6.41183e-07 -1.35227e-06 -4.60826e-07)
(-4.7462e-07 -1.84041e-07 -8.9238e-08)
(1.86146e-07 -5.3092e-07 7.7117e-07)
(1.52415e-08 2.45439e-07 -3.77248e-07)
(7.3475e-07 -7.69401e-07 -3.26856e-07)
(-7.0862e-07 3.3836e-07 4.96377e-07)
(-8.94548e-08 7.83098e-08 8.85707e-09)
(-7.96995e-08 4.17466e-08 -6.61361e-08)
(8.66099e-08 -9.47385e-09 -7.35127e-08)
(-3.28392e-07 -1.01591e-08 -7.31033e-09)
(6.51447e-07 5.47631e-07 -8.80609e-08)
(-1.72811e-06 -6.36342e-07 -3.84541e-08)
(7.04572e-08 6.88294e-08 7.54207e-08)
(-3.06307e-08 2.59839e-08 2.74885e-07)
(3.48469e-07 1.08573e-07 4.03954e-07)
(1.79889e-07 4.54891e-07 -1.20243e-07)
(-4.36055e-07 2.14731e-08 3.38643e-07)
(6.58895e-08 1.13038e-07 -6.85846e-08)
(-7.81308e-08 7.67786e-08 9.891e-08)
(-9.63549e-08 -6.4485e-08 1.50485e-08)
(5.19725e-07 -1.57255e-10 -9.80533e-08)
(-4.57622e-08 7.22109e-08 1.07793e-07)
(-1.26837e-07 -7.84653e-08 8.36731e-09)
(4.85412e-08 -1.35192e-07 8.25275e-08)
(-3.2218e-07 -5.31461e-08 -1.33678e-07)
(1.26031e-07 6.52218e-08 3.05126e-08)
(-5.34504e-08 -1.30885e-07 -4.5778e-08)
(9.15556e-08 -6.91422e-08 1.04391e-07)
(-4.36693e-09 -9.83166e-08 -2.0983e-07)
(-1.48788e-06 -1.12771e-06 4.17581e-09)
(-5.00196e-07 -2.25488e-07 2.37031e-07)
(1.28135e-07 -4.49008e-08 1.92971e-07)
(-1.24427e-07 -2.82528e-07 1.34598e-07)
(1.40779e-07 2.67947e-08 6.71143e-08)
(-1.47744e-07 4.76903e-07 1.54657e-09)
(-2.22151e-07 2.49108e-07 -1.21024e-08)
(1.63825e-07 -1.23626e-07 -1.87963e-07)
(4.77586e-08 -6.53784e-08 -4.83645e-08)
(-1.7388e-07 1.34864e-06 -2.26782e-08)
(-3.9535e-09 -5.04935e-07 2.34605e-07)
(-1.547e-07 1.04427e-08 -3.68684e-08)
(1.34185e-07 4.85811e-07 1.04532e-07)
(1.05894e-07 -7.21608e-08 -3.07026e-07)
(-2.92982e-07 -5.01876e-07 1.12957e-07)
(-1.02404e-07 9.01669e-08 6.61268e-07)
(-7.9425e-09 -4.2824e-07 -2.90859e-07)
(2.35895e-07 1.82903e-07 9.41376e-08)
(-8.26723e-08 2.1952e-07 4.24042e-07)
(-2.23598e-07 -6.16991e-08 -2.98225e-07)
(-1.91592e-07 1.10847e-07 -3.73147e-07)
(6.72246e-07 -2.69417e-07 6.09237e-09)
(3.64701e-08 -1.0744e-07 4.96605e-07)
(1.86786e-07 -2.48908e-07 1.09712e-08)
(-2.75926e-07 1.72578e-07 -4.17046e-08)
(-6.71532e-08 -5.9807e-07 -2.11288e-08)
(-2.37768e-07 3.00778e-07 -4.99331e-08)
(-3.02654e-07 3.27926e-07 -7.0186e-08)
(-2.79548e-08 1.16089e-07 -5.6138e-07)
(2.1391e-07 -1.73707e-07 2.28066e-07)
(-1.48491e-07 5.2048e-07 -2.6075e-07)
(-1.86332e-07 1.12093e-08 -2.45163e-07)
(7.14416e-07 4.05484e-07 1.62911e-07)
(3.76668e-07 -8.35491e-07 4.70755e-07)
(-2.48035e-07 -9.33212e-07 -7.6941e-07)
(1.83664e-07 9.98232e-07 3.93614e-07)
(-3.10585e-07 7.42588e-08 -2.55959e-07)
(-2.44115e-07 2.31909e-07 7.9913e-08)
(-1.95762e-08 3.3974e-07 5.52584e-07)
(6.46153e-08 -2.31691e-07 -2.48459e-07)
(-4.29208e-07 4.2741e-07 4.45005e-07)
(-5.26073e-08 2.36754e-07 -5.11766e-07)
(1.34181e-07 -3.25229e-07 1.57249e-08)
(4.46658e-07 7.5775e-08 -2.7747e-07)
(8.19705e-08 -3.70468e-07 -2.41718e-07)
(-2.29206e-07 4.24596e-07 -2.75177e-07)
(7.83797e-08 1.22946e-08 -3.63587e-07)
(-8.61363e-07 9.24436e-07 6.46737e-07)
(-5.87774e-07 4.26729e-07 -2.60709e-07)
(1.06648e-06 -8.20187e-07 1.87911e-06)
(-8.8989e-07 -1.3914e-07 -5.30962e-07)
(-2.5163e-07 5.96088e-07 -1.60011e-07)
(1.91977e-07 -4.35657e-07 -7.73941e-08)
(-2.35978e-07 3.11347e-08 -1.20383e-06)
(-3.64882e-08 4.5676e-08 5.02059e-08)
(2.07445e-07 1.02638e-07 -9.37933e-09)
(1.0812e-07 -2.25649e-08 -4.86003e-08)
(6.39974e-08 -1.66068e-08 -1.01818e-07)
(-3.37001e-08 -8.80487e-08 3.15099e-07)
(-4.09128e-08 -4.6006e-08 -3.00154e-07)
(2.19653e-07 6.86385e-08 -1.92813e-07)
(2.46597e-07 -1.04848e-08 1.47495e-07)
(3.32112e-07 1.54507e-07 -3.32732e-07)
(-2.02012e-07 2.86263e-08 -1.38782e-07)
(-6.71191e-09 -2.28734e-07 7.17447e-08)
(-1.88322e-08 1.2304e-07 1.42907e-09)
(-7.00179e-07 -7.00275e-07 6.53947e-08)
(-3.81093e-08 -2.30868e-07 -1.14274e-07)
(-2.87648e-07 -7.95518e-08 -2.61395e-08)
(-2.05564e-07 -1.14129e-07 -8.20478e-08)
(1.16951e-07 -5.34112e-08 1.2803e-07)
(1.04431e-08 -7.87618e-08 -7.78429e-08)
(5.78823e-08 1.23595e-07 4.24431e-08)
(-1.28413e-08 -3.23024e-08 3.58551e-08)
(1.43954e-09 7.53292e-08 7.1378e-09)
(2.5154e-08 -6.16295e-08 -1.45786e-07)
(2.16769e-07 2.07315e-07 -3.85266e-08)
(2.094e-07 -4.63304e-08 -1.42654e-07)
(1.84025e-08 1.32626e-08 -1.83988e-07)
(-1.4932e-07 1.74888e-08 1.06869e-07)
(-1.0749e-07 -1.61553e-08 -1.01729e-08)
(1.61309e-07 4.19184e-08 -1.16137e-07)
(-3.12979e-07 9.1516e-07 -1.05897e-07)
(-1.23142e-08 -1.90432e-07 3.12476e-08)
(8.47461e-07 -1.0884e-06 2.0852e-08)
(-1.05886e-07 -2.08768e-07 8.21018e-09)
(3.60476e-07 8.71322e-08 2.1862e-07)
(3.55649e-07 -1.21704e-07 -6.31842e-08)
(1.25658e-07 1.14468e-07 -1.52168e-07)
(-3.89011e-07 7.63028e-08 9.88826e-08)
(-1.68896e-07 4.63411e-09 -5.03114e-07)
(-2.41866e-07 -1.12002e-07 -6.31849e-07)
(2.21511e-07 -5.43385e-07 2.07401e-08)
(-1.3979e-06 1.17978e-06 8.95624e-08)
(-5.03835e-08 -1.31037e-07 2.05432e-07)
(-3.61399e-07 7.4139e-08 4.32409e-08)
(-2.99562e-07 3.08653e-08 -1.1192e-06)
(6.50072e-08 -2.06491e-07 -1.30945e-07)
(4.30697e-07 1.73976e-07 -2.19607e-07)
(-3.79747e-07 -7.47756e-08 1.56086e-07)
(2.66547e-07 1.08863e-07 7.00802e-07)
(1.48047e-07 -3.38628e-07 8.41062e-07)
(1.03911e-07 2.55646e-07 2.65988e-07)
(-3.96159e-07 -1.66541e-07 8.92388e-07)
(3.13042e-07 2.63982e-07 6.33091e-07)
(-7.04805e-09 1.17547e-07 5.53383e-08)
(-9.46919e-08 1.05714e-07 -5.87005e-07)
(2.01876e-07 1.68877e-07 -9.40786e-07)
(-9.94168e-07 -3.50266e-08 3.91496e-07)
(-4.69362e-07 -1.36423e-08 2.82223e-07)
(5.21492e-07 3.53608e-07 -3.32096e-07)
(1.72848e-06 2.66863e-07 -2.54227e-07)
(9.98618e-08 -1.21203e-07 1.73749e-07)
(-1.49448e-07 2.01598e-07 1.432e-07)
(-5.53625e-08 -1.55912e-07 1.95618e-07)
(3.04875e-07 3.08487e-07 -7.67369e-08)
(-2.52016e-07 3.71373e-08 1.33067e-06)
(2.90431e-07 1.89142e-08 -2.56472e-07)
(5.71843e-07 3.49309e-07 1.23258e-07)
(-7.31284e-07 -3.78672e-07 -4.48729e-08)
(1.70279e-07 2.10278e-07 2.58454e-08)
(-1.18325e-06 2.3073e-07 -1.58422e-07)
(-4.09894e-07 -1.95231e-08 -6.81069e-07)
(2.31323e-07 5.44294e-07 -3.48823e-08)
(3.72063e-07 2.18352e-07 1.30642e-06)
(-8.02185e-07 -1.32486e-07 -2.68389e-06)
(-4.91887e-07 -1.54424e-07 -1.56049e-06)
(3.07705e-07 -5.4395e-07 5.10097e-06)
(-2.3941e-07 -4.63346e-07 1.58402e-06)
(-4.18342e-07 -1.18024e-08 3.85556e-08)
(-1.26455e-07 -8.99579e-08 6.43159e-08)
(5.06448e-08 2.05087e-08 -1.51579e-07)
(3.69374e-08 -5.27966e-08 1.76355e-07)
(1.86578e-07 -1.5023e-07 2.84379e-07)
(-4.49044e-07 -4.11517e-08 2.35204e-07)
(1.23975e-07 2.4466e-07 8.55683e-08)
(-1.3956e-07 -4.55718e-08 9.43977e-09)
(6.57903e-08 1.4728e-07 -1.82292e-07)
(-1.19536e-08 -7.54511e-07 -1.07663e-07)
(-3.32224e-10 2.25698e-08 6.02828e-08)
(8.2063e-09 -2.11716e-07 9.66221e-08)
(-6.79009e-08 3.40905e-08 -7.02006e-08)
(-5.79912e-09 7.34594e-08 2.67198e-08)
(-2.32443e-08 1.40748e-07 7.45982e-08)
(-1.16841e-09 5.05178e-08 5.81902e-08)
(-1.76859e-07 -1.20967e-07 -8.90494e-08)
(1.87309e-07 -5.48609e-08 -2.56518e-08)
(-2.52293e-07 1.33932e-07 4.0412e-08)
(4.45472e-08 -3.96947e-08 2.25992e-08)
(5.45723e-08 3.67672e-07 -7.74444e-08)
(1.38058e-08 -3.84878e-08 -5.50579e-08)
(-1.82646e-07 -1.10495e-07 -1.5817e-08)
(-1.61866e-08 7.14626e-09 3.64605e-08)
(1.34571e-08 -2.25005e-08 -3.30641e-09)
(-1.4628e-07 -2.2828e-07 4.06646e-08)
(-3.90707e-08 -6.68002e-08 2.30806e-07)
(-1.43055e-07 -7.97852e-08 -2.27167e-07)
(6.10028e-08 -2.37932e-08 9.93751e-09)
(-1.45397e-08 -1.73851e-07 -1.64984e-07)
(6.55681e-07 -6.63935e-08 -2.09346e-07)
(-5.20474e-07 1.23372e-06 3.27886e-07)
(-1.20043e-07 -1.1984e-07 6.70574e-08)
(-7.98504e-07 -5.57555e-07 -3.32218e-07)
(-3.12919e-07 -7.92954e-08 1.66312e-07)
(1.86636e-07 -2.83292e-07 4.60014e-07)
(-2.10793e-08 -3.24631e-08 -3.16812e-07)
(-1.10596e-06 -1.67839e-07 -1.87428e-07)
(2.42375e-07 -1.02783e-07 2.11111e-07)
(6.0655e-07 4.9996e-07 -4.11447e-07)
(-4.14965e-07 4.08428e-07 2.20776e-08)
(2.60284e-07 -2.03281e-07 5.36603e-07)
(-7.17949e-08 1.52717e-07 -2.7446e-07)
(-4.14777e-07 -3.52734e-07 -2.29787e-06)
(4.24672e-07 -7.15719e-07 -6.85825e-07)
(7.73547e-07 -1.99291e-07 9.53515e-08)
(7.96658e-07 -3.79554e-07 1.25302e-06)
(-1.90956e-06 -1.07599e-06 -1.42266e-06)
(5.82751e-08 -4.57775e-08 -7.74024e-07)
(-1.9147e-07 -7.22697e-07 -3.35472e-06)
(-5.2173e-07 -5.85634e-07 2.73409e-07)
(2.39683e-07 3.57188e-07 -4.1461e-07)
(1.48639e-07 -1.16437e-06 4.39761e-07)
(1.19711e-07 5.65431e-07 4.26889e-08)
(6.83164e-07 8.73172e-08 -1.52704e-06)
(7.05639e-08 1.84139e-07 -9.6893e-07)
(-1.08016e-07 6.07557e-08 1.0715e-06)
(1.92583e-07 1.49965e-07 5.93231e-07)
(-4.31291e-07 9.22332e-09 -9.09287e-07)
(-2.38589e-08 -1.96764e-07 -7.10567e-07)
(1.95624e-07 8.07371e-08 -1.10279e-07)
(4.30458e-07 1.05344e-07 4.76594e-07)
(-9.98736e-08 -3.89539e-07 7.02274e-08)
(8.04538e-07 -1.91648e-07 6.15665e-07)
(-2.64112e-07 1.75097e-08 -2.8239e-07)
(7.41819e-07 -8.9835e-08 -5.26406e-07)
(2.13634e-07 -5.09525e-07 2.06843e-09)
(4.07272e-08 -1.278e-07 6.63597e-08)
(-1.03444e-07 7.76743e-07 -4.43604e-07)
(-1.62736e-07 1.59623e-06 1.72375e-07)
(4.07465e-07 4.37086e-07 9.67023e-07)
(1.77294e-08 6.50398e-08 9.26344e-08)
(2.23661e-07 -4.51202e-07 1.12668e-06)
(1.13295e-07 -8.73908e-08 -1.11383e-06)
(-1.31233e-08 5.75119e-09 9.98659e-06)
(8.05454e-07 1.06141e-07 7.4787e-07)
(-1.89378e-07 -3.74757e-07 -3.69876e-06)
(4.16567e-08 2.81721e-08 1.99942e-08)
(7.92466e-08 -5.34791e-09 2.24259e-07)
(1.90632e-07 1.94034e-08 1.1255e-07)
(1.81475e-07 -2.01882e-07 -1.07094e-07)
(-6.01347e-08 1.81312e-07 3.11159e-07)
(-6.3837e-08 -1.71544e-07 -1.62486e-07)
(-7.50848e-08 -7.02883e-08 -1.23846e-07)
(6.02596e-07 -3.22731e-07 4.71627e-07)
(-1.26693e-07 1.45891e-07 -7.18899e-07)
(3.07931e-07 -4.81557e-08 4.55554e-07)
(1.44963e-07 3.65538e-07 1.34737e-07)
(-6.20477e-09 1.14985e-07 3.94406e-08)
(-1.08259e-07 4.44896e-08 -3.00974e-07)
(-8.71833e-08 -7.26069e-08 8.41871e-08)
(-1.65402e-07 -3.46401e-07 1.07045e-07)
(1.77829e-07 1.38347e-07 6.97803e-08)
(1.56363e-07 4.41984e-07 1.24053e-08)
(5.96968e-08 -2.96656e-07 1.96962e-07)
(-1.84591e-07 2.76596e-08 -3.62069e-08)
(-5.02631e-08 -1.7069e-07 4.75876e-08)
(-1.03153e-07 -3.98025e-09 9.54157e-09)
(-5.54939e-07 1.11114e-07 -9.12098e-08)
(-7.16861e-07 -3.70525e-07 1.47862e-07)
(2.49374e-08 -1.26732e-07 5.91041e-08)
(-8.4059e-08 -4.88188e-09 -1.13631e-07)
(6.45121e-08 1.01926e-07 5.7441e-08)
(-1.61306e-07 -1.22936e-08 -1.69684e-07)
(-1.32028e-07 -1.48094e-07 -7.0283e-10)
(3.01013e-07 3.00619e-07 1.00438e-07)
(1.23629e-07 -1.35451e-08 2.89493e-08)
(-9.34293e-08 1.73813e-07 -6.01526e-08)
(-1.29566e-08 2.45434e-07 7.75368e-08)
(3.40441e-08 -1.97682e-07 -9.67696e-08)
(8.64915e-08 -3.21102e-07 2.68735e-07)
(-2.53611e-07 4.71151e-07 7.07377e-07)
(-7.37246e-08 8.58886e-09 -2.0757e-06)
(-1.498e-07 -3.09897e-08 -4.36994e-08)
(3.04221e-08 -4.51306e-07 -3.37327e-06)
(3.44125e-07 -3.65085e-11 7.50324e-08)
(-4.58442e-08 2.88884e-08 7.15845e-07)
(2.96765e-07 2.01007e-07 -2.37879e-07)
(-1.29568e-07 -5.48233e-07 1.26405e-07)
(5.80079e-07 -7.18214e-08 1.54189e-06)
(6.08631e-07 2.13216e-07 1.59357e-05)
(8.92995e-07 -4.04036e-07 1.63036e-05)
(4.86426e-07 -1.1461e-06 -2.84389e-07)
(-4.67191e-07 -5.56621e-09 -3.48504e-06)
(8.99556e-07 -1.82197e-07 4.00607e-07)
(-3.0014e-07 2.29295e-07 5.91662e-07)
(-1.31431e-06 -3.2433e-07 -5.7218e-07)
(-4.20969e-08 6.31137e-07 -1.66359e-07)
(1.61879e-06 9.19595e-08 -4.30366e-07)
(-1.72087e-06 -6.62296e-07 -1.35167e-06)
(-8.8076e-07 7.22822e-08 -8.05291e-07)
(2.62285e-07 2.38061e-07 1.26626e-06)
(1.4228e-07 3.31443e-07 8.1802e-07)
(-2.52045e-07 -2.40409e-07 -7.38744e-07)
(9.7677e-08 -1.76354e-08 8.63381e-07)
(-9.08976e-08 1.81776e-07 2.97422e-07)
(-9.01867e-08 7.45813e-07 2.75977e-07)
(-4.70588e-09 6.06792e-07 -7.89576e-07)
(-1.60048e-07 -1.43808e-06 1.67569e-06)
(3.89797e-08 -8.97075e-08 -8.2705e-07)
(1.60461e-07 -1.48139e-08 6.97071e-07)
(5.20885e-07 3.39261e-07 1.4237e-06)
(-6.41755e-07 -5.91412e-07 1.10002e-07)
(-6.01623e-07 -1.06239e-07 -3.82195e-07)
(1.29354e-07 -1.36381e-09 2.22818e-07)
(-7.37507e-08 -2.65083e-07 6.49588e-08)
(-1.9225e-07 1.32072e-07 -1.27353e-07)
(2.07015e-07 -2.27908e-08 -2.90585e-07)
(-4.62307e-08 1.89054e-07 -1.8109e-07)
(9.45842e-08 -2.69243e-08 -7.59655e-07)
(1.49145e-07 6.50325e-08 1.02159e-08)
(-2.57656e-08 -2.55318e-07 -1.08961e-07)
(8.99431e-07 6.53698e-08 -9.85308e-09)
(1.19355e-07 -3.20347e-08 4.96232e-08)
(1.70668e-07 -6.01894e-08 -1.81048e-07)
(4.78676e-08 -3.38591e-08 5.97483e-07)
(9.73847e-08 1.51648e-07 4.19177e-07)
(-3.07761e-08 -1.34069e-07 2.30249e-06)
(5.0807e-07 -2.58204e-07 -4.54165e-07)
(-6.51267e-07 -1.69081e-07 2.67524e-09)
(1.87367e-07 -7.75677e-09 8.45029e-07)
(-1.71631e-07 7.80526e-08 4.15181e-07)
(-1.50269e-07 1.16513e-07 -1.05357e-06)
(-5.80342e-08 3.30465e-09 -3.12852e-07)
(2.75231e-07 2.06367e-07 -2.39583e-08)
(3.91817e-09 1.63993e-07 -1.60346e-07)
(-2.92499e-07 -3.46581e-07 1.39776e-08)
(2.20036e-07 4.77245e-07 -7.44211e-09)
(1.82074e-07 -5.176e-07 -2.82383e-09)
(1.62299e-07 1.59674e-08 -2.33242e-07)
(-1.0604e-07 2.84765e-08 1.45547e-07)
(3.92921e-07 8.01684e-08 -1.35481e-07)
(-2.57428e-07 -3.0253e-07 -8.16793e-08)
(-8.86843e-08 1.47872e-07 6.43029e-08)
(1.33793e-07 -6.90392e-08 -4.88498e-08)
(-7.9112e-09 1.7774e-07 9.24521e-08)
(7.61996e-08 1.98501e-07 1.46641e-07)
(1.45602e-07 9.59767e-08 1.77889e-07)
(-1.13646e-07 1.59944e-08 -2.27412e-07)
(1.24051e-07 6.02868e-07 1.67695e-07)
(-1.34066e-07 -2.65042e-09 1.14383e-07)
(-1.66106e-07 1.29872e-07 -1.4687e-07)
(-4.90398e-08 3.44221e-08 -1.02615e-07)
(7.96833e-08 3.6142e-08 -2.31008e-08)
(-6.54634e-07 -2.00328e-08 2.09488e-07)
(2.53971e-07 -3.29018e-07 -1.13162e-06)
(4.68495e-07 -4.73436e-07 3.29878e-08)
(-3.80163e-07 -6.68625e-07 -5.44038e-06)
(5.61386e-07 6.61532e-07 -2.48293e-06)
(5.1484e-07 4.15079e-09 6.94992e-07)
(-3.44139e-07 1.82303e-07 -5.6485e-07)
(-8.90439e-08 -5.33422e-07 -9.24576e-07)
(5.2416e-08 -1.02175e-06 -3.53296e-07)
(2.75052e-07 7.87469e-07 -2.69996e-06)
(3.4375e-07 -2.11943e-07 3.42807e-07)
(-1.23919e-06 -1.85608e-07 3.86956e-06)
(-3.4784e-08 -4.76999e-08 1.3567e-06)
(2.5812e-07 4.00183e-07 -1.12997e-06)
(2.94253e-07 1.86918e-07 5.41421e-07)
(4.4206e-07 1.2887e-08 1.0209e-06)
(-3.37364e-07 4.45748e-07 -6.42693e-06)
(3.47043e-08 3.96886e-07 -1.57142e-06)
(-4.57636e-07 5.22281e-07 -7.64111e-06)
(2.4149e-07 6.2103e-09 -1.24269e-06)
(9.81198e-07 2.44086e-07 -2.57864e-07)
(7.24114e-08 6.56461e-09 5.48718e-07)
(-6.19389e-08 -3.51986e-07 1.9455e-07)
(2.55627e-07 -1.02308e-07 -2.77458e-07)
(3.87012e-07 2.43266e-07 5.22377e-07)
(1.26929e-07 7.33288e-09 -2.08494e-07)
(-3.56453e-07 6.05942e-07 1.20149e-06)
(3.15268e-07 -3.5412e-07 -1.53639e-06)
(-6.14714e-07 -5.64604e-07 3.05957e-07)
(-2.33575e-08 4.99414e-07 -3.00359e-08)
(5.94982e-08 6.46233e-07 1.02511e-06)
(-1.1213e-07 4.85901e-07 -7.6588e-07)
(-2.49154e-07 9.20038e-08 -4.09723e-07)
(3.15011e-07 -2.15882e-07 -1.79291e-07)
(-2.48039e-07 -1.9384e-08 1.91473e-07)
(1.25328e-07 2.69728e-07 -5.9629e-07)
(-7.97614e-07 -1.2058e-06 -4.36007e-07)
(4.51592e-07 -1.44367e-07 3.22157e-07)
(1.84776e-08 -3.8189e-07 7.38098e-07)
(1.76512e-07 -2.48452e-07 -1.72861e-07)
(-1.58501e-07 -2.10684e-07 -4.03027e-07)
(3.80541e-07 6.92556e-08 4.8391e-07)
(-9.77694e-08 3.30804e-08 -4.69745e-07)
(1.05648e-07 -5.77961e-08 -8.09891e-09)
(-3.17915e-08 9.19798e-08 1.61743e-07)
(3.82563e-07 8.91169e-08 -3.4378e-07)
(-9.52703e-08 -1.36917e-08 1.0032e-07)
(-2.12676e-07 2.11039e-07 4.06719e-07)
(2.6655e-08 -2.44388e-07 1.79127e-07)
(-7.17104e-08 2.94606e-07 -1.90072e-07)
(-6.63641e-08 -5.73584e-07 -1.3411e-06)
(1.60054e-07 -3.09992e-08 -3.95894e-07)
(-7.26529e-08 4.7824e-09 -1.61503e-09)
(1.14974e-07 -1.36726e-07 3.1407e-07)
(3.78697e-07 1.37091e-07 -6.0977e-08)
(-3.54459e-07 2.06094e-07 3.89875e-08)
(2.38692e-07 -5.54192e-07 1.51959e-07)
(-7.59869e-08 9.39905e-08 -5.89743e-08)
(1.75548e-07 -1.56576e-07 1.84946e-07)
(2.24795e-07 2.36036e-08 -2.15699e-07)
(-1.62618e-07 -7.11565e-07 3.34566e-07)
(1.91613e-07 2.11505e-07 -1.48727e-07)
(1.08591e-07 -1.5531e-07 -2.39404e-08)
(1.40972e-07 -1.30336e-07 5.18304e-08)
(-1.98126e-07 6.19218e-07 -8.00126e-08)
(3.85188e-08 -3.62736e-08 1.04501e-07)
(5.55551e-08 -7.60506e-08 1.43109e-07)
(-2.46109e-07 -1.70353e-07 -1.46532e-07)
(3.96939e-07 -6.9638e-07 1.37386e-07)
(1.38255e-07 -1.08162e-07 -9.45572e-08)
(3.86222e-08 1.023e-07 -9.14184e-08)
(2.2454e-07 -7.0939e-08 -2.39422e-08)
(9.23167e-08 2.37467e-07 7.21158e-08)
(8.03962e-07 -2.0308e-07 1.29715e-06)
(1.70742e-07 -2.28524e-07 -4.61787e-07)
(-1.39998e-07 -1.97592e-07 -3.1514e-07)
(-6.61005e-07 7.20172e-07 -5.68582e-07)
(-1.02435e-07 -8.43522e-08 -1.50235e-06)
(2.34549e-07 -6.01838e-07 9.19932e-08)
(1.09041e-07 -1.43709e-08 3.07402e-07)
(-1.45418e-08 -6.809e-08 -7.22131e-07)
(7.13156e-08 1.19344e-07 5.36912e-07)
(1.95154e-07 6.90589e-08 3.85379e-07)
(1.68596e-07 -7.61546e-08 -3.38025e-08)
(6.42164e-07 -3.23999e-08 1.25066e-06)
(-1.97941e-07 4.40822e-07 -2.80787e-08)
(-2.11617e-08 -2.6368e-08 -1.36489e-07)
(2.91495e-07 -3.58656e-07 -1.66605e-09)
(3.17021e-07 1.53107e-08 1.12906e-06)
(-1.35242e-07 -4.95801e-07 9.63894e-07)
(-8.98283e-09 3.58702e-07 -4.46903e-08)
(-3.71623e-07 -5.50328e-07 -2.16116e-07)
(1.568e-07 2.3705e-07 -2.77469e-07)
(1.18236e-07 4.04165e-07 -5.42565e-07)
(-9.74414e-08 1.36017e-07 -9.17936e-07)
(-8.46405e-07 -3.38932e-07 -7.90372e-06)
(-1.17092e-07 -4.33119e-09 8.83389e-07)
(2.39908e-07 -1.82322e-07 6.83823e-06)
(-1.72797e-07 -4.09086e-07 -2.38012e-06)
(5.23064e-07 -5.57459e-07 -8.33403e-07)
(7.36356e-07 -4.39928e-07 -1.47066e-06)
(5.31862e-08 -7.59086e-07 7.1843e-08)
(3.82118e-07 -6.8577e-07 -7.5559e-07)
(-1.41476e-07 -5.31415e-07 -2.54083e-06)
(6.01052e-07 -1.49264e-08 9.7317e-07)
(5.14095e-08 5.08597e-07 -1.22377e-06)
(-1.37051e-07 -3.07388e-07 -1.13157e-06)
(1.29129e-08 -1.5925e-07 -3.9812e-07)
(2.05407e-07 -3.14898e-08 -1.00725e-07)
(-2.31325e-07 -1.37007e-07 4.93133e-07)
(-2.40711e-07 2.46076e-07 2.22371e-07)
(-1.27792e-07 1.67609e-08 -2.42478e-07)
(-3.15926e-07 -2.46847e-08 -8.50397e-07)
(-7.59095e-07 -4.25253e-07 -3.10722e-07)
(2.58084e-07 -1.66999e-07 2.80631e-08)
(-5.86424e-08 5.06298e-08 3.84327e-07)
(3.4538e-08 1.21429e-07 -1.10307e-07)
(-9.11764e-09 4.94258e-08 -3.37572e-07)
(1.98993e-07 -9.50954e-08 2.17027e-07)
(1.79285e-07 2.66347e-07 -2.71209e-07)
(1.4605e-07 7.84871e-08 2.46463e-07)
(3.70159e-07 -3.0273e-07 -9.09966e-08)
(-1.61431e-07 -7.63737e-08 -5.17767e-07)
(-1.47833e-07 1.04253e-07 -1.95046e-08)
(4.60189e-08 -7.17475e-09 4.32115e-07)
(-6.20469e-08 -1.01488e-07 -2.38302e-07)
(-8.08534e-08 2.33291e-07 -4.52167e-07)
(-6.82043e-07 -2.75133e-07 1.01499e-06)
(-1.95051e-07 -1.99761e-07 6.00548e-07)
(-4.67075e-08 1.57806e-07 -3.97292e-07)
(-3.30993e-07 -1.11373e-07 2.63712e-07)
(5.06806e-10 1.23541e-07 3.12919e-07)
(-1.05289e-08 -6.40623e-09 1.50357e-07)
(-1.57736e-07 6.53271e-08 5.2849e-08)
(9.04077e-09 -5.07981e-08 2.77908e-08)
(-9.40512e-07 1.52724e-06 -1.42178e-07)
(-5.86851e-08 7.74743e-08 -2.2996e-07)
(9.91208e-09 1.44374e-07 3.81259e-08)
(3.95615e-09 2.33043e-08 -1.98159e-07)
(5.78117e-07 -2.03784e-07 -1.63886e-07)
(9.31789e-07 1.22855e-07 2.6505e-07)
(2.02525e-08 3.7778e-07 -9.88543e-08)
(2.81523e-08 -6.54535e-08 -1.38915e-07)
(-1.82289e-07 -9.31557e-08 -1.27877e-07)
(-1.40909e-08 1.5742e-07 4.17254e-07)
(1.75107e-07 -5.60174e-07 -5.13573e-08)
(1.01023e-09 -5.58074e-08 1.29092e-07)
(2.56944e-07 2.7849e-07 2.67883e-08)
(-1.32321e-07 9.26302e-08 -2.73153e-07)
(1.52267e-07 5.13995e-07 2.75648e-07)
(3.52167e-07 4.75924e-07 -3.36486e-07)
(-3.51326e-07 1.27314e-07 -2.43676e-07)
(-9.77254e-08 -6.70235e-07 -1.77203e-07)
(5.43465e-08 1.38432e-07 -2.98186e-07)
(-2.12932e-07 -1.39908e-07 -4.17675e-07)
(6.27635e-07 1.81403e-07 -2.84306e-10)
(-1.50368e-07 2.4163e-08 1.98734e-07)
(-5.05914e-07 -6.20996e-07 -7.29443e-08)
(3.37367e-07 -5.85205e-08 4.61201e-07)
(-2.61214e-07 -3.8583e-09 -3.08878e-07)
(-2.15563e-07 -1.40334e-07 1.12587e-06)
(-1.11247e-07 2.40822e-07 5.3521e-07)
(5.82836e-07 -1.17011e-07 5.94768e-07)
(-5.19983e-07 -2.00532e-07 1.17266e-07)
(1.80427e-07 -1.02591e-08 1.0739e-06)
(9.29053e-08 2.67521e-07 -7.94952e-07)
(4.0603e-07 6.26759e-07 4.43112e-08)
(-6.44137e-08 -2.33592e-07 5.36874e-07)
(-1.64163e-07 4.90278e-07 3.09616e-07)
(-3.83938e-07 2.44217e-07 4.0885e-07)
(1.28109e-06 2.61181e-06 -6.20589e-06)
(1.64186e-06 2.63748e-06 1.33464e-05)
(-3.22645e-07 -4.93856e-07 -1.82245e-06)
(-2.50561e-07 1.9527e-08 1.0748e-06)
(-7.44475e-08 -3.78546e-07 -1.68957e-07)
(-1.23456e-07 1.98821e-07 -1.73261e-06)
(-4.79289e-07 5.68828e-08 -1.15906e-06)
(-2.30895e-09 4.13082e-07 4.17951e-06)
(-2.09663e-07 2.71462e-07 -1.37692e-06)
(2.02234e-07 1.5477e-07 3.01453e-06)
(3.05169e-07 -9.99159e-08 5.81543e-07)
(1.19103e-07 -4.55678e-07 -1.93348e-06)
(1.04974e-07 5.04279e-07 5.05013e-07)
(-4.69344e-07 2.57638e-07 -7.48456e-07)
(-1.04103e-07 -1.48132e-07 1.1742e-08)
(-5.30504e-07 -3.35975e-07 1.9316e-07)
(1.26682e-08 -1.83584e-07 -4.13331e-07)
(-5.15052e-07 8.15844e-08 -6.8817e-07)
(9.40396e-08 3.54322e-08 5.74493e-07)
(2.17042e-07 -5.93775e-07 5.12745e-07)
(3.1461e-07 2.45839e-07 5.79407e-08)
(-2.71131e-08 1.51724e-08 5.62741e-08)
(4.52251e-07 1.23629e-07 2.45959e-07)
(-3.8818e-08 -1.51067e-08 -3.47432e-07)
(-1.72422e-07 3.74407e-09 2.97582e-08)
(3.0422e-07 2.23734e-07 5.24039e-08)
(-1.25624e-07 2.50093e-07 -5.15975e-08)
(-2.27847e-07 2.05988e-07 5.90266e-07)
(-4.38531e-07 2.43372e-07 -4.16337e-08)
(1.06843e-07 -2.68595e-07 1.3569e-07)
(-4.44427e-08 -1.45297e-07 -8.30817e-08)
(1.45616e-07 -4.49466e-08 1.07776e-07)
(-1.0031e-07 2.30536e-07 1.83885e-07)
(9.04599e-08 1.62323e-07 2.49803e-07)
(-1.43501e-07 1.7986e-07 3.05275e-07)
(5.58576e-08 -8.65159e-08 -3.0734e-07)
(6.36333e-08 -2.82593e-07 1.99145e-08)
(-1.57397e-07 3.71956e-07 -1.89618e-08)
(-2.77872e-09 -3.6137e-07 6.44823e-08)
(2.17935e-08 2.01899e-07 -2.20934e-07)
(-3.21046e-08 -2.80179e-07 1.42235e-07)
(2.14207e-07 -1.12871e-07 -1.02139e-07)
(3.90053e-07 -5.50718e-07 3.52212e-08)
(-1.91972e-06 1.79608e-08 4.26622e-08)
(5.69729e-07 -1.57277e-07 5.11796e-08)
(3.91195e-07 1.47745e-08 3.15616e-07)
(-1.30651e-07 -4.02645e-07 -2.34201e-07)
(-6.07252e-08 3.5508e-07 1.20547e-07)
(2.42623e-07 4.98193e-07 8.409e-08)
(-4.21678e-08 -1.7096e-07 1.78222e-07)
(2.72213e-09 -8.21017e-08 1.19561e-06)
(1.09613e-07 9.11103e-08 4.81575e-08)
(-1.59917e-07 -1.51619e-07 1.49126e-07)
(-9.92673e-08 -1.08292e-07 -1.4669e-07)
(-1.06494e-08 7.64725e-08 2.14585e-06)
(-4.40267e-08 1.0574e-08 -1.47828e-07)
(-3.23281e-07 -2.72844e-08 -8.32978e-08)
(-7.08043e-07 1.15366e-07 -2.2859e-07)
(2.51845e-07 2.04524e-07 2.70986e-07)
(1.34527e-08 -3.72792e-07 3.20096e-07)
(-1.19994e-07 -1.17074e-07 -1.93228e-07)
(-7.92947e-07 -4.14866e-07 5.8121e-08)
(-7.18347e-08 1.81658e-07 1.46036e-08)
(9.19688e-08 1.67171e-07 -4.7224e-07)
(8.77977e-08 -2.44351e-07 -8.46756e-08)
(1.52731e-07 -5.94203e-08 2.02189e-07)
(1.95691e-07 1.39749e-07 -5.42027e-07)
(-1.00494e-07 -1.87715e-08 -3.43456e-07)
(1.28184e-07 2.21559e-07 2.08841e-08)
(5.13519e-08 -2.48409e-07 6.56396e-07)
(1.02474e-07 6.71885e-08 2.52955e-07)
(3.68315e-07 3.18345e-07 1.01596e-07)
(6.553e-07 -2.78159e-09 8.63363e-07)
(8.06342e-07 -1.34875e-07 -9.43767e-07)
(6.66317e-07 -1.67561e-07 -1.24895e-06)
(-1.41871e-07 -1.82692e-07 -7.74173e-07)
(-4.75456e-07 -5.43661e-07 1.1105e-06)
(-5.195e-08 -9.37047e-08 -8.96255e-07)
(-6.78557e-08 3.78505e-09 4.65734e-07)
(-1.3915e-07 -3.43354e-08 2.58336e-08)
(-3.14477e-07 4.75883e-07 2.54036e-07)
(6.67948e-07 4.41978e-07 -9.28471e-08)
(-8.46549e-07 2.27486e-07 1.14597e-06)
(-3.63148e-09 4.05159e-07 -9.58862e-08)
(7.32439e-07 -2.41812e-07 -9.0074e-07)
(-1.34257e-07 4.76828e-07 3.06162e-08)
(-1.29829e-07 -7.41932e-08 -8.78928e-07)
(1.10977e-08 9.16841e-08 1.42549e-07)
(-3.73564e-07 1.37571e-07 9.58229e-07)
(5.79286e-08 2.15755e-07 1.53976e-06)
(-1.59103e-07 2.77047e-07 -1.06354e-06)
(6.09232e-07 -4.41123e-07 -1.45885e-06)
(2.39135e-07 -1.09698e-07 1.16971e-06)
(5.8422e-08 3.27079e-08 -1.69949e-08)
(-9.94198e-09 3.48531e-07 -4.32201e-07)
(-5.09313e-07 3.09153e-07 4.66254e-07)
(-1.46552e-07 8.64982e-08 4.11198e-07)
(1.31749e-07 -3.21253e-07 -1.29991e-07)
(3.64365e-07 -3.70307e-07 -2.63768e-07)
(9.96938e-08 -2.47636e-07 6.21272e-07)
(-1.94201e-07 3.4304e-07 -3.61496e-06)
(2.31098e-07 -6.78672e-08 -3.15641e-08)
(-3.95576e-08 1.24443e-07 -3.35232e-06)
(3.48315e-07 1.25632e-07 2.93562e-07)
(1.37468e-08 -5.60889e-08 2.37302e-07)
(3.18458e-07 1.65571e-07 -4.30944e-07)
(-5.10441e-08 9.25458e-09 1.33255e-07)
(1.55089e-07 2.58983e-07 -2.38057e-08)
(-9.13129e-07 2.05797e-08 -1.00244e-07)
(1.77359e-07 -1.24759e-07 -1.66128e-07)
(-2.29294e-07 -2.48781e-07 -3.59136e-07)
(-2.40753e-08 2.24812e-07 -5.69571e-07)
(2.35915e-07 5.99424e-08 -4.02475e-08)
(-2.31565e-07 -2.75468e-07 5.91432e-08)
(-2.99925e-07 2.51006e-07 8.04787e-08)
(5.05351e-07 2.44935e-08 2.35332e-08)
(-1.03589e-06 3.21625e-07 -1.34345e-07)
(-4.46509e-07 2.23246e-07 -6.30255e-07)
(2.28384e-07 -3.91641e-07 3.03935e-08)
(5.52983e-07 2.95988e-07 3.56904e-08)
(1.88172e-07 -9.5076e-08 1.44303e-10)
(-1.77855e-07 3.80862e-07 -3.79139e-08)
(-4.01102e-08 -1.8812e-07 -4.55646e-08)
(1.70733e-07 -1.65532e-07 -7.37483e-08)
(1.49234e-07 3.10312e-07 3.37204e-07)
(5.46452e-08 1.12954e-07 1.64696e-07)
(-4.55217e-09 -4.60332e-07 4.621e-07)
(8.3169e-08 -3.96138e-07 -2.45856e-07)
(-3.32363e-07 -9.41635e-08 2.10482e-07)
(3.88785e-07 2.15675e-07 -7.31218e-08)
(-6.96807e-08 -3.01469e-08 -1.15843e-07)
(-3.66909e-07 -6.78598e-09 1.54403e-07)
(6.85215e-08 -8.7258e-08 4.7535e-08)
(-4.59416e-07 -7.59492e-08 -2.10844e-08)
(1.54591e-07 -3.59041e-07 -9e-08)
(-1.38195e-07 -2.96296e-07 1.61919e-07)
(2.41727e-07 -5.97024e-08 3.68674e-08)
(6.66251e-07 1.25847e-06 9.73443e-08)
(-3.49321e-07 -1.28032e-07 -1.67829e-07)
(2.56633e-07 1.11782e-07 -2.35745e-07)
(1.20402e-06 -6.77176e-07 1.06503e-05)
(9.20659e-07 -5.24604e-07 1.27959e-05)
(2.26138e-07 -1.49746e-08 -2.22563e-06)
(-1.3505e-07 6.01043e-08 -2.40304e-06)
(1.07596e-08 1.34995e-07 -1.61246e-06)
(3.03184e-07 -2.67253e-08 5.9755e-07)
(2.32364e-07 -3.24535e-07 -1.81042e-06)
(8.21428e-08 8.04974e-08 2.18862e-07)
(-2.27664e-08 -2.54513e-07 3.03366e-07)
(-6.04329e-09 1.71278e-08 -2.41782e-07)
(6.54424e-08 -3.66801e-07 -8.8111e-07)
(-4.88925e-08 9.34212e-08 1.71389e-07)
(-4.63386e-08 -5.24232e-09 -6.91475e-07)
(9.08962e-08 -1.88837e-08 -5.92846e-07)
(-1.87119e-07 3.27663e-07 -1.77889e-07)
(1.09461e-07 -8.75886e-08 2.25634e-07)
(1.46012e-07 4.41551e-08 -6.80946e-08)
(-4.05751e-08 -1.92233e-07 -5.7437e-07)
(2.76299e-08 4.31397e-07 2.99086e-06)
(-3.63127e-07 -4.26959e-07 -6.83739e-07)
(2.19192e-07 2.95279e-07 -2.52083e-06)
(-4.97777e-07 -2.01844e-07 -3.24434e-06)
(-2.19588e-07 -3.47114e-07 1.76926e-06)
(4.58936e-07 -4.91237e-08 -3.60702e-06)
(-5.85583e-07 2.18452e-07 1.6725e-06)
(3.4718e-07 1.73621e-07 -1.05072e-06)
(-5.55395e-08 -7.48107e-08 9.90665e-07)
(-1.12649e-07 -4.60156e-07 5.74752e-07)
(9.01323e-08 3.47692e-07 -1.94147e-06)
(5.09554e-07 -4.86026e-07 2.326e-07)
(-5.12454e-08 5.45198e-08 7.48023e-07)
(1.29934e-08 9.0717e-09 -1.01504e-06)
(-2.6986e-07 4.73062e-07 -7.49722e-06)
(3.62434e-08 -1.95347e-07 2.64115e-07)
(3.41852e-07 1.55938e-07 -6.10677e-06)
(-1.79002e-08 -2.36623e-08 1.57676e-07)
(-2.06416e-07 -2.26645e-07 1.95065e-06)
(-6.47219e-08 -1.15676e-07 -3.41401e-06)
(5.39078e-07 -2.93482e-07 -4.87434e-06)
(1.45107e-08 6.02331e-08 -2.02099e-07)
(-4.57913e-07 8.17263e-08 3.06825e-06)
(-3.48857e-07 4.43917e-07 2.46103e-06)
(2.59162e-07 3.77144e-07 9.40226e-07)
(2.06316e-07 1.24102e-07 5.61913e-07)
(9.00234e-08 2.72524e-07 3.83029e-08)
(1.66665e-07 -2.29623e-07 -4.78814e-08)
(2.56131e-07 -3.77193e-07 7.78116e-08)
(3.86396e-08 4.96466e-07 5.59028e-07)
(-1.89776e-07 -1.23219e-07 -1.57401e-07)
(2.01262e-07 -1.5405e-06 3.31859e-07)
(-1.75887e-07 1.25902e-06 2.41639e-07)
(1.47563e-07 -7.91285e-08 -8.0735e-07)
(-2.11813e-07 -7.79508e-07 4.19473e-07)
(2.42493e-07 -3.91864e-07 -3.89321e-07)
(-1.38509e-07 6.1085e-08 7.96569e-08)
(-2.37987e-07 2.29622e-07 2.06469e-07)
(3.50078e-07 -1.27156e-07 -1.52801e-07)
(5.55155e-08 8.26907e-07 2.1654e-07)
(1.42179e-07 -1.3452e-07 -2.22653e-07)
(1.28155e-07 -5.10929e-08 -1.19729e-06)
(-2.85814e-07 2.3553e-07 5.68064e-08)
(-3.70296e-07 -4.96797e-08 3.45208e-07)
(4.28454e-07 -2.01819e-07 -6.10417e-08)
(-6.63989e-08 1.89861e-08 3.03493e-07)
(-1.7993e-07 -2.67496e-08 5.96476e-08)
(1.5833e-07 2.69297e-07 -1.89031e-07)
(-4.30123e-08 -1.49617e-07 9.30095e-08)
(1.54316e-07 7.73927e-08 -2.58202e-07)
(-3.03473e-07 -8.96637e-08 4.95114e-08)
(1.02881e-07 -9.2833e-08 2.04004e-07)
(-8.83733e-09 6.27652e-08 -1.94745e-07)
(-7.02805e-07 -2.25966e-07 -9.76309e-07)
(-4.19554e-07 -5.74647e-07 3.8029e-07)
(-5.53282e-07 3.39455e-07 1.99492e-07)
(5.26962e-07 4.33394e-07 -5.00737e-09)
(-2.70893e-07 -5.41612e-07 1.90999e-07)
(3.32535e-07 5.60991e-07 5.08565e-07)
(-2.82205e-07 9.91156e-08 1.86691e-07)
(3.46684e-07 2.71859e-07 8.24258e-07)
(-2.70768e-07 8.32644e-08 -6.33375e-07)
(9.24526e-08 1.24844e-07 6.16284e-07)
(-2.86754e-07 -4.53269e-07 4.22846e-08)
(-1.00775e-07 3.918e-08 -1.17232e-07)
(-2.03324e-08 -7.07601e-08 -1.04914e-07)
(5.34227e-07 -1.3981e-07 2.63803e-08)
(3.61392e-08 -6.1655e-08 -2.46484e-07)
(1.58226e-07 -3.78023e-07 1.01869e-07)
(9.60673e-08 5.20343e-07 6.05962e-07)
(-7.83845e-08 -5.92621e-08 8.56358e-08)
(3.17588e-07 1.2753e-07 6.66502e-07)
(1.24212e-07 -2.25602e-07 7.36428e-07)
(2.47985e-07 -5.75829e-07 4.05699e-07)
(8.46388e-07 -2.26028e-07 4.05804e-09)
(1.24495e-06 9.02578e-07 1.69745e-06)
(-3.18949e-07 -3.35252e-08 5.24682e-07)
(-3.45317e-07 -3.05691e-07 1.39426e-06)
(2.43173e-07 -2.58493e-07 -4.17647e-06)
(6.47738e-07 -7.0835e-07 2.88197e-06)
(-1.55803e-07 8.7902e-07 -6.48087e-07)
(-6.79148e-07 1.65113e-06 -4.29962e-06)
(5.17892e-08 6.33056e-08 -3.80629e-08)
(2.27773e-07 3.07692e-07 -2.9972e-06)
(3.89169e-07 1.33421e-07 -4.15008e-06)
(6.15136e-08 -2.5228e-08 -3.01991e-08)
(1.38642e-08 1.39249e-07 1.31871e-06)
(-2.11024e-07 4.7132e-07 -5.53026e-07)
(5.29567e-07 -4.47263e-08 1.02122e-06)
(1.75017e-07 1.06667e-07 -5.90206e-06)
(3.46582e-07 -1.64049e-07 1.73703e-07)
(-3.42751e-08 -3.5824e-08 3.16609e-07)
(-1.19976e-08 -2.31049e-07 3.1675e-07)
(-6.44351e-08 8.39933e-08 9.41594e-07)
(-4.15588e-08 1.37364e-07 -1.00542e-07)
(-2.21053e-07 1.10398e-07 4.77448e-08)
(-1.65053e-07 -1.77393e-07 -1.0135e-07)
(4.46196e-07 -1.50198e-07 -1.68135e-07)
(-2.38879e-07 -2.67398e-07 4.50444e-07)
(7.58218e-09 -1.13294e-07 1.98147e-08)
(-1.00708e-07 -2.04326e-07 -1.26411e-08)
(-8.97739e-08 2.70187e-07 -5.64662e-07)
(8.64085e-07 2.49546e-07 9.25167e-07)
(-5.49627e-08 -8.78385e-07 -9.08267e-08)
(-1.46501e-07 -5.59138e-07 -4.32001e-07)
(1.29987e-08 -1.80104e-08 -8.32936e-07)
(1.77494e-07 -1.6472e-07 2.97087e-07)
(-1.44321e-07 5.71177e-07 3.24547e-07)
(1.45072e-07 5.64601e-07 -2.15727e-07)
(5.18396e-08 -2.63983e-07 -9.28025e-07)
(1.2583e-07 -7.99393e-07 -4.29475e-07)
(-6.20247e-07 4.40079e-07 -2.29824e-08)
(-2.71829e-07 -1.95464e-06 1.91967e-07)
(-3.68865e-07 -6.01065e-07 -2.27859e-07)
(-1.14319e-08 3.48733e-07 2.24371e-07)
(-3.72299e-07 3.0095e-07 1.25405e-07)
(-2.15946e-07 2.11896e-07 9.95138e-08)
(-1.05009e-07 1.27206e-07 -4.05356e-07)
(4.27923e-07 1.00174e-07 -3.82795e-07)
(4.40759e-08 -2.26191e-07 1.89369e-07)
(-1.89657e-07 -2.12583e-07 2.94793e-07)
(6.94375e-10 2.8044e-07 3.16995e-07)
(-1.80645e-09 2.04099e-07 -3.7003e-08)
(3.55723e-07 -1.36557e-07 5.19618e-09)
(2.90253e-07 2.84946e-07 -1.01982e-07)
(-4.51043e-07 3.08929e-08 4.85837e-08)
(5.55172e-08 5.11337e-08 -2.40086e-07)
(-4.6345e-08 1.20488e-07 -3.99552e-08)
(-1.28671e-09 1.69333e-07 2.24699e-07)
(3.09837e-07 9.89681e-08 -5.53489e-08)
(8.33006e-08 -3.23255e-07 -1.86147e-07)
(-6.98669e-07 4.09967e-07 -1.31696e-06)
(1.11523e-07 2.77168e-08 9.12805e-09)
(7.71347e-08 -6.51951e-08 1.54248e-06)
(2.05014e-07 -2.49862e-07 1.05358e-06)
(-1.32628e-07 -4.52061e-07 2.92267e-07)
(-1.52791e-07 7.72587e-08 -5.70931e-07)
(2.14584e-07 -5.69226e-08 3.91065e-07)
(-3.17197e-07 1.75366e-07 -5.40157e-07)
(4.32224e-07 1.64806e-06 4.72266e-07)
(-1.50787e-07 -1.14544e-07 2.20348e-07)
(-3.50779e-07 1.83961e-07 4.45125e-07)
(1.60565e-07 2.19813e-08 -1.77225e-06)
(-1.14567e-08 -2.58696e-07 1.28499e-06)
(-2.6045e-07 -2.19539e-07 -1.01599e-07)
(3.38972e-08 9.72972e-07 3.18979e-07)
(1.09704e-07 -6.56656e-07 -5.17677e-07)
(-2.29783e-07 2.92485e-08 -1.52237e-06)
(-7.50624e-08 1.13216e-07 -4.8164e-07)
(-1.15528e-07 -1.96501e-07 6.74955e-06)
(5.63204e-07 -2.35497e-07 -2.78768e-07)
(1.50939e-07 -1.49786e-07 3.6567e-06)
(-1.18086e-08 -1.11365e-07 6.21722e-07)
(-8.79945e-08 -1.83077e-08 6.96878e-07)
(-2.15919e-06 2.9405e-07 1.38598e-06)
(2.18095e-07 2.54275e-09 9.20979e-08)
(3.61971e-07 -1.82337e-07 -6.33017e-08)
(-2.97512e-07 -4.6413e-07 -1.28459e-07)
(-1.61825e-07 5.79433e-08 -3.44275e-07)
(-1.78309e-07 1.06715e-07 -5.85734e-07)
(-1.10967e-07 -2.6405e-07 2.4946e-07)
(-3.36695e-09 -1.3048e-08 1.05146e-06)
(-6.66656e-08 -6.47045e-08 -1.14111e-07)
(1.95064e-07 -7.91554e-09 -1.1971e-07)
(-7.68568e-08 1.03999e-07 4.62708e-07)
(4.02857e-07 2.24891e-08 1.80514e-06)
(1.75733e-07 -1.32007e-07 5.47648e-07)
(1.37598e-07 5.55575e-07 -2.18161e-06)
(-7.18216e-07 -1.00474e-08 9.57484e-07)
(-1.19405e-07 8.65207e-07 1.26244e-05)
(3.27469e-07 8.06186e-07 9.08796e-06)
(-1.79577e-08 -1.1448e-09 -1.36067e-06)
(8.9629e-08 1.32151e-07 -3.18586e-07)
(2.81137e-07 -3.35553e-07 2.70458e-07)
(1.21764e-07 -5.85766e-08 2.45546e-07)
(-6.9449e-08 6.48706e-07 -3.89193e-09)
(-2.34604e-07 -1.93703e-07 4.09989e-07)
(4.36619e-07 1.45981e-10 -7.92994e-07)
(-1.59301e-07 2.68387e-07 5.00887e-07)
(1.18072e-07 -5.31753e-07 -4.44327e-07)
(-1.85835e-07 1.93623e-07 1.77858e-08)
(2.05861e-08 -5.03728e-07 7.84542e-08)
(-4.7281e-07 1.00294e-06 2.78528e-07)
(-1.13003e-07 5.32491e-08 -1.29453e-07)
(4.84483e-07 -9.80712e-08 2.21005e-07)
(-6.36256e-07 2.09106e-06 -2.21132e-07)
(-5.08209e-07 1.08132e-06 -5.40418e-07)
(-6.28876e-08 -1.74832e-07 -2.58099e-07)
(-1.52279e-07 1.24419e-07 -6.63023e-08)
(-2.28736e-07 -1.0102e-07 -5.49738e-08)
(-6.99774e-08 2.48784e-07 1.90103e-07)
(1.7535e-07 2.77126e-07 -2.94769e-07)
(9.38205e-08 5.18752e-07 1.53621e-07)
(-2.75265e-07 -4.43619e-07 3.75665e-07)
(-1.5199e-07 -2.78088e-07 1.62305e-07)
(-1.06062e-07 -2.63052e-08 1.74148e-08)
(-4.40241e-07 1.60109e-07 2.49175e-08)
(1.19028e-07 -1.49204e-08 1.55184e-07)
(-5.87497e-07 2.7652e-07 -1.55979e-07)
(7.96323e-08 -6.39695e-08 5.73572e-07)
(6.68457e-08 -2.18853e-07 -1.08468e-07)
(-2.8618e-08 -4.48127e-07 -1.77692e-08)
(-5.10845e-08 -1.4944e-07 4.72407e-08)
(2.67409e-07 2.73925e-08 3.55074e-07)
(9.68663e-08 -1.33722e-07 -4.10445e-07)
(-2.79582e-07 1.90647e-08 -2.57486e-07)
(-2.91347e-07 1.74729e-07 1.62888e-07)
(1.07781e-07 -2.39019e-07 1.70021e-07)
(-8.7377e-09 2.73783e-07 6.71656e-08)
(6.26892e-08 1.39964e-07 -5.62744e-07)
(-1.95727e-07 2.07277e-07 -3.75547e-08)
(-4.04209e-07 -7.69102e-09 3.88858e-07)
(-2.99613e-07 -1.44672e-07 4.53207e-07)
(3.34345e-07 3.66035e-07 7.51633e-07)
(-9.8474e-08 -6.49313e-07 -1.38838e-06)
(-4.25443e-08 -9.65202e-08 3.45238e-07)
(-3.245e-07 -3.04682e-08 -7.65367e-07)
(2.64928e-07 4.08448e-07 5.94549e-07)
(4.21779e-08 -2.98629e-07 -1.50388e-06)
(-3.87587e-07 -3.34261e-07 1.26735e-06)
(-2.01083e-07 -2.09592e-07 4.28449e-07)
(2.12029e-07 1.86438e-07 -1.15026e-06)
(4.7916e-07 -1.49675e-07 -4.19191e-07)
(-2.37099e-07 2.00382e-07 3.88095e-06)
(1.08531e-07 -1.09797e-07 9.46077e-07)
(0 0 0)
(2.60641e-07 2.55529e-07 -4.29727e-07)
(2.03654e-07 1.93872e-07 -9.43894e-07)
(-2.06498e-07 -1.43887e-07 -3.00796e-06)
(8.05622e-07 -2.99482e-07 -1.48455e-06)
(3.23818e-07 6.08759e-07 -6.61596e-07)
(3.84871e-07 -1.29099e-06 5.95963e-07)
(2.09134e-07 1.55515e-07 1.39545e-07)
(1.46315e-07 -2.24726e-08 -6.77776e-07)
(2.68539e-07 -4.80127e-08 5.52458e-06)
(-3.84362e-08 1.72297e-07 -1.67012e-08)
(-1.49857e-08 -2.71738e-07 2.7249e-07)
(1.80437e-07 3.2338e-08 -1.76252e-06)
(-5.82929e-08 9.69278e-09 3.07473e-07)
(4.47316e-07 -9.53589e-07 2.11243e-06)
(-1.63825e-07 1.11178e-07 -1.12753e-06)
(1.7125e-08 -8.13869e-08 -6.30522e-07)
(3.04231e-08 -3.11959e-08 3.68745e-07)
(1.69557e-07 3.83161e-07 -6.16282e-07)
(-2.84689e-07 -2.0186e-07 1.95614e-07)
(-7.93033e-08 -3.23009e-07 -2.38305e-07)
(2.15808e-07 1.81018e-08 1.37479e-07)
(-1.16493e-07 2.42634e-07 6.41799e-07)
(-6.12771e-09 -6.4175e-08 -3.00848e-07)
(3.61205e-08 1.99272e-07 -1.22598e-07)
(-1.08246e-07 -1.19954e-07 -2.24212e-08)
(-1.72401e-07 -6.13178e-07 -6.97443e-07)
(1.4842e-07 2.18427e-07 6.66777e-07)
(-6.69244e-08 3.30759e-07 -7.46846e-07)
(-3.04032e-07 -3.19492e-07 4.55668e-08)
(-8.81469e-08 -1.09432e-08 2.76788e-07)
(-7.73551e-09 -1.68814e-07 3.26651e-07)
(8.79423e-08 2.63927e-07 5.26515e-09)
(1.56248e-07 4.24617e-08 -1.7225e-07)
(1.24857e-07 -2.39025e-07 2.61531e-07)
(7.4582e-08 3.77777e-07 3.59461e-07)
(1.23775e-07 -1.0041e-07 3.22505e-07)
(-2.1839e-07 -1.5935e-07 -1.82913e-07)
(3.38771e-08 -2.70832e-07 -1.15232e-07)
(-7.42509e-08 3.9071e-08 5.00252e-08)
(7.65131e-09 1.88531e-08 -2.08183e-08)
(-1.49896e-07 -4.73913e-08 9.99767e-08)
(-3.33113e-07 2.92037e-07 -1.05469e-07)
(1.73988e-07 -2.08456e-07 1.48202e-07)
(-2.7229e-07 5.66547e-08 2.27574e-07)
(-2.05052e-07 -3.9395e-08 -2.56644e-07)
(3.09171e-07 2.0273e-08 -7.57381e-08)
(-1.74193e-07 -2.68653e-07 -1.07537e-07)
(-2.03246e-08 -4.45979e-07 -6.82095e-08)
(-2.80526e-08 -2.19274e-07 -1.52295e-07)
(-1.32706e-07 1.83271e-08 1.02041e-07)
(-1.61949e-07 5.12466e-08 5.35879e-08)
(-1.60166e-08 -1.21723e-07 7.33813e-08)
(1.3082e-07 4.86376e-08 -8.01783e-08)
(4.05797e-08 1.82994e-07 2.4086e-07)
(8.51413e-08 -1.70612e-07 9.51204e-09)
(-2.68775e-07 -9.8729e-08 -2.14232e-07)
(-1.05551e-07 1.04436e-07 -2.67793e-07)
(2.62517e-07 -3.45157e-07 -2.95286e-07)
(2.04884e-07 -6.22908e-08 6.70986e-08)
(1.18487e-07 1.63444e-07 2.11858e-07)
(-4.77524e-08 -2.38205e-07 7.10125e-07)
(7.0706e-08 2.61013e-07 -4.7049e-07)
(4.17608e-08 5.21926e-07 -8.7442e-07)
(-3.09077e-07 -1.26379e-06 1.11931e-06)
(-5.234e-08 3.94348e-07 -9.1034e-07)
(1.59821e-07 1.59522e-07 -8.10437e-07)
(3.96441e-08 9.79091e-09 4.9051e-08)
(-1.94122e-07 2.7042e-07 3.00345e-07)
(1.45076e-06 -5.14059e-07 -2.20441e-07)
(-1.86636e-06 -2.19529e-07 1.60967e-06)
(3.90412e-06 1.33765e-06 -7.36879e-07)
(-9.31107e-08 -1.77706e-07 1.8937e-06)
(2.03886e-07 3.77908e-08 2.52636e-06)
(1.12077e-06 3.80241e-07 2.55725e-06)
(1.66506e-07 -2.42674e-07 2.26707e-07)
(-9.86716e-09 1.59397e-07 -8.00356e-08)
(-1.86419e-07 -1.92932e-07 -4.74954e-07)
(-1.8872e-07 7.58243e-07 1.01658e-07)
(-9.11159e-08 -2.27347e-07 2.69142e-07)
(-2.52202e-07 3.20625e-07 -4.01727e-07)
(1.7274e-07 -2.35291e-07 -2.08573e-06)
(-2.33366e-07 6.63747e-08 -2.39485e-07)
(5.68653e-07 -2.24e-07 3.19826e-07)
(-6.07161e-07 -2.72881e-07 2.39285e-06)
(-6.56959e-08 1.16722e-08 -7.64059e-07)
(-2.41143e-08 1.2877e-08 3.16797e-07)
(-3.30758e-07 -7.50026e-08 -7.10202e-07)
(1.42487e-07 -7.13426e-08 1.44193e-07)
(2.26347e-07 2.31116e-07 -4.68657e-07)
(-3.56932e-07 -6.48939e-08 -1.13791e-06)
(-5.22187e-07 2.42613e-07 1.64108e-06)
(-6.19524e-08 -3.47774e-08 3.80775e-06)
(-1.00323e-07 -9.10514e-08 -1.48133e-06)
(-1.46815e-07 -5.72708e-08 -1.77442e-07)
(-3.12634e-07 2.99733e-07 -2.88522e-07)
(-7.92369e-09 -1.40002e-08 6.39778e-07)
(-1.22679e-08 1.885e-07 9.20512e-08)
(3.43222e-07 1.97733e-07 -1.47316e-07)
(1.66669e-08 -2.7374e-07 -2.82146e-07)
(2.1303e-07 3.30792e-09 2.25961e-08)
(-2.57607e-07 -1.8298e-07 -3.9639e-07)
(-1.25671e-07 9.26642e-08 2.32032e-07)
(-2.63882e-07 -5.03528e-08 -3.18289e-07)
(-6.43218e-08 -1.49818e-07 -5.18231e-08)
(9.63092e-08 -1.18406e-08 -3.72939e-07)
(-3.04693e-07 -4.79045e-07 3.01538e-07)
(-1.73937e-07 -4.21834e-08 1.6336e-06)
(8.01019e-08 3.69554e-07 -3.32583e-07)
(4.25281e-08 5.799e-07 -7.90983e-07)
(-1.05225e-07 -2.70983e-07 -6.79388e-08)
(4.04626e-07 5.17829e-08 -7.65017e-07)
(-3.33342e-07 -1.94871e-07 3.05033e-07)
(-6.97818e-08 1.26634e-07 -7.64506e-08)
(1.35889e-08 -2.57992e-07 -3.73105e-07)
(-7.44125e-08 8.26828e-08 3.94511e-07)
(-1.05896e-07 1.10717e-07 1.41659e-07)
(-1.65484e-07 3.24591e-07 2.85888e-07)
(1.80219e-07 2.92151e-07 -4.63208e-08)
(6.73521e-08 -1.34778e-07 3.42498e-08)
(2.94683e-08 -7.93153e-08 5.00468e-08)
(1.71313e-07 -1.23307e-07 3.63732e-08)
(-1.97202e-07 1.36011e-07 -2.88764e-08)
(-1.18668e-07 -4.60844e-08 2.13499e-08)
(-1.15508e-07 -2.34878e-07 2.03793e-07)
(2.14736e-07 -1.47375e-08 2.73953e-08)
(2.68021e-07 1.78591e-07 -2.29665e-07)
(3.16468e-07 4.32434e-07 1.63156e-07)
(-2.17239e-09 -5.40532e-08 7.45121e-09)
(3.83838e-07 -8.41375e-08 1.66458e-08)
(-7.0452e-08 -1.38119e-07 1.6273e-07)
(1.08826e-08 1.26514e-07 -2.68344e-08)
(-3.08872e-08 -1.0062e-07 1.00292e-07)
(9.84859e-08 2.04578e-07 1.68589e-07)
(2.54111e-08 8.77349e-09 -7.90709e-08)
(1.85276e-07 7.93606e-08 3.59244e-08)
(-1.62147e-07 2.18194e-08 -6.10347e-08)
(-6.58395e-08 9.26725e-08 -1.29533e-08)
(4.95148e-08 3.35336e-07 -3.56998e-07)
(-8.57453e-09 -4.04137e-07 -5.4965e-07)
(8.0789e-07 3.66257e-07 -1.39041e-06)
(-4.91534e-08 2.30487e-08 6.72588e-07)
(1.85547e-06 1.95049e-06 -1.32113e-06)
(-1.69948e-09 4.6278e-09 -1.78652e-07)
(-1.59969e-06 2.18655e-07 1.44889e-06)
(-1.24663e-06 -8.83902e-07 -6.93268e-07)
(8.8533e-07 -1.1783e-06 -1.35444e-06)
(-1.16877e-06 -5.43695e-06 1.35234e-06)
(-1.01271e-07 1.96673e-08 -1.18635e-06)
(-4.30226e-07 1.70946e-07 -1.09427e-06)
(-1.80539e-07 -8.71104e-08 2.38408e-06)
(5.12055e-08 -2.43069e-07 -6.97295e-07)
(9.90021e-07 -3.57503e-07 -1.47934e-06)
(4.33859e-07 6.4328e-07 -5.99458e-07)
(-2.54208e-07 -4.54781e-07 -5.53893e-07)
(1.56984e-07 -3.28432e-08 1.46071e-06)
(-3.06293e-07 -1.17922e-07 1.53604e-06)
(6.73603e-07 4.59939e-08 -5.62921e-07)
(-7.48721e-08 -6.54106e-08 5.38242e-07)
(1.13021e-07 5.10223e-07 -2.14718e-06)
(-8.49082e-07 3.24492e-08 2.9827e-07)
(1.78935e-07 -5.70294e-07 7.27983e-07)
(8.3741e-08 7.33289e-08 -7.83943e-07)
(-1.33435e-07 -2.36816e-08 4.6997e-07)
(-1.33339e-07 1.43552e-07 8.62043e-08)
(-7.79111e-08 1.87402e-08 6.20997e-07)
(-3.62912e-07 -2.19677e-07 3.61451e-07)
(-7.87276e-08 -3.33663e-07 -3.31572e-07)
(6.97461e-08 5.99027e-07 8.02872e-07)
(-3.1354e-07 -1.39343e-07 -4.83246e-07)
(-1.6352e-07 -3.29823e-07 -1.44991e-07)
(-1.48304e-07 2.42156e-07 1.35433e-07)
(-1.19336e-07 -3.12086e-07 9.08117e-07)
(-1.27604e-06 -8.63432e-07 -6.18861e-07)
(-7.5726e-08 -2.64599e-07 5.76939e-07)
(-3.93683e-08 1.45677e-08 -5.92203e-07)
(2.90856e-07 3.793e-07 -1.24309e-07)
(-3.4597e-07 1.39505e-07 4.27683e-09)
(4.82046e-08 8.23628e-08 5.3404e-07)
(7.13646e-07 4.07333e-09 -5.6109e-07)
(-1.25073e-07 -1.01147e-07 -4.43452e-07)
(1.43272e-07 2.95509e-08 -1.14916e-06)
(-8.9374e-08 -2.17432e-07 -3.03533e-08)
(-2.48616e-07 1.33244e-07 -3.45803e-07)
(-3.94223e-07 -1.34257e-06 2.0069e-07)
(-4.88845e-07 -1.80359e-08 -4.02802e-07)
(4.83046e-07 -2.1276e-07 -1.02134e-07)
(-5.88241e-07 1.36904e-07 9.35885e-08)
(6.87331e-07 5.63349e-07 -1.17322e-07)
(-1.11164e-07 -4.44368e-07 -4.89662e-07)
(-7.52472e-07 9.51011e-08 -1.22679e-07)
(4.1575e-08 -3.91991e-08 -2.44653e-07)
(1.29197e-07 -7.10448e-08 9.48022e-08)
(-9.20355e-08 2.47206e-08 -7.23961e-08)
(1.36935e-07 1.10537e-07 -1.53463e-08)
(-1.83395e-07 -5.49493e-08 -3.58367e-07)
(-1.28082e-07 7.38658e-08 -8.1322e-08)
(1.09626e-07 9.04323e-08 5.50401e-08)
(2.71881e-07 -2.78339e-07 1.47462e-07)
(1.58978e-07 2.99398e-07 -7.14076e-08)
(-1.14391e-07 5.46075e-08 1.2524e-07)
(7.1471e-08 -6.7077e-08 1.19958e-07)
(-4.34125e-07 -1.37155e-08 3.30948e-08)
(4.86242e-07 4.91043e-07 -1.06884e-07)
(3.07904e-08 5.27268e-08 -2.48592e-08)
(3.65514e-08 2.63048e-08 4.67285e-08)
(2.22947e-08 -9.26454e-08 -9.93663e-09)
(3.80467e-07 3.83361e-07 -5.38943e-08)
(4.58926e-08 -2.40656e-07 -2.12686e-07)
(1.62782e-08 -3.29918e-08 -1.52665e-07)
(9.50046e-08 -5.36168e-07 -2.87869e-07)
(-8.44728e-08 -1.09093e-07 -2.71673e-07)
(-1.61404e-08 -2.44188e-08 1.89889e-07)
(1.41778e-07 -3.81578e-07 -3.81228e-08)
(-5.7391e-08 -1.83913e-08 1.58869e-07)
(-5.38181e-08 -2.15793e-07 7.33581e-07)
(-3.67247e-07 8.17009e-08 1.15748e-06)
(9.91848e-08 -1.68402e-07 -9.12014e-07)
(3.91075e-08 2.8621e-07 -6.4862e-07)
(1.01091e-07 9.6104e-08 6.14372e-07)
(-2.83503e-07 1.08433e-07 -4.35554e-07)
(1.75964e-06 2.18767e-07 -1.39914e-07)
(-5.09677e-07 -9.19355e-07 5.54632e-07)
(9.35169e-07 -3.4312e-07 -1.52557e-06)
(-7.85627e-08 1.36969e-07 -7.69358e-07)
(-3.43838e-07 -1.70238e-08 4.95489e-07)
(-1.21038e-07 -5.96283e-07 -1.59578e-06)
(8.9975e-08 2.05282e-07 2.55253e-06)
(4.36929e-07 9.34318e-08 9.22033e-07)
(-4.26681e-07 -1.28903e-07 8.40837e-09)
(1.02618e-07 1.76613e-07 7.04288e-07)
(-1.93335e-07 3.69715e-07 -2.435e-06)
(-7.2311e-07 4.39153e-07 1.27349e-06)
(2.59307e-08 2.94749e-07 1.01554e-06)
(2.80131e-08 -4.91153e-08 5.54056e-07)
(0 0 0)
(3.92629e-07 -1.98888e-07 -5.90682e-07)
(-2.50468e-07 5.95516e-07 -1.58504e-05)
(4.81602e-08 -1.99514e-08 -3.45559e-08)
(-2.33002e-08 -3.23125e-08 -3.15735e-08)
(7.38134e-08 7.69845e-10 -1.1029e-08)
(6.33546e-08 2.60835e-09 7.02349e-08)
(1.9247e-09 9.82234e-09 -2.22805e-07)
(-1.27263e-07 1.22965e-07 -9.83975e-08)
(1.47941e-07 1.306e-07 2.94239e-08)
(-2.95984e-07 3.08521e-07 1.1277e-07)
(-6.23359e-07 -1.11427e-07 9.80841e-08)
(3.85674e-08 -1.01131e-07 -1.22514e-08)
(-9.73027e-07 -2.11738e-07 -7.8585e-08)
(9.5833e-08 -2.44587e-07 -7.71161e-08)
(3.9925e-07 -1.22693e-06 -1.23607e-08)
(1.65789e-08 3.27812e-07 -1.4837e-08)
(3.39787e-08 -1.87363e-07 8.28626e-08)
(-2.08059e-08 4.95707e-11 1.99952e-07)
(-2.2104e-07 -7.10301e-08 1.52335e-07)
(-5.83252e-08 1.5626e-07 1.43432e-08)
(-8.22291e-08 -3.13076e-07 2.40813e-08)
(4.99919e-07 4.79428e-08 -3.06265e-07)
(-9.48278e-08 -2.0505e-07 5.73938e-07)
(-1.45034e-07 6.09681e-08 3.55721e-07)
(6.80225e-08 2.01622e-07 -6.20758e-07)
(-1.37739e-07 4.9273e-07 2.90359e-07)
(1.2417e-07 1.93432e-07 7.48088e-08)
(-8.55898e-07 2.37778e-07 3.38369e-08)
(7.98918e-08 -4.3888e-07 -1.29127e-07)
(9.71894e-08 -1.47488e-08 1.22302e-07)
(-3.89765e-08 1.80243e-07 -2.71874e-07)
(-1.92318e-07 -2.43113e-07 1.52329e-07)
(2.27999e-07 4.90027e-08 1.09863e-07)
(-1.40773e-07 7.09293e-08 -6.97896e-08)
(-8.59985e-08 -9.05391e-08 -5.08227e-08)
(-2.61727e-08 -6.71346e-08 -4.97317e-08)
(-2.90381e-07 -5.27354e-07 3.89084e-08)
(5.59989e-07 -5.95287e-07 3.46878e-08)
(3.01933e-07 -2.28405e-08 -4.1676e-08)
(6.8997e-08 2.25527e-07 1.33704e-07)
(2.33151e-07 2.3944e-07 -5.28177e-08)
(1.61146e-09 -6.41013e-08 -2.03514e-07)
(3.36084e-10 -3.88604e-08 -1.02828e-07)
(-5.41614e-08 1.93692e-07 2.71691e-07)
(2.11424e-07 3.19939e-08 -1.93662e-07)
(-2.07558e-08 3.26857e-07 -3.9788e-07)
(1.73941e-07 5.1365e-08 -7.52139e-07)
(9.34379e-08 6.67701e-08 -2.84166e-07)
(3.12412e-07 -1.58356e-07 1.3153e-06)
(-2.92803e-07 -1.26175e-07 -1.42418e-06)
(4.30862e-07 -2.36883e-07 -4.36814e-07)
(1.09137e-07 5.72409e-08 3.16395e-07)
(9.35578e-07 -7.10606e-08 4.47303e-07)
(3.09629e-08 -1.00591e-07 -2.35125e-07)
(-1.03824e-07 -3.16616e-07 -4.37959e-07)
(1.46681e-08 4.59623e-07 3.83398e-07)
(4.31358e-08 -4.30888e-08 -4.84995e-10)
(-1.97017e-07 -6.77261e-08 -3.82866e-07)
(-5.50112e-07 -7.66804e-08 2.8557e-07)
(-1.45153e-08 2.19e-07 1.6184e-07)
(2.30902e-08 -1.90563e-07 -8.09437e-08)
(8.86692e-09 -9.53377e-08 -4.1566e-08)
(-3.91158e-08 1.23067e-08 3.18504e-08)
(-1.09227e-07 -3.56985e-08 3.71865e-08)
(2.06275e-07 8.89035e-08 -1.43199e-07)
(-1.12124e-07 3.43553e-08 -4.15966e-08)
(-3.10497e-08 -3.16951e-08 1.82886e-08)
(-8.18953e-08 -5.97735e-08 4.29014e-10)
(-1.04715e-07 -1.23197e-07 3.42626e-08)
(6.05416e-08 -3.11086e-08 5.45577e-08)
(-2.59397e-08 5.98709e-08 -1.29383e-07)
(1.86994e-07 2.46171e-07 4.24405e-08)
(-6.22319e-08 2.84332e-07 -1.62312e-07)
(-2.43224e-07 -8.68116e-08 4.17041e-07)
(-3.47827e-08 -5.01114e-09 -1.95423e-07)
(-7.56048e-07 8.98791e-08 -7.66926e-08)
(7.75162e-08 1.47729e-07 1.63516e-07)
(-1.70994e-08 -1.28812e-07 7.05654e-08)
(6.75586e-08 5.28367e-08 -1.9381e-07)
(1.76992e-07 -2.80379e-09 2.88569e-07)
(3.22938e-07 5.05674e-08 -4.0927e-07)
(1.8503e-07 8.60073e-07 1.36069e-08)
(4.39162e-07 -1.3053e-07 8.54309e-07)
(4.0771e-07 9.13977e-08 -1.51472e-06)
(-4.56566e-07 -2.22515e-07 2.43433e-07)
(2.57917e-07 -1.28098e-06 1.34105e-07)
(-1.43409e-07 -2.04085e-07 5.38749e-07)
(-1.13669e-06 -2.08899e-06 3.31161e-07)
(4.87606e-08 -2.9161e-09 1.63355e-07)
(3.01437e-08 -3.6931e-09 7.34565e-08)
(-1.76027e-07 6.63437e-07 -4.06104e-07)
(2.48798e-08 8.03006e-09 1.96915e-07)
(1.03851e-07 2.5956e-09 1.10168e-07)
(1.04286e-07 6.56925e-08 -9.12156e-08)
(-3.70089e-08 -3.40742e-08 1.11155e-07)
(-2.07247e-07 2.18318e-09 -3.28218e-07)
(3.29253e-07 1.29e-07 2.95174e-07)
(3.66997e-08 -1.60235e-07 -5.85161e-08)
(-9.36283e-08 -1.83669e-08 -3.97068e-08)
(-2.46271e-07 1.36085e-07 -7.59783e-09)
(4.03964e-08 9.78395e-08 1.79216e-07)
(-1.89536e-07 5.99028e-08 6.43091e-08)
(-8.36472e-08 -6.71122e-08 -2.16914e-07)
(1.97885e-07 9.22779e-08 2.23351e-08)
(-3.60033e-08 -3.80906e-08 -3.74061e-08)
(-4.41878e-08 4.08007e-09 -6.66879e-08)
(7.76397e-09 -3.45259e-08 -1.75534e-08)
(-8.58431e-08 -6.51574e-08 -2.05518e-08)
(3.94491e-08 3.47708e-08 1.28903e-07)
(-2.17128e-08 -1.42657e-08 -1.5408e-07)
(-3.90241e-07 -4.06874e-07 1.93698e-07)
(-1.11407e-07 -1.79948e-07 -1.28036e-08)
(3.12007e-08 1.92416e-07 1.20814e-07)
(1.40118e-07 -4.54201e-07 1.47925e-08)
(2.00914e-07 -3.83742e-07 -6.22826e-09)
(1.06389e-07 4.9507e-07 9.30587e-08)
(2.29668e-07 4.5135e-08 9.3123e-08)
(-1.96663e-07 -6.34848e-08 -3.51049e-07)
(1.08261e-07 4.15341e-08 1.44019e-07)
(-3.99262e-08 -1.3728e-07 1.14191e-08)
(-6.67621e-08 -2.44149e-07 -7.94162e-08)
(-1.59136e-07 4.18182e-08 -4.45051e-07)
(3.13342e-08 7.42121e-08 -5.86484e-08)
(1.22671e-08 4.48224e-08 -1.89973e-08)
(-7.77108e-10 1.12238e-07 -4.5967e-08)
(-2.75828e-08 7.03583e-08 -1.01504e-07)
(1.13864e-07 9.87312e-07 2.49594e-08)
(-1.06759e-08 -1.1288e-08 5.30102e-07)
(7.24415e-07 -8.39543e-08 -5.23389e-08)
(-2.47874e-07 -8.23699e-08 -4.88862e-08)
(-1.91385e-07 -1.89256e-07 -2.20369e-07)
(-2.27509e-08 1.74024e-07 -9.08752e-08)
(-1.01734e-07 -2.09509e-07 -5.49223e-08)
(6.46359e-08 3.36833e-08 -7.08636e-08)
(-2.95279e-07 -1.07015e-07 1.05716e-06)
(-3.69517e-07 6.03217e-07 -9.79337e-07)
(2.39993e-07 8.35242e-09 1.7287e-07)
(8.85067e-08 -2.45563e-07 3.43996e-07)
(2.18642e-07 -6.87326e-08 -3.14315e-07)
(-2.19077e-07 4.07179e-08 2.03828e-07)
(-1.32715e-07 3.80908e-08 -1.60885e-07)
(2.54288e-07 -9.88568e-08 1.46738e-07)
(1.75234e-07 -9.68761e-08 -3.72173e-08)
(-4.19927e-08 9.37843e-07 1.29729e-07)
(-1.73086e-07 6.46044e-08 4.67714e-08)
(1.62967e-07 1.22609e-08 1.14424e-07)
(9.55253e-08 3.56201e-07 2.45665e-07)
(-2.6355e-07 1.4241e-07 -3.53438e-07)
(-3.27468e-07 -8.05777e-08 -4.60396e-07)
(1.66807e-07 2.33059e-07 -4.51992e-07)
(2.48213e-07 2.0713e-07 1.3144e-07)
(1.70905e-07 1.54456e-08 1.23368e-08)
(2.25808e-08 -2.44478e-09 1.57128e-07)
(-1.02035e-06 -2.33956e-07 2.69771e-07)
(-6.4617e-07 -4.34792e-07 -1.43888e-07)
(1.76815e-07 -1.24743e-07 -2.50031e-07)
(2.47487e-07 2.58484e-07 -2.7021e-07)
(-5.77994e-08 1.36776e-07 1.12373e-07)
(-2.07735e-07 -1.70279e-07 2.71555e-08)
(2.37464e-07 -1.45649e-08 -1.05205e-07)
(4.33275e-08 -8.55933e-08 1.2572e-06)
(1.09871e-08 5.70201e-08 1.05773e-06)
(6.0609e-08 1.94504e-07 -3.32704e-07)
(-2.45026e-07 1.87077e-07 -3.43878e-07)
(2.51079e-08 -2.07193e-09 -3.46656e-07)
(-5.73735e-08 4.24138e-08 -8.5084e-08)
(-2.48566e-07 -3.42888e-07 2.12434e-08)
(-8.72065e-08 -1.64369e-07 6.26875e-08)
(2.08754e-07 -1.21138e-07 -1.93643e-07)
(8.6355e-08 8.69524e-08 -1.14428e-07)
(-3.78593e-10 1.7906e-07 -4.39619e-08)
(3.29666e-08 8.06558e-08 1.74355e-07)
(7.10536e-08 -4.38837e-08 1.79248e-07)
(-1.29356e-08 1.02541e-07 4.37619e-07)
(-6.66193e-08 3.49501e-08 5.05198e-08)
(6.05485e-08 -1.6623e-07 -5.80086e-09)
(2.03144e-08 5.98681e-08 3.07482e-08)
(1.24062e-07 -2.87926e-08 -6.04486e-08)
(-8.64149e-08 -2.20504e-08 -1.26571e-07)
(-5.95814e-09 1.67697e-08 2.10114e-07)
(-1.06821e-07 -1.74189e-07 5.68359e-08)
(-1.2838e-07 -9.38399e-08 2.72515e-08)
(1.03804e-07 -9.07258e-08 2.66032e-07)
(1.20985e-07 7.60117e-07 3.50501e-08)
(-1.02264e-07 -5.06673e-08 1.96582e-08)
(-4.66054e-08 1.55243e-07 -1.15652e-07)
(-1.60456e-07 -1.85871e-07 -9.53242e-08)
(2.94487e-07 -1.62953e-07 -4.76378e-08)
(4.69923e-08 -2.37613e-07 -1.04592e-07)
(3.38557e-07 -1.68629e-07 -5.52456e-08)
(-1.73839e-08 -1.89818e-07 -1.26353e-07)
(-3.36868e-07 1.9011e-07 -5.65319e-08)
(-3.00383e-07 1.25955e-08 -1.60947e-07)
(-2.99808e-07 2.82369e-07 -3.16503e-07)
(1.3069e-07 1.4063e-07 -2.37578e-07)
(-6.0018e-07 -2.78858e-07 3.6379e-07)
(-2.34653e-07 -8.5933e-08 1.96526e-07)
(-1.26461e-07 1.79028e-07 -1.61059e-07)
(-5.97017e-08 -2.45175e-07 1.42502e-07)
(4.32838e-08 1.987e-07 -2.62093e-07)
(6.50607e-08 1.50371e-07 1.32135e-07)
(2.69844e-07 2.50489e-07 1.35227e-07)
(1.60465e-06 -7.05014e-08 -8.48351e-08)
(1.37833e-07 -1.62343e-07 3.06042e-07)
(-1.81686e-07 -7.35941e-07 5.41633e-09)
(-7.93058e-09 9.17306e-07 -1.55244e-07)
(3.82557e-07 7.6027e-07 -2.44173e-07)
(-5.43268e-07 9.2264e-08 5.74622e-07)
(-5.96552e-08 -5.12659e-08 -5.22615e-08)
(-1.57622e-07 -6.85127e-08 -3.91089e-07)
(1.93107e-07 1.41373e-07 4.33445e-08)
(-1.30702e-07 1.60249e-07 -5.84835e-07)
(-2.50354e-07 -5.48693e-08 1.93221e-07)
(3.9837e-07 -7.14486e-08 8.7491e-07)
(-6.73102e-08 -6.42929e-08 -2.6447e-07)
(1.49103e-07 -8.61788e-08 -5.02857e-07)
(-4.07408e-08 -7.18373e-08 3.49923e-07)
(-2.48734e-07 1.09909e-07 -4.52635e-08)
(2.62059e-07 -1.80161e-07 -1.89738e-08)
(7.2229e-09 1.07302e-09 1.78966e-08)
(2.66379e-08 -7.07164e-08 8.65241e-08)
(9.40966e-09 5.5788e-08 3.51215e-08)
(-1.20161e-07 1.6835e-08 5.16958e-07)
(2.62983e-07 -4.29287e-08 -2.33483e-07)
(-4.80304e-08 -3.14737e-09 2.32302e-07)
(8.77178e-08 2.98027e-07 7.31379e-08)
(1.11949e-07 -1.40189e-08 -1.90691e-07)
(1.04752e-06 9.10362e-07 1.01237e-07)
(-8.77818e-09 -5.92374e-09 9.72279e-08)
(7.77079e-09 -1.75542e-07 -1.35835e-07)
(-9.77009e-09 -1.65807e-07 -8.77443e-09)
(-4.02124e-08 -2.29517e-08 -8.49943e-08)
(-1.55498e-07 2.81824e-08 -6.74227e-08)
(1.06055e-07 6.38089e-08 -3.40405e-08)
(1.10446e-07 1.17288e-07 2.8554e-08)
(8.78633e-10 2.9667e-08 -1.15236e-07)
(4.5764e-08 -7.55766e-08 3.17044e-08)
(-4.12632e-08 -9.95998e-08 -7.40096e-09)
(-2.77456e-08 1.58365e-07 2.12224e-08)
(-8.89779e-08 -2.80645e-07 5.05743e-09)
(7.14487e-08 2.80482e-08 2.07492e-07)
(1.15775e-08 -8.06997e-09 -6.37399e-08)
(-1.06397e-07 1.68001e-08 1.65794e-07)
(7.27205e-08 -3.92366e-08 -1.19113e-07)
(6.35795e-08 -6.25263e-08 9.7468e-08)
(-4.91871e-07 4.89365e-07 -2.81472e-07)
(1.14383e-07 -7.04432e-08 2.7949e-07)
(1.08354e-07 -2.73228e-07 -8.14421e-08)
(3.22455e-08 1.07887e-06 -7.50035e-07)
(-2.50047e-08 -6.94783e-07 1.42338e-07)
(6.1547e-07 -4.15244e-07 -6.734e-08)
(-7.17916e-07 5.61778e-07 -1.8763e-07)
(-3.50104e-07 1.21424e-07 -3.94162e-09)
(-1.19381e-07 -3.87555e-07 1.17295e-07)
(-3.77141e-07 -5.14334e-07 2.63649e-07)
(4.5268e-08 3.00286e-07 1.71689e-08)
(-5.98922e-07 -1.34492e-07 1.44234e-07)
(3.19055e-07 -2.66412e-07 2.64061e-07)
(7.66972e-08 -1.58716e-07 -1.54632e-07)
(-1.48284e-08 -6.94423e-08 1.2419e-07)
(3.14331e-07 2.62177e-07 3.18744e-07)
(1.75508e-07 2.05595e-07 -2.27768e-07)
(-1.21495e-07 -1.2947e-07 3.41373e-07)
(1.75869e-07 -1.0636e-07 -1.26971e-07)
(3.92313e-07 -5.49115e-07 -5.90388e-08)
(1.14096e-07 -8.17732e-08 -6.42244e-08)
(3.22356e-07 -2.97501e-08 -7.81413e-09)
(-1.55697e-07 -1.7539e-07 -7.23677e-08)
(-1.8746e-07 -5.30266e-07 3.8065e-08)
(1.05285e-07 -1.34033e-07 1.90615e-07)
(-3.47456e-07 -1.1428e-07 3.36232e-07)
(-1.98853e-08 2.16677e-07 -4.25053e-07)
(8.75027e-08 -7.70858e-08 1.6571e-08)
(7.1453e-07 -3.56267e-07 -1.33125e-07)
(1.42906e-07 1.00201e-07 -3.00225e-07)
(-2.22504e-07 -6.56909e-07 1.68241e-07)
(7.50213e-08 4.31079e-07 6.20848e-07)
(-4.02275e-07 2.5095e-07 1.31747e-07)
(3.64111e-07 1.41808e-08 7.99807e-08)
(-3.73175e-07 1.17664e-07 -4.19917e-08)
(-1.52983e-07 -2.69028e-07 4.11761e-07)
(1.34632e-07 9.45223e-08 -9.57627e-07)
(3.714e-07 -1.56708e-08 -2.63215e-08)
(-3.98062e-07 -5.85468e-08 9.39563e-07)
(1.37127e-07 -2.00828e-07 -9.52711e-07)
(6.58469e-07 -2.38351e-10 -7.95163e-07)
(2.10744e-07 5.53796e-08 3.39692e-07)
(5.60103e-07 -8.27469e-07 2.63969e-07)
(-2.67578e-08 -3.32264e-07 -3.27773e-07)
(1.84073e-08 4.77033e-08 -6.81554e-08)
(3.4406e-08 6.27111e-08 6.27539e-08)
(-1.43483e-08 -9.75228e-08 9.46445e-08)
(-1.75062e-07 5.76949e-08 9.17707e-09)
(1.5334e-07 -9.53946e-08 1.34904e-08)
(1.41807e-08 -7.37511e-08 -3.4249e-08)
(-5.15202e-08 7.14603e-09 5.16369e-08)
(-9.32444e-08 -5.9748e-08 -1.01804e-07)
(9.92702e-09 7.66304e-08 3.31235e-08)
(-5.52729e-08 1.36437e-09 5.45145e-08)
(4.47952e-08 1.70074e-08 -1.20158e-07)
(-3.25143e-08 5.6921e-08 4.68912e-08)
(-3.33538e-08 -4.95359e-09 3.76912e-09)
(-1.58405e-07 -1.71303e-08 6.21496e-08)
(-1.5504e-09 -4.3564e-09 2.04289e-08)
(-7.45071e-09 6.76093e-08 3.03219e-08)
(2.17157e-07 -3.44906e-08 1.67709e-07)
(1.49086e-07 6.89837e-08 -1.70481e-08)
(1.62447e-07 -1.26653e-07 -8.86229e-08)
(7.30673e-08 -7.57942e-08 -8.88746e-08)
(-2.52209e-07 -5.7243e-08 -4.64574e-09)
(5.59614e-08 1.2297e-07 1.21657e-07)
(-7.37689e-09 6.81247e-08 1.50502e-07)
(1.19976e-07 -1.84495e-08 2.09003e-07)
(1.17527e-07 2.5602e-08 -1.59062e-07)
(4.93726e-08 9.16571e-08 2.45625e-08)
(-8.94716e-08 3.45617e-08 1.42806e-08)
(1.20298e-07 1.60953e-07 -2.66228e-08)
(6.8472e-08 2.20832e-07 4.47039e-08)
(-2.91364e-07 1.57431e-08 -2.98732e-07)
(3.30874e-09 7.05586e-07 -2.22841e-07)
(1.65084e-08 1.59781e-08 -1.73517e-07)
(-4.81283e-07 -4.1267e-07 1.70025e-07)
(-1.03689e-07 2.25924e-08 -2.99703e-07)
(-1.32955e-07 -1.54634e-08 -8.08435e-10)
(-4.05799e-07 1.09565e-07 -2.45125e-07)
(3.38662e-08 -7.32839e-08 2.44816e-07)
(-6.77326e-08 -4.89039e-07 -1.60684e-07)
(1.46134e-07 -1.82709e-07 -2.04203e-07)
(8.92504e-08 -1.49571e-07 -1.99677e-08)
(-3.5099e-09 1.33818e-07 4.51593e-07)
(6.12522e-08 4.06426e-08 2.01833e-07)
(-6.5572e-08 -2.29052e-08 4.27164e-07)
(9.33401e-08 -4.621e-09 5.22344e-07)
(-6.13046e-09 -2.05054e-08 -2.11763e-07)
(1.24742e-07 -2.02173e-07 -2.21213e-07)
(-6.0431e-08 1.16436e-06 8.29978e-08)
(5.83691e-08 -2.05046e-08 -2.84148e-08)
(-4.6606e-07 -1.02107e-08 -5.53402e-07)
(-2.47812e-08 1.53835e-08 -4.47434e-07)
(2.79302e-08 -5.08344e-08 -2.61341e-07)
(2.42487e-07 2.0564e-07 -5.21822e-07)
(-1.2579e-07 -1.83379e-07 3.67066e-07)
(1.97748e-07 1.99429e-07 4.52069e-08)
(-1.92017e-07 7.83014e-08 2.48747e-08)
(8.38801e-08 -1.86009e-07 3.70846e-07)
(-3.67578e-07 -9.27379e-08 -8.64128e-08)
(1.2479e-07 4.4082e-08 1.65277e-07)
(1.28871e-06 9.53318e-07 1.5787e-07)
(1.03692e-07 1.20111e-08 -3.17204e-07)
(1.41593e-07 4.68637e-07 1.37283e-07)
(-2.43415e-07 1.24819e-08 -4.72291e-07)
(9.24567e-08 2.17129e-07 2.62029e-07)
(3.2132e-07 -1.74055e-07 2.74362e-07)
(1.57494e-07 -1.96066e-07 3.00368e-08)
(-2.24302e-07 4.4792e-07 -6.26827e-07)
(-9.00151e-08 2.59018e-07 -3.75231e-07)
(4.78634e-07 -2.04799e-07 -2.99977e-07)
(-1.05312e-06 -1.05104e-07 6.82002e-08)
(-9.56391e-08 -1.63335e-06 -3.22821e-07)
(-5.9974e-07 -5.5771e-08 9.21736e-07)
(-2.9338e-07 -1.57755e-07 6.79206e-07)
(4.42676e-07 -4.61002e-07 3.29223e-07)
(-8.06302e-07 3.16923e-07 7.81274e-07)
(4.24959e-07 -5.31027e-08 1.65511e-08)
(-1.26784e-07 9.96509e-07 -4.28284e-08)
(2.64634e-07 5.37403e-07 -1.01294e-06)
(3.62864e-07 -5.95442e-07 -9.96274e-08)
(-2.60052e-07 6.93603e-08 9.66464e-07)
(-3.61891e-07 1.65913e-06 1.61775e-07)
(5.08132e-08 -4.53151e-07 -1.06619e-06)
)


// ************************************************************************* //
