/*--------------------------------*- C++ -*----------------------------------*\
  =========                 |
  \\      /  F ield         | OpenFOAM: The Open Source CFD Toolbox
   \\    /   O peration     | Website:  https://openfoam.org
    \\  /    A nd           | Version:  8
     \\/     M anipulation  |
\*---------------------------------------------------------------------------*/
FoamFile
{
    version     2.0;
    format      ascii;
    class       vectorFieldField;
    location    "0/lagrangian/kinematicCloud";
    object      collisionRecordsWallData;
}
// * * * * * * * * * * * * * * * * * * * * * * * * * * * * * * * * * * * * * //


3300
(
0()
1((1.306e-24 4.53683e-08 4.60875e-09))
2((8.16698e-25 -2.46418e-07 -4.03123e-09) (0 0 0))
1((0 0 0))
1((9.11418e-27 8.33341e-09 2.86566e-09))
0()
2((-1.36711e-23 -1.11379e-07 4.82573e-11) (0 0 0))
2((-5.54984e-25 -9.30352e-08 1.09264e-08) (0 0 0))
0()
0()
2((2.3716e-27 -2.98229e-08 -1.89502e-09) (0 0 0))
2((2.45886e-23 -1.07465e-07 1.06021e-08) (2.47074e-10 3.77774e-09 0))
1((0 0 0))
1((-1.47249e-09 2.15329e-09 -1.18736e-24))
1((1.17472e-23 -1.15813e-07 2.06457e-09))
1((0 0 0))
1((4.13229e-09 1.15973e-09 4.99018e-25))
2((-9.71271e-25 -2.1687e-08 -7.79394e-09) (7.0945e-10 2.05569e-09 -1.01161e-25))
2((7.28872e-25 -6.29166e-08 -9.278e-09) (-6.86547e-10 4.48583e-09 7.55384e-26))
1((3.15151e-25 2.47287e-08 -1.02138e-09))
1((3.51086e-24 9.97391e-10 -4.35218e-09))
2((5.29379e-26 -2.03092e-08 -1.81479e-09) (0 0 0))
2((-2.7424e-24 2.88204e-08 3.22138e-09) (0 0 0))
0()
1((0 0 0))
0()
0()
0()
0()
1((-4.89532e-24 -9.93876e-08 8.51329e-09))
0()
0()
0()
1((-3.0594e-27 -5.71539e-08 1.32362e-09))
2((-6.93746e-09 -1.37406e-08 6.88297e-24) (5.63057e-08 -3.25081e-08 2.19709e-09))
2((-4.19738e-07 2.42336e-07 -1.98442e-09) (1.90788e-09 -1.53878e-08 3.45058e-26))
2((6.54764e-08 -3.78028e-08 -1.54144e-10) (-2.17972e-09 -2.77418e-10 1.74877e-25))
1((-6.60753e-10 1.12334e-09 2.321e-25))
0()
2((1.63592e-24 2.47591e-08 -4.573e-09) (-1.29968e-09 4.38863e-09 1.21475e-25))
0()
1((-9.0513e-09 1.92493e-09 -5.00833e-24))
1((0 0 0))
1((5.72398e-23 2.9967e-07 -9.51309e-09))
1((-1.35287e-08 6.46157e-09 1.54367e-24))
1((8.1846e-09 -2.23109e-09 -7.012e-25))
1((-2.389e-23 -3.17517e-08 -1.24586e-09))
2((4.44679e-24 -1.08778e-09 -1.56261e-08) (0 0 0))
2((4.69959e-24 -1.03032e-08 -3.6062e-09) (-1.99563e-09 3.89512e-09 1.01274e-25))
1((0 0 0))
0()
1((-6.07904e-24 -2.54462e-07 1.15737e-08))
1((3.58625e-23 2.79589e-09 1.04646e-08))
1((-7.92321e-09 9.60875e-09 -6.79473e-25))
1((9.92932e-09 1.16707e-08 -4.4151e-25))
2((1.22147e-24 -1.0506e-08 1.79988e-08) (2.18447e-09 -1.34465e-08 1.22789e-25))
2((6.07997e-24 3.92192e-08 1.32702e-08) (-1.4381e-09 3.24533e-09 5.11052e-26))
0()
1((0 0 0))
2((-6.48241e-25 -1.43235e-07 -5.76206e-09) (-7.86825e-10 5.65031e-09 -1.78929e-23))
1((0 0 0))
0()
2((-4.31923e-24 4.97816e-08 -2.13409e-09) (0 0 0))
2((-1.29415e-24 -6.28285e-08 -1.48368e-08) (0 0 0))
0()
1((1.91208e-25 -4.12798e-08 3.41936e-09))
0()
0()
1((0 0 0))
1((0 0 0))
0()
1((4.47572e-09 -3.33791e-09 -1.57536e-25))
1((-2.73589e-09 -1.83013e-09 0))
1((0 0 0))
0()
0()
0()
0()
1((0 0 0))
1((0 0 0))
1((3.23842e-09 2.83138e-09 0))
0()
0()
0()
1((0 0 0))
0()
1((0 0 0))
1((0 0 0))
0()
0()
0()
0()
0()
1((0 0 0))
1((0 0 0))
1((0 0 0))
0()
0()
0()
0()
1((1.86604e-25 1.76411e-08 3.14522e-11))
0()
0()
0()
0()
2((-1.80137e-07 1.04002e-07 -3.7876e-08) (-3.15589e-09 -4.49312e-09 7.04674e-25))
1((-4.34964e-09 2.57193e-10 -1.3483e-24))
1((3.07636e-09 -2.68256e-09 1.06353e-24))
1((1.72458e-09 2.01073e-09 1.47072e-25))
1((1.93126e-10 -6.75698e-11 0))
1((-3.58952e-09 -7.10694e-10 -6.85969e-25))
1((5.14497e-09 1.02676e-08 -8.91547e-25))
1((-1.19868e-09 -2.87785e-09 -2.77184e-25))
0()
0()
1((6.04646e-09 1.08715e-08 -1.75708e-24))
0()
0()
1((6.40022e-09 -1.01219e-08 1.86656e-24))
1((0 0 0))
1((5.22787e-09 -5.33188e-09 -2.23181e-25))
1((7.04075e-09 -4.12882e-09 -1.22347e-24))
1((6.39594e-10 -1.52776e-09 -1.05824e-25))
1((6.50646e-11 -7.18922e-10 0))
1((7.43518e-09 -1.36331e-08 0))
1((-4.02756e-09 -4.08181e-09 0))
1((7.75013e-09 -1.02759e-08 0))
1((2.04542e-10 4.12669e-09 1.57486e-25))
1((-8.46125e-10 -1.62264e-09 0))
0()
1((0 0 0))
1((0 0 0))
1((0 0 0))
0()
0()
0()
0()
1((3.40326e-10 3.31571e-09 0))
1((0 0 0))
1((0 0 0))
1((0 0 0))
1((0 0 0))
0()
1((0 0 0))
0()
1((0 0 0))
1((1.39188e-09 5.25406e-09 0))
1((-3.27996e-09 3.03282e-09 0))
1((0 0 0))
0()
0()
0()
1((0 0 0))
1((0 0 0))
1((0 0 0))
1((6.30447e-09 -1.85552e-09 0))
0()
0()
0()
0()
0()
0()
0()
0()
1((-2.63924e-09 -3.75701e-09 0))
0()
0()
1((0 0 0))
0()
0()
0()
0()
0()
0()
0()
1((0 0 0))
2((6.32871e-09 -3.65388e-09 5.20728e-09) (6.45768e-10 -5.63176e-09 -7.72347e-26))
2((-9.94379e-08 5.74105e-08 -4.42413e-09) (-5.10389e-09 -4.86253e-09 -7.2146e-25))
1((-9.45517e-10 7.91495e-10 -2.00638e-24))
1((-6.20773e-09 6.91687e-10 5.92132e-27))
1((-2.8384e-09 -3.98712e-09 1.09903e-25))
1((1.59365e-09 -3.26197e-10 0))
1((-7.26641e-09 -8.61141e-09 4.0297e-24))
0()
1((4.57375e-09 -2.24869e-08 -7.9647e-25))
1((2.22937e-09 -2.38823e-09 0))
1((2.21326e-09 -6.24761e-09 -1.35746e-24))
1((-2.07601e-08 2.65206e-10 6.26885e-24))
0()
1((0 0 0))
1((0 0 0))
0()
0()
1((7.01231e-09 8.74957e-09 1.31848e-24))
1((-1.01336e-09 6.31138e-09 1.54816e-25))
1((7.04617e-09 -1.91776e-08 -1.67342e-24))
1((1.31644e-08 -7.70573e-09 5.87673e-25))
1((0 0 0))
1((5.12693e-09 6.70657e-09 0))
0()
1((5.62051e-09 -9.29959e-09 -1.22028e-25))
1((0 0 0))
1((-6.38775e-09 5.79104e-09 0))
1((0 0 0))
1((4.62492e-09 -6.0169e-09 0))
1((0 0 0))
1((0 0 0))
1((-8.74842e-09 -1.3848e-08 5.07587e-24))
1((-4.7055e-09 -7.2055e-09 0))
0()
0()
0()
1((0 0 0))
1((6.13592e-10 4.19055e-09 -7.20705e-25))
1((0 0 0))
0()
1((-1.37642e-09 -2.35764e-09 0))
1((-1.10393e-09 -4.83429e-09 -4.50813e-25))
0()
1((2.73045e-09 1.57915e-09 0))
1((-9.83503e-10 9.78446e-10 0))
0()
1((0 0 0))
1((0 0 0))
0()
1((0 0 0))
1((2.99766e-09 7.25895e-09 -1.71819e-24))
1((-4.10514e-09 -8.84068e-09 0))
1((-2.57199e-09 -1.16813e-08 0))
1((2.17856e-09 7.21504e-09 0))
1((0 0 0))
1((0 0 0))
1((0 0 0))
1((0 0 0))
0()
0()
0()
1((0 0 0))
1((2.06719e-09 6.08621e-09 0))
0()
1((0 0 0))
0()
0()
0()
0()
0()
0()
2((3.20035e-07 -1.84772e-07 1.15072e-08) (4.04748e-09 -7.33767e-09 4.52012e-24))
1((-1.20972e-08 1.11788e-08 -7.43433e-24))
1((-4.7015e-09 -1.77577e-08 -9.85382e-24))
0()
1((-6.39083e-10 -9.21515e-09 1.47023e-24))
1((1.02809e-09 -4.59685e-09 1.6187e-25))
1((4.84626e-09 -5.35819e-09 0))
1((-2.94442e-09 -1.59589e-09 0))
1((-1.27281e-08 -2.44447e-09 0))
1((-5.06776e-09 8.72079e-09 -4.20456e-24))
0()
1((-1.02935e-08 1.4452e-08 2.28033e-24))
0()
1((-3.37545e-09 4.26388e-09 0))
1((-5.09112e-09 -3.80862e-09 0))
1((-1.33223e-08 6.30179e-09 -3.73844e-24))
1((-1.28836e-08 6.23138e-09 -3.62738e-24))
1((-3.01136e-09 2.47913e-10 0))
0()
0()
1((-3.68304e-09 -4.44342e-09 0))
0()
1((-5.94062e-09 -8.29444e-09 0))
1((-2.31e-09 -2.06111e-09 0))
1((6.07889e-10 -1.35916e-09 0))
0()
1((0 0 0))
0()
1((0 0 0))
0()
1((0 0 0))
1((-2.54536e-09 -1.21364e-09 -2.93464e-24))
0()
0()
1((0 0 0))
0()
0()
1((1.39169e-09 6.57641e-09 0))
1((1.8609e-10 -2.69577e-09 0))
0()
1((2.07029e-09 -1.0832e-09 0))
0()
1((1.90778e-09 -3.34919e-09 0))
0()
0()
1((0 0 0))
1((0 0 0))
1((0 0 0))
1((6.41421e-09 9.07025e-10 0))
1((3.55735e-09 -7.3619e-09 0))
1((0 0 0))
0()
1((4.26586e-10 5.38389e-09 0))
1((0 0 0))
0()
0()
0()
0()
0()
0()
0()
1((0 0 0))
1((0 0 0))
0()
0()
0()
0()
0()
0()
0()
0()
1((3.97629e-09 -2.29571e-09 3.68195e-09))
0()
1((-4.32282e-09 5.14261e-09 -1.17916e-25))
1((2.40063e-08 -2.44077e-08 1.30743e-24))
1((-1.67515e-09 -2.31149e-08 -9.65615e-25))
1((-1.60591e-08 7.23967e-10 -2.84142e-24))
1((-2.02702e-08 -9.8067e-09 -4.3609e-25))
1((3.64528e-09 -4.76165e-09 -7.64852e-26))
1((1.16448e-09 2.65722e-09 -4.30968e-24))
1((-1.22629e-08 7.64783e-10 -4.35803e-25))
1((-3.79734e-09 -1.6236e-09 0))
1((1.77702e-08 -2.7204e-09 0))
1((-2.27159e-09 -2.05327e-08 5.93563e-24))
1((1.73398e-09 -3.43809e-09 4.36893e-25))
1((4.32803e-09 -2.15211e-10 -6.50966e-25))
1((-1.38647e-08 -1.14719e-08 0))
1((-8.38672e-10 -1.83941e-10 0))
1((3.66606e-09 -1.51963e-08 9.6087e-25))
1((-1.00701e-11 -1.77385e-08 0))
1((2.27598e-09 -1.8477e-08 0))
1((-5.13848e-09 -4.83454e-09 0))
1((-1.27314e-08 -4.55961e-09 -3.74511e-24))
1((-4.5255e-09 -1.5227e-09 0))
0()
0()
1((0 0 0))
0()
1((-4.18151e-09 -5.86946e-09 -1.50904e-24))
0()
1((0 0 0))
1((7.03586e-09 1.36811e-09 0))
0()
1((-1.71894e-09 -1.36236e-09 0))
1((-4.98146e-09 -3.44944e-09 -9.98406e-25))
1((-2.97528e-10 4.80275e-10 0))
1((0 0 0))
1((0 0 0))
0()
1((7.87983e-10 1.32177e-09 0))
1((0 0 0))
1((3.77147e-09 -1.19771e-09 0))
0()
1((4.21457e-09 -2.32806e-09 0))
1((0 0 0))
1((3.51221e-09 -1.38926e-09 0))
1((0 0 0))
1((0 0 0))
0()
1((9.85893e-10 -6.43473e-09 0))
1((2.84121e-09 -1.61131e-09 0))
1((5.59517e-09 -7.36293e-09 0))
1((1.90954e-10 -1.68127e-09 0))
1((0 0 0))
1((4.26756e-09 1.35945e-10 0))
1((0 0 0))
1((3.24625e-10 -3.15599e-09 0))
1((4.5867e-09 4.42328e-09 0))
1((-1.01866e-09 1.01195e-09 0))
0()
0()
0()
1((8.29782e-09 1.36703e-09 0))
1((6.22125e-09 -8.61888e-10 0))
1((0 0 0))
0()
0()
0()
0()
0()
0()
0()
1((-5.14064e-10 2.96795e-10 -4.96752e-10))
2((3.72119e-08 -2.14843e-08 -4.36241e-08) (0 0 0))
1((1.95917e-08 -1.13113e-08 -1.51531e-09))
0()
1((6.55664e-10 6.51109e-09 1.78482e-24))
1((1.97705e-08 -5.51066e-09 -2.10724e-24))
0()
1((-1.00285e-09 -2.33259e-09 1.99384e-24))
1((-1.07351e-08 -4.35171e-10 -3.0453e-26))
0()
0()
0()
1((7.18522e-09 -3.37058e-09 0))
1((5.02483e-09 1.71517e-08 8.04327e-24))
1((1.57326e-08 1.47831e-08 -1.29396e-24))
1((-1.03607e-09 -2.94259e-09 0))
1((0 0 0))
1((5.58152e-09 -2.10978e-09 0))
1((4.17965e-09 3.2923e-09 0))
1((6.62432e-09 -5.02057e-09 1.13974e-24))
0()
0()
0()
0()
1((9.03971e-09 2.48338e-09 -1.71848e-25))
1((-8.03669e-09 1.44211e-09 1.62685e-24))
1((7.11904e-09 7.33962e-10 -1.1104e-24))
1((-1.2182e-09 1.84666e-09 0))
1((0 0 0))
1((0 0 0))
0()
1((1.64697e-08 6.23695e-09 0))
1((-1.73529e-09 -1.63079e-09 0))
0()
1((0 0 0))
0()
0()
0()
1((9.35908e-10 -4.02884e-10 0))
1((8.5494e-09 8.98711e-09 0))
1((0 0 0))
1((-7.44503e-10 -1.25541e-08 -6.08936e-25))
0()
0()
1((0 0 0))
1((0 0 0))
1((0 0 0))
1((-1.48633e-09 -7.83253e-09 0))
1((0 0 0))
1((5.70619e-09 -4.18287e-09 0))
1((9.44859e-10 -7.51116e-09 0))
1((-3.54496e-09 -8.89869e-09 0))
1((3.70312e-10 -4.37314e-09 0))
1((-4.18862e-09 -3.94168e-09 0))
1((-3.92702e-09 -2.08799e-09 0))
1((-2.19416e-09 -3.34082e-09 0))
1((0 0 0))
1((2.98506e-09 -1.94712e-10 0))
0()
1((2.85756e-09 8.67136e-09 0))
0()
0()
0()
0()
0()
1((0 0 0))
0()
0()
0()
0()
0()
2((2.86951e-07 -1.65672e-07 1.42104e-08) (5.10195e-09 -2.77835e-09 0))
1((-1.35711e-08 -5.37008e-09 0))
0()
1((-1.7985e-08 -4.83053e-09 -1.20703e-23))
0()
0()
1((1.51469e-08 -2.00373e-08 -8.9993e-24))
1((1.70691e-10 -1.37808e-08 -9.92609e-25))
1((5.95856e-09 -9.2504e-09 -2.77389e-24))
0()
1((1.22464e-09 1.63262e-08 3.21199e-24))
1((1.59412e-09 -1.8817e-08 -1.88909e-24))
1((-4.88174e-09 -3.40705e-09 4.17388e-25))
1((-8.78243e-09 -4.43569e-09 3.79444e-25))
1((0 0 0))
1((1.79646e-08 -1.7835e-08 3.33348e-24))
0()
1((4.11866e-10 -4.86718e-09 0))
0()
1((0 0 0))
1((0 0 0))
1((0 0 0))
0()
1((-9.08384e-09 -5.8057e-09 0))
1((8.33762e-09 -8.98752e-09 0))
1((6.10047e-09 -4.49279e-09 0))
1((7.3172e-11 -1.30114e-09 0))
1((0 0 0))
1((-1.59948e-08 -6.50188e-09 0))
1((3.21882e-09 -5.48021e-09 4.62611e-24))
1((0 0 0))
1((-6.78941e-09 -2.80175e-09 0))
1((1.67752e-09 -3.09929e-09 0))
1((-7.98119e-09 -2.42469e-09 0))
1((-2.54993e-09 -1.75681e-09 0))
0()
0()
0()
1((-9.16647e-10 -3.04042e-09 0))
1((6.58164e-09 -3.18433e-09 1.04862e-25))
1((6.21842e-09 -2.26548e-09 0))
1((-2.28811e-10 -3.92922e-09 0))
1((0 0 0))
0()
1((0 0 0))
1((0 0 0))
1((0 0 0))
1((1.09221e-09 -5.91156e-09 0))
1((-4.02562e-10 -2.68059e-09 0))
1((0 0 0))
1((3.00103e-10 -1.14985e-08 0))
1((0 0 0))
1((-3.3879e-09 -1.68041e-09 0))
0()
0()
1((6.70451e-09 -1.52389e-08 3.25943e-24))
1((-8.7854e-09 -1.32543e-08 0))
1((1.93289e-09 -4.55774e-09 1.12735e-24))
0()
0()
0()
0()
0()
0()
1((0 0 0))
0()
0()
0()
0()
0()
0()
1((1.46175e-07 -8.43942e-08 5.84038e-09))
1((0 0 0))
1((7.22841e-09 -1.96156e-08 -1.43755e-24))
0()
1((3.08053e-08 2.26469e-08 2.33954e-24))
0()
1((2.57741e-08 -1.83976e-08 1.55314e-25))
1((-6.51945e-09 4.48053e-09 -3.43337e-24))
1((-2.76306e-09 -4.35502e-10 -1.64954e-25))
1((4.04294e-09 -1.90647e-09 1.79978e-25))
1((0 0 0))
1((0 0 0))
1((2.54366e-09 -6.95287e-09 6.9606e-25))
1((5.77286e-09 -1.98936e-08 -3.21973e-25))
1((-6.80724e-09 -1.08725e-08 9.74138e-24))
0()
1((-5.69984e-09 -3.0209e-08 3.408e-23))
1((1.0535e-08 -1.3419e-09 -1.05676e-23))
0()
1((8.41467e-09 2.28657e-09 0))
1((-7.10044e-09 -1.47161e-09 1.4637e-24))
1((-7.7674e-09 9.45195e-09 2.00293e-24))
0()
0()
1((0 0 0))
1((0 0 0))
1((-4.24421e-09 -3.40371e-09 0))
1((-9.27816e-09 6.27194e-09 2.47613e-24))
1((8.90948e-10 -1.89243e-08 2.7732e-24))
1((0 0 0))
1((-3.715e-09 -1.57131e-09 0))
1((0 0 0))
0()
0()
1((-7.45562e-10 -8.90859e-09 0))
0()
1((8.31072e-11 -2.18112e-10 0))
1((-9.9226e-09 -3.91459e-09 1.09073e-26))
1((0 0 0))
1((-1.20426e-08 -1.13517e-08 1.08019e-25))
1((9.60415e-09 -1.36691e-08 0))
1((4.48157e-10 -1.08486e-08 0))
1((3.03374e-09 -1.23546e-08 0))
1((2.2706e-10 -5.40088e-09 -5.18016e-25))
1((5.14232e-09 -9.11369e-09 0))
1((8.23144e-09 -1.0843e-08 0))
0()
0()
0()
1((0 0 0))
0()
1((0 0 0))
1((1.5094e-09 -6.47472e-09 0))
1((0 0 0))
1((0 0 0))
1((0 0 0))
1((2.38208e-09 -1.90334e-09 0))
1((2.91744e-09 -2.28613e-09 0))
0()
1((0 0 0))
0()
0()
1((0 0 0))
0()
0()
0()
0()
0()
0()
1((0 0 0))
0()
1((1.07781e-07 -6.22273e-08 -1.07335e-09))
1((4.32009e-09 -7.42885e-10 0))
1((0 0 0))
1((0 0 0))
1((3.94228e-09 -1.02741e-08 1.61339e-23))
1((2.09914e-08 -2.61071e-08 0))
1((5.46161e-09 -4.15172e-10 0))
1((2.76534e-10 -4.43245e-09 0))
1((-5.34879e-09 -1.60086e-08 -5.28067e-24))
1((-3.56523e-10 -1.83982e-09 0))
1((2.85664e-09 -6.34476e-09 0))
1((0 0 0))
0()
1((3.99354e-09 -1.48991e-08 7.76058e-25))
1((9.30116e-09 -1.72595e-08 3.52438e-24))
0()
1((4.40645e-09 -1.38012e-09 -8.01572e-25))
1((-7.97382e-09 -1.61914e-08 2.80248e-24))
0()
1((1.21471e-09 -8.55601e-10 -5.62401e-24))
1((-1.29121e-08 -1.08437e-08 8.59076e-24))
1((-1.04466e-09 -8.00963e-09 0))
1((6.10972e-09 -1.03123e-08 1.03968e-24))
0()
1((-3.36022e-09 3.64023e-10 0))
1((1.76826e-09 -1.13937e-08 0))
0()
0()
1((0 0 0))
1((9.68319e-09 -1.83193e-09 0))
0()
0()
1((0 0 0))
1((-5.76883e-09 -1.80601e-08 1.05115e-24))
1((-9.62771e-09 -3.32118e-09 1.49289e-23))
1((0 0 0))
0()
1((-1.23637e-09 -1.76998e-08 1.1543e-23))
1((-1.80506e-08 -1.58413e-08 0))
1((4.81084e-09 -2.39556e-08 0))
1((0 0 0))
1((1.57456e-09 -4.77185e-09 0))
1((0 0 0))
0()
1((2.2877e-09 -6.36092e-09 0))
1((1.39077e-09 -5.16169e-09 0))
1((1.40962e-09 -5.32159e-09 0))
1((0 0 0))
1((3.18735e-09 -3.66348e-09 0))
0()
1((7.20154e-09 -8.21253e-09 0))
1((0 0 0))
1((-2.05504e-09 -6.0096e-09 0))
1((4.08858e-09 -4.52953e-09 0))
0()
1((0 0 0))
1((-8.11189e-09 1.06077e-09 0))
1((-1.85965e-09 3.10733e-09 0))
0()
1((0 0 0))
0()
1((0 0 0))
1((0 0 0))
0()
0()
0()
0()
0()
0()
0()
0()
2((2.84336e-08 -1.64162e-08 3.80793e-09) (9.35118e-09 -4.90936e-09 0))
0()
1((-6.4377e-09 -3.01081e-09 0))
1((-2.79243e-08 -2.43045e-08 6.88593e-24))
1((-1.46433e-08 -3.34856e-08 5.21138e-24))
1((-9.14959e-09 -2.13376e-09 6.31165e-24))
1((-2.8022e-08 2.58276e-09 -2.43279e-24))
1((-1.16072e-10 -2.79174e-10 0))
0()
1((-4.98114e-09 -5.5742e-09 -1.85421e-24))
1((2.29303e-09 -3.70483e-09 0))
0()
0()
1((1.1039e-08 -5.8965e-09 -3.97063e-24))
0()
0()
1((1.0575e-08 1.26853e-08 -7.45323e-24))
1((-6.61119e-09 -1.04788e-09 -2.14711e-24))
1((-5.81451e-09 -1.61592e-09 0))
1((1.89882e-08 -2.64692e-09 -9.16549e-25))
1((-1.56461e-09 -2.29786e-08 0))
1((2.58022e-09 -2.56364e-08 9.66463e-25))
1((-4.62769e-09 -1.78624e-09 0))
1((4.57097e-09 -6.86693e-09 -1.85114e-24))
1((-2.60706e-09 -1.02854e-08 0))
1((0 0 0))
0()
0()
1((3.92783e-09 -3.25177e-09 0))
1((-1.17961e-09 3.50819e-09 0))
1((9.63528e-09 2.49658e-09 -1.6715e-24))
1((3.90664e-09 -2.53331e-09 0))
1((9.48235e-09 -9.79162e-09 0))
1((0 0 0))
1((0 0 0))
1((9.79794e-09 -7.93517e-09 0))
1((-3.47127e-09 -8.84625e-09 -9.41945e-24))
1((-1.50204e-09 1.37369e-09 -1.81113e-25))
1((-7.64742e-10 -3.06481e-09 0))
1((0 0 0))
0()
1((0 0 0))
0()
1((8.25253e-09 -1.52424e-08 1.36432e-24))
1((-2.71347e-09 -1.61235e-09 0))
0()
1((-2.58224e-09 -8.35483e-09 4.06828e-24))
1((9.47196e-10 -2.18822e-09 0))
1((-2.34477e-09 -3.20761e-09 0))
1((-1.07253e-09 -2.54948e-09 0))
1((0 0 0))
0()
1((0 0 0))
0()
1((9.31348e-12 -9.75407e-09 0))
1((5.16513e-09 1.1286e-10 0))
1((5.43816e-09 -5.74362e-09 0))
1((0 0 0))
0()
0()
0()
0()
1((0 0 0))
0()
0()
0()
0()
0()
0()
1((9.19529e-09 -1.19911e-08 4.03131e-24))
1((-1.1392e-08 -4.9845e-09 1.17074e-24))
0()
1((-1.17095e-09 -3.72215e-09 0))
1((-4.67973e-09 -5.11163e-09 0))
0()
0()
1((-3.42368e-09 3.34752e-09 0))
0()
1((0 0 0))
1((0 0 0))
0()
1((0 0 0))
1((0 0 0))
1((0 0 0))
1((-3.94026e-09 3.58032e-09 0))
0()
0()
1((0 0 0))
0()
1((0 0 0))
0()
0()
0()
0()
0()
1((0 0 0))
1((1.58539e-08 -1.74587e-08 0))
1((6.23023e-09 -1.44694e-08 0))
1((4.27587e-10 -8.85339e-09 0))
1((1.38595e-08 -1.29603e-08 0))
1((5.34006e-11 -1.56968e-08 0))
0()
1((0 0 0))
1((0 0 0))
0()
0()
0()
0()
0()
0()
1((0 0 0))
1((-4.47925e-09 3.00312e-09 0))
1((0 0 0))
0()
1((0 0 0))
1((0 0 0))
0()
1((0 0 0))
0()
0()
0()
0()
0()
1((0 0 0))
1((0 0 0))
1((-1.07402e-09 -5.14028e-09 0))
1((0 0 0))
1((0 0 0))
1((0 0 0))
1((0 0 0))
0()
1((0 0 0))
0()
0()
1((0 0 0))
0()
0()
0()
0()
0()
1((0 0 0))
0()
0()
1((-2.17151e-09 2.61888e-08 3.95869e-24))
1((1.0205e-08 -3.52125e-09 -3.32199e-24))
1((-1.3332e-10 -6.86788e-09 0))
1((3.04984e-08 -2.2466e-08 -4.19144e-23))
1((4.08103e-09 -1.40464e-08 -7.66884e-24))
1((-8.49061e-09 -1.00884e-09 4.25532e-25))
0()
1((-4.83109e-09 5.30161e-09 0))
1((-3.67915e-09 -3.53715e-09 0))
1((9.62115e-09 -3.53043e-09 4.58025e-24))
1((1.11599e-08 -1.7092e-08 -2.86363e-24))
1((7.55103e-09 -1.33978e-09 0))
1((8.28675e-09 5.90068e-09 1.02682e-25))
1((-2.14158e-10 -7.03254e-10 0))
1((0 0 0))
1((8.03119e-09 -1.48429e-08 -5.75603e-24))
1((2.54117e-10 6.53377e-09 2.90185e-24))
1((0 0 0))
1((-2.37577e-08 -2.95263e-09 -1.03215e-24))
0()
1((-3.73545e-09 3.23151e-09 0))
1((1.15745e-08 1.27335e-08 7.91201e-24))
1((2.48039e-10 -5.60903e-09 0))
1((-5.25168e-09 -1.62685e-08 0))
1((1.93619e-09 -1.23326e-08 3.22981e-24))
1((7.80781e-09 -6.16944e-09 -6.6132e-24))
1((1.54812e-08 1.64554e-09 0))
1((0 0 0))
1((0 0 0))
0()
0()
1((-9.30891e-09 -3.23635e-09 0))
1((4.69325e-09 -4.37824e-09 5.80414e-25))
0()
1((4.11967e-09 -3.60272e-09 0))
1((5.36832e-09 -3.4505e-09 -1.04958e-25))
1((6.4494e-11 -4.08132e-09 0))
1((-1.50402e-08 2.03996e-08 -1.82457e-23))
1((7.50481e-10 -1.77624e-09 5.58301e-25))
1((3.06032e-09 -3.25468e-09 0))
1((2.0968e-09 7.14508e-09 0))
1((0 0 0))
1((1.01851e-10 7.41522e-09 7.38925e-25))
1((-7.1833e-09 3.39899e-09 -1.05476e-25))
1((-3.4399e-08 -6.73815e-10 -1.8635e-23))
1((-1.94618e-08 9.98454e-09 1.38805e-23))
0()
0()
1((-3.68434e-09 -3.84662e-09 2.72304e-24))
1((-1.01011e-08 -1.55808e-08 4.14133e-24))
1((-5.67823e-10 -1.44788e-08 3.20527e-25))
0()
1((-4.10478e-09 -3.5839e-09 3.02662e-24))
0()
1((-3.5321e-09 -2.50477e-09 0))
0()
0()
1((0 0 0))
0()
0()
1((0 0 0))
1((9.44696e-09 1.83091e-08 -4.01623e-24))
0()
1((6.44745e-09 1.06686e-09 2.87114e-24))
1((5.73929e-09 1.65077e-08 -9.87819e-25))
1((1.06928e-08 -2.80043e-08 -4.3998e-24))
0()
1((-1.58331e-08 -1.15726e-08 -9.93102e-25))
1((2.02202e-08 -1.48223e-08 0))
1((0 0 0))
0()
0()
1((-1.08659e-08 -2.57689e-08 -5.40381e-24))
1((6.98344e-09 -2.24791e-08 1.63147e-24))
1((7.48285e-10 -5.4467e-09 -6.36496e-25))
1((-1.46905e-08 -8.74668e-09 -3.03189e-24))
1((9.05383e-09 -9.78224e-09 0))
0()
0()
0()
1((1.11897e-08 -8.48828e-09 9.80771e-26))
1((-2.33657e-09 -1.18485e-09 0))
1((-6.0287e-11 -3.54966e-08 0))
1((-1.67811e-08 -1.27817e-08 0))
1((-4.40063e-10 -1.76033e-09 0))
0()
0()
0()
1((-1.62738e-09 -4.94992e-09 0))
2((4.87159e-07 -2.81261e-07 -2.74224e-10) (-3.03743e-09 -1.56524e-10 0))
1((-1.52317e-08 -6.41405e-09 0))
1((0 0 0))
0()
1((-1.72308e-08 -1.46923e-09 1.91212e-23))
1((-3.12291e-09 -2.71626e-09 3.34144e-24))
1((-9.50601e-09 -1.05931e-09 -6.59904e-25))
1((-1.28853e-09 -1.78547e-08 8.71837e-25))
1((1.40609e-08 4.13084e-09 9.22871e-25))
1((-1.41573e-08 -3.28354e-09 -5.80604e-24))
1((1.64732e-08 -1.30337e-08 2.43402e-24))
1((0 0 0))
1((7.90747e-09 2.53087e-08 -4.48735e-24))
1((-4.17982e-10 -2.64885e-09 -1.10427e-24))
1((1.55387e-08 -1.82659e-08 0))
1((-8.74065e-10 -8.25412e-09 0))
1((-2.09459e-08 -2.70195e-08 -1.25502e-24))
1((-7.71494e-09 -2.15622e-08 3.84796e-24))
1((8.09896e-09 -9.02313e-09 -3.09875e-24))
1((-9.67838e-10 -8.73914e-09 -3.06946e-24))
0()
1((-7.51163e-09 -1.28478e-09 0))
1((2.26057e-09 3.61111e-09 0))
1((-1.31073e-09 9.16983e-10 0))
1((-5.1069e-09 -6.52622e-09 -7.16153e-24))
1((5.79712e-10 -1.83515e-09 0))
1((7.73234e-09 1.08375e-08 0))
1((4.91517e-09 9.68293e-10 0))
1((-8.17465e-09 1.05456e-08 0))
0()
1((-1.03248e-08 2.88808e-08 -5.90535e-24))
1((2.51041e-09 8.45015e-10 0))
1((-3.0408e-09 -1.40289e-09 0))
1((9.22151e-09 1.34354e-11 0))
1((5.05746e-09 2.88723e-09 0))
1((4.86718e-09 -2.03152e-09 0))
0()
1((-3.11003e-09 3.71057e-09 0))
1((-4.01041e-09 -3.20304e-09 0))
1((1.45149e-09 -5.62952e-10 0))
0()
0()
0()
0()
1((0 0 0))
1((0 0 0))
1((3.0519e-09 3.39261e-09 0))
1((3.97483e-09 -2.07603e-09 0))
1((7.05201e-10 -5.0333e-09 0))
1((1.39253e-09 -6.20336e-09 0))
1((-3.37754e-09 -3.04805e-09 0))
0()
1((0 0 0))
1((0 0 0))
0()
0()
0()
0()
1((0 0 0))
0()
0()
1((0 0 0))
0()
0()
0()
0()
0()
0()
0()
2((1.82363e-07 -1.05287e-07 -3.82096e-09) (-1.78087e-09 -3.6937e-09 -6.48666e-25))
1((6.77219e-09 -9.92553e-09 8.04858e-26))
1((4.63625e-09 -6.30352e-09 0))
0()
0()
1((2.58865e-08 2.12728e-09 -4.86531e-24))
1((1.49711e-09 1.14162e-09 0))
1((-7.11236e-09 6.06945e-10 2.64474e-25))
1((1.04254e-09 -8.97336e-09 -3.70626e-25))
1((1.15841e-09 -9.26392e-10 0))
1((4.31406e-08 -3.53647e-08 -3.41315e-24))
1((-7.45712e-09 -1.37858e-08 -3.47704e-25))
1((5.12291e-09 -2.42312e-09 0))
1((1.06315e-08 2.70475e-09 4.45601e-24))
0()
1((1.16685e-08 -1.37756e-08 9.18357e-24))
0()
1((2.80391e-09 -1.99774e-08 7.73339e-25))
1((-1.34166e-08 -1.16104e-09 -2.2841e-24))
1((2.08855e-08 -7.41705e-09 2.17136e-24))
1((1.32713e-09 -3.07784e-09 -1.70207e-24))
1((5.11254e-09 7.0104e-10 0))
1((-1.5404e-08 -5.88879e-09 0))
0()
1((-4.66868e-09 -9.93888e-09 2.87233e-24))
1((6.14081e-10 -1.83368e-09 0))
1((-1.08871e-08 1.53787e-08 -1.87572e-23))
1((4.00775e-09 -3.45731e-09 0))
1((-8.62577e-10 4.75819e-09 -6.92607e-24))
0()
1((1.72236e-08 -5.80354e-09 0))
1((3.72738e-09 -1.25276e-09 0))
1((0 0 0))
0()
1((-7.11297e-09 -6.58457e-09 0))
1((2.48619e-09 1.11942e-09 0))
1((1.77538e-09 -9.24263e-10 0))
1((1.03023e-08 -4.30164e-09 0))
1((2.35602e-09 -4.05173e-09 0))
1((0 0 0))
1((0 0 0))
1((9.99891e-09 2.80115e-09 0))
0()
1((0 0 0))
0()
0()
0()
1((2.01868e-09 6.11875e-09 0))
0()
1((2.94615e-09 -4.06559e-09 0))
1((0 0 0))
1((-4.89782e-09 -4.8284e-10 0))
1((0 0 0))
1((0 0 0))
0()
0()
0()
1((0 0 0))
1((0 0 0))
0()
0()
0()
1((0 0 0))
1((0 0 0))
0()
1((0 0 0))
0()
1((0 0 0))
0()
0()
0()
1((-1.48433e-08 8.56978e-09 -1.24251e-09))
0()
0()
1((0 0 0))
1((0 0 0))
1((-3.72215e-09 -4.0052e-10 0))
1((-9.38355e-10 -2.30708e-10 0))
0()
1((-3.43312e-09 -7.79174e-09 1.41317e-25))
1((-1.50192e-08 2.06051e-09 -7.01133e-24))
1((1.037e-08 1.61747e-08 -7.02085e-25))
0()
1((-6.93489e-09 -1.48016e-09 1.30317e-23))
1((8.68907e-09 1.26297e-08 -2.22278e-24))
1((2.14047e-08 -4.39896e-09 9.79445e-24))
1((1.58288e-08 -1.13865e-08 -6.22937e-25))
1((9.0643e-09 -5.32505e-10 -3.05277e-24))
1((4.75902e-09 -2.64207e-09 3.95501e-24))
1((-8.09428e-09 1.51428e-11 -1.04664e-24))
1((-9.12151e-09 -5.60367e-09 2.07068e-24))
1((-4.96545e-09 -7.42539e-09 -1.36843e-23))
0()
0()
1((1.18107e-08 -1.10016e-09 0))
1((-4.52726e-09 -1.60475e-08 0))
1((-3.66248e-10 5.44522e-09 0))
0()
1((0 0 0))
1((2.67055e-08 1.31963e-08 0))
1((4.8436e-09 -1.70966e-09 0))
1((1.17502e-08 -1.07253e-10 0))
0()
1((7.45389e-09 -1.80459e-09 0))
1((2.47566e-09 -8.16863e-09 -3.09023e-25))
1((-3.62434e-09 1.66469e-09 0))
1((3.57683e-09 -2.48879e-09 0))
1((-2.01417e-09 -4.93913e-09 0))
1((1.30955e-09 2.15617e-09 0))
1((-4.08403e-09 -1.3176e-09 6.32064e-24))
1((8.69719e-09 -8.21546e-09 0))
1((8.27786e-09 -7.75088e-09 0))
0()
1((0 0 0))
0()
1((5.69103e-09 -1.38803e-09 0))
1((0 0 0))
1((0 0 0))
1((5.48084e-10 -1.35235e-09 0))
1((0 0 0))
0()
0()
0()
1((-4.61123e-09 -1.14822e-08 0))
0()
1((0 0 0))
0()
1((0 0 0))
1((0 0 0))
0()
1((0 0 0))
0()
0()
1((2.62985e-09 -3.77677e-09 0))
0()
0()
0()
0()
0()
0()
0()
0()
1((-6.62589e-09 -2.50919e-09 -5.47794e-24))
0()
0()
1((0 0 0))
0()
1((-1.61016e-10 1.44626e-09 0))
1((2.44507e-10 -3.55714e-10 0))
1((0 0 0))
0()
1((0 0 0))
0()
1((0 0 0))
1((3.79197e-09 1.74178e-09 0))
1((1.6799e-08 1.05844e-08 -5.70086e-24))
1((-2.50734e-08 2.526e-08 -1.43694e-24))
1((-1.51943e-08 -4.62916e-09 0))
1((3.72186e-09 -3.01987e-10 0))
1((1.6273e-09 -1.4274e-08 -7.05269e-24))
0()
1((5.80226e-10 -9.02094e-09 0))
1((7.8046e-09 -1.03632e-08 4.46006e-24))
1((3.76449e-09 -3.27722e-09 0))
1((-1.6158e-08 1.98834e-09 0))
1((7.19609e-09 5.08522e-09 0))
1((-1.79456e-08 1.38991e-09 0))
1((8.79204e-09 2.07516e-09 0))
1((-2.38673e-09 -1.12443e-09 0))
1((-1.94555e-09 2.18024e-09 1.34103e-24))
1((7.16373e-09 6.4197e-09 0))
0()
1((4.78908e-09 -1.04519e-09 0))
1((1.75635e-08 1.27524e-08 0))
1((9.58532e-09 3.24112e-09 0))
1((9.32356e-09 -1.2537e-09 0))
1((4.95808e-09 -2.66965e-09 0))
1((6.75852e-09 -8.71566e-09 -1.56633e-23))
1((0 0 0))
1((0 0 0))
1((1.33632e-09 1.09735e-09 0))
0()
1((0 0 0))
0()
0()
1((0 0 0))
1((0 0 0))
0()
1((0 0 0))
1((6.3323e-09 -7.84408e-09 0))
1((0 0 0))
0()
1((0 0 0))
0()
1((0 0 0))
0()
1((0 0 0))
1((0 0 0))
1((2.56609e-09 4.53509e-10 0))
0()
0()
1((0 0 0))
0()
0()
1((0 0 0))
0()
0()
0()
0()
0()
0()
0()
0()
1((-1.56297e-09 8.17027e-10 -1.60877e-24))
1((0 0 0))
1((2.25539e-09 -1.80998e-09 0))
1((1.62304e-08 7.01268e-10 0))
1((2.21465e-09 6.86349e-09 0))
0()
1((0 0 0))
1((0 0 0))
0()
1((1.91346e-09 1.52742e-10 0))
1((2.1471e-09 3.60017e-10 0))
0()
1((-5.00887e-11 -3.1636e-10 0))
1((-1.40985e-10 2.03132e-09 1.15346e-24))
1((-2.2773e-08 2.06278e-08 -1.60858e-23))
0()
1((2.09461e-09 5.3683e-10 0))
0()
1((0 0 0))
1((6.10806e-09 1.59756e-09 0))
1((8.19067e-10 4.90838e-09 7.26735e-26))
1((-1.88879e-08 -1.23269e-08 3.66449e-24))
1((-1.26084e-08 -4.62394e-09 -2.81522e-24))
1((1.02179e-08 1.27088e-08 -6.06273e-24))
1((-1.05272e-08 -2.7192e-09 0))
1((3.45886e-09 1.57078e-09 0))
1((0 0 0))
0()
1((1.86247e-09 -4.85781e-09 0))
0()
1((-4.42342e-10 -3.82855e-09 0))
1((2.03021e-08 -1.69862e-09 0))
1((0 0 0))
1((1.20704e-08 -4.86548e-09 0))
1((-9.92823e-10 -1.05546e-08 0))
1((0 0 0))
1((0 0 0))
1((3.5684e-09 -5.03085e-10 0))
0()
1((0 0 0))
1((3.44924e-09 4.68813e-11 0))
1((-1.19782e-10 -2.01663e-09 0))
1((0 0 0))
1((0 0 0))
1((0 0 0))
0()
1((0 0 0))
1((0 0 0))
1((0 0 0))
0()
0()
1((3.72044e-09 -1.00358e-08 0))
1((-1.00544e-09 -6.44165e-09 0))
1((0 0 0))
1((0 0 0))
1((0 0 0))
0()
1((0 0 0))
0()
1((0 0 0))
1((0 0 0))
0()
1((5.60165e-09 1.15535e-09 0))
1((-1.61664e-09 -3.55884e-09 0))
0()
0()
0()
0()
0()
0()
0()
2((5.0947e-09 -2.94143e-09 6.4246e-09) (-1.50163e-08 -7.05549e-09 1.55032e-23))
1((5.31878e-10 3.59287e-10 0))
1((-2.27721e-09 -1.23279e-09 0))
1((-6.94704e-09 1.67091e-09 0))
1((-2.64169e-09 2.87692e-09 0))
1((5.92573e-10 7.79195e-09 0))
0()
1((0 0 0))
1((0 0 0))
1((4.02626e-09 -8.35022e-09 0))
1((1.79831e-09 -1.34591e-08 -2.75407e-24))
1((-3.46506e-09 -1.44586e-09 0))
1((4.71817e-10 1.76157e-09 0))
1((7.01902e-11 5.82517e-09 -5.21621e-24))
1((-1.11407e-08 1.03071e-08 3.7463e-23))
1((0 0 0))
1((-5.93586e-09 -9.29407e-09 -3.86866e-25))
1((2.58266e-09 1.38256e-09 0))
1((0 0 0))
1((2.27698e-08 9.87173e-09 0))
1((3.92318e-09 4.10205e-09 -7.76687e-24))
1((-6.24642e-09 -2.53901e-09 -7.80877e-23))
0()
1((3.11804e-09 -1.11694e-09 0))
1((-1.57703e-09 -6.39098e-10 0))
1((-7.50159e-09 3.34027e-09 0))
1((-1.00121e-09 7.94846e-09 -2.1959e-24))
0()
0()
0()
1((-8.48747e-09 3.54853e-09 2.27403e-24))
1((1.94861e-08 -3.14488e-09 0))
0()
0()
1((-5.0106e-09 -4.64404e-10 0))
0()
1((4.80124e-09 -2.63303e-09 -2.22171e-23))
1((-2.81618e-09 1.3431e-12 0))
1((0 0 0))
0()
1((0 0 0))
1((2.66221e-09 -9.80279e-10 0))
1((7.08632e-09 -3.85141e-09 0))
1((6.2738e-09 -3.04109e-09 2.87312e-23))
1((2.79629e-09 -1.16064e-08 0))
1((0 0 0))
0()
1((0 0 0))
1((0 0 0))
1((0 0 0))
1((0 0 0))
1((0 0 0))
1((0 0 0))
1((0 0 0))
1((0 0 0))
0()
1((0 0 0))
0()
0()
1((0 0 0))
0()
0()
1((0 0 0))
1((0 0 0))
0()
0()
0()
0()
0()
0()
0()
0()
1((-1.14628e-10 -3.94457e-09 -4.62834e-24))
1((8.09697e-10 4.87143e-11 0))
1((1.97976e-08 5.21708e-09 1.56581e-23))
1((1.67833e-08 8.9412e-10 0))
1((0 0 0))
1((1.83251e-08 -4.16268e-09 0))
1((0 0 0))
0()
1((-4.75563e-09 -4.28819e-09 -1.06478e-23))
1((-4.61394e-09 -2.90555e-09 0))
0()
0()
1((-9.28681e-09 6.56413e-09 0))
1((1.17292e-09 -3.94451e-09 4.98616e-24))
1((0 0 0))
0()
1((-5.75252e-09 -5.79436e-09 -1.23045e-24))
1((-5.7984e-09 -2.99908e-09 -1.54463e-23))
1((1.649e-08 -2.01268e-08 0))
1((0 0 0))
1((6.54462e-10 -2.21418e-08 0))
0()
1((0 0 0))
1((-4.57854e-09 5.33018e-09 0))
1((4.71714e-09 -6.44e-09 0))
0()
1((1.42721e-08 2.83891e-09 2.20025e-26))
1((0 0 0))
0()
1((-7.63103e-09 -2.04908e-08 0))
1((4.0583e-09 4.83746e-10 0))
1((6.40584e-09 1.16999e-08 -2.48458e-24))
1((1.37221e-09 2.10168e-09 0))
1((3.99361e-09 -1.33819e-09 0))
1((3.11236e-09 -1.64502e-09 0))
1((2.45537e-09 -4.46571e-09 0))
1((1.50198e-09 -5.37348e-10 -1.39059e-23))
1((1.33096e-09 -8.10758e-10 0))
0()
0()
0()
1((1.41477e-09 -1.10185e-09 0))
1((0 0 0))
1((1.09312e-08 -8.60651e-09 2.21006e-23))
0()
1((0 0 0))
0()
1((0 0 0))
1((0 0 0))
1((0 0 0))
1((0 0 0))
1((1.1155e-09 7.32932e-10 0))
1((6.63568e-09 2.02045e-09 0))
1((0 0 0))
0()
1((0 0 0))
1((0 0 0))
0()
1((0 0 0))
1((0 0 0))
0()
1((0 0 0))
1((0 0 0))
0()
0()
0()
0()
0()
0()
0()
1((6.3022e-09 3.67987e-25 7.41117e-10))
0()
1((1.78603e-08 -6.30304e-09 3.14389e-23))
1((2.86373e-09 2.14103e-09 0))
1((1.72632e-09 -4.50833e-09 3.88164e-24))
1((0 0 0))
1((0 0 0))
1((0 0 0))
1((6.68832e-09 5.28232e-09 0))
1((-1.25191e-08 -4.93947e-09 0))
0()
1((0 0 0))
1((-2.18388e-09 9.67329e-09 0))
1((-1.36272e-08 8.11899e-09 -1.50063e-24))
1((1.83875e-08 -1.03886e-09 -1.63803e-24))
0()
1((0 0 0))
1((-5.02796e-09 3.28771e-09 -3.08087e-24))
0()
1((2.11582e-08 -4.13261e-09 2.28338e-24))
1((0 0 0))
1((4.61411e-10 4.1792e-10 0))
1((1.00573e-08 -3.80659e-09 0))
1((9.35696e-09 -1.15343e-08 0))
1((1.2501e-08 2.59173e-09 1.34022e-23))
1((-1.89807e-09 8.53734e-09 0))
1((0 0 0))
1((0 0 0))
1((0 0 0))
1((0 0 0))
1((0 0 0))
1((0 0 0))
1((0 0 0))
0()
1((-1.34568e-10 -2.84919e-10 0))
1((5.96693e-09 -2.53252e-09 0))
0()
0()
1((-1.3232e-09 4.78027e-09 1.6394e-24))
1((1.31631e-09 -8.16059e-10 0))
1((-2.20922e-09 -4.8758e-09 1.25752e-24))
0()
1((0 0 0))
1((0 0 0))
1((3.74674e-09 8.85049e-09 0))
0()
0()
1((0 0 0))
1((0 0 0))
1((7.12273e-10 -4.18382e-09 0))
1((0 0 0))
0()
0()
0()
0()
1((1.32427e-09 -5.49494e-09 0))
1((0 0 0))
1((0 0 0))
1((0 0 0))
0()
1((0 0 0))
1((0 0 0))
1((0 0 0))
0()
1((0 0 0))
0()
1((0 0 0))
0()
0()
0()
0()
1((-4.36374e-09 -4.25054e-09 -2.44761e-24))
1((9.63941e-09 -1.45736e-08 -9.1636e-24))
1((0 0 0))
1((1.94894e-09 -1.453e-10 0))
0()
1((0 0 0))
1((-6.92807e-09 6.05766e-09 0))
1((0 0 0))
1((6.02848e-09 7.65007e-09 0))
1((-7.67637e-09 5.9351e-09 0))
1((1.48216e-08 -1.21663e-08 0))
1((-1.13136e-08 1.14996e-08 0))
1((0 0 0))
1((0 0 0))
1((5.52963e-09 -8.83331e-09 2.97879e-23))
0()
1((0 0 0))
0()
1((-1.83891e-09 -1.5278e-09 0))
1((1.00841e-09 -7.57487e-09 0))
1((4.19719e-09 -2.31035e-09 0))
1((0 0 0))
1((1.35989e-09 9.27085e-11 0))
1((-8.69729e-09 -7.81726e-09 9.39285e-24))
1((-4.56263e-09 5.92674e-09 0))
1((0 0 0))
0()
1((3.43434e-10 5.73832e-09 0))
1((2.32167e-09 1.06298e-08 0))
0()
0()
1((3.12351e-10 -4.70308e-09 0))
1((1.04945e-08 2.11136e-09 0))
1((4.2144e-10 1.28602e-08 0))
1((2.38945e-10 2.39912e-08 3.07715e-24))
1((0 0 0))
0()
0()
0()
0()
0()
1((4.17477e-09 -1.23155e-09 0))
1((0 0 0))
0()
1((5.16279e-09 -9.4554e-10 1.55739e-23))
1((2.88364e-09 -1.16928e-09 0))
1((0 0 0))
0()
1((0 0 0))
0()
0()
1((-9.71651e-09 -8.55322e-09 0))
1((-1.60979e-09 3.24805e-10 1.309e-24))
1((0 0 0))
0()
0()
1((0 0 0))
1((0 0 0))
1((0 0 0))
0()
1((0 0 0))
0()
0()
0()
0()
0()
0()
0()
0()
0()
0()
1((0 0 0))
0()
1((0 0 0))
1((0 0 0))
1((0 0 0))
1((3.65847e-09 6.16754e-09 0))
1((7.78208e-09 9.66874e-09 -1.60057e-24))
1((1.28553e-08 -2.82151e-08 -2.55704e-24))
0()
1((-2.59984e-09 2.46349e-09 0))
1((-3.78151e-09 5.02478e-09 0))
1((5.82337e-09 1.72058e-08 5.72439e-24))
1((0 0 0))
0()
1((2.5063e-09 -2.24093e-09 0))
0()
0()
1((2.41478e-09 3.50484e-09 0))
0()
1((1.48068e-08 -3.35193e-09 4.42099e-24))
1((-1.41862e-08 -4.68557e-09 -4.71746e-24))
1((-3.36075e-09 3.42169e-09 3.06263e-24))
1((1.13649e-08 6.04943e-09 3.66013e-24))
0()
0()
1((2.85305e-09 -1.21534e-08 0))
1((0 0 0))
1((0 0 0))
0()
1((3.22862e-09 1.64774e-09 0))
1((0 0 0))
1((1.52621e-09 -1.68011e-09 0))
1((0 0 0))
1((3.69796e-09 -4.58551e-09 -5.34196e-25))
1((0 0 0))
0()
0()
0()
0()
0()
0()
1((0 0 0))
1((0 0 0))
1((0 0 0))
1((0 0 0))
0()
0()
1((0 0 0))
1((0 0 0))
1((-1.68064e-09 -6.81453e-09 2.74155e-24))
1((0 0 0))
1((0 0 0))
1((0 0 0))
1((3.06902e-09 -3.99464e-10 0))
1((5.40859e-09 -4.01745e-09 0))
1((2.78109e-09 -3.4506e-09 0))
1((-1.28824e-08 -3.15027e-09 0))
0()
0()
1((0 0 0))
1((0 0 0))
1((0 0 0))
1((-3.44127e-09 -5.47186e-09 -2.90417e-24))
2((2.70799e-07 -1.56346e-07 2.44736e-08) (0 0 0))
0()
1((2.069e-09 1.05384e-08 0))
1((0 0 0))
1((6.63146e-09 2.05783e-10 0))
1((-7.56329e-10 -3.61871e-09 7.83241e-25))
2((7.50407e-08 -4.33248e-08 -2.46963e-08) (1.1017e-08 -6.19663e-09 7.16784e-24))
1((0 0 0))
0()
1((0 0 0))
0()
0()
1((-9.90497e-09 8.64087e-10 0))
1((-9.22898e-09 -7.68268e-11 0))
1((-6.64386e-09 -3.80122e-09 0))
0()
0()
0()
1((-9.3979e-09 -8.44609e-09 0))
1((0 0 0))
0()
1((0 0 0))
1((-2.47318e-09 5.5046e-09 -1.94593e-24))
1((0 0 0))
0()
1((0 0 0))
1((0 0 0))
1((0 0 0))
1((0 0 0))
1((0 0 0))
1((-3.95405e-09 -3.43736e-09 -9.11665e-24))
1((0 0 0))
1((-1.27912e-09 -1.6933e-09 0))
1((-5.30652e-09 1.90328e-09 1.09263e-24))
1((1.77657e-09 -8.41117e-10 0))
0()
0()
0()
1((-4.17202e-09 -6.15693e-09 0))
0()
1((0 0 0))
1((0 0 0))
1((5.08521e-09 -8.03867e-09 -3.80134e-24))
0()
1((0 0 0))
0()
0()
1((-4.58107e-09 -1.41569e-08 3.09037e-24))
0()
2((-2.45314e-08 4.07903e-23 4.11506e-09) (-3.54796e-09 -1.44515e-08 1.05192e-23))
1((7.53632e-09 1.24261e-09 -7.18584e-25))
1((0 0 0))
0()
1((-1.90445e-08 4.24346e-10 0))
1((0 0 0))
0()
1((0 0 0))
1((-1.0754e-08 -1.32221e-08 0))
1((0 0 0))
1((9.6712e-09 -2.13926e-10 1.20829e-25))
1((1.97233e-08 -6.54429e-09 3.13731e-24))
1((6.3061e-09 -5.02378e-09 0))
1((8.77404e-09 -5.06134e-09 0))
1((7.42573e-10 -3.20567e-09 0))
1((-3.29513e-10 -4.21341e-09 0))
0()
0()
1((0 0 0))
1((-3.36154e-09 -2.15112e-09 0))
0()
0()
1((2.00553e-09 -2.06044e-09 0))
1((3.75805e-09 -1.11288e-09 -4.99947e-25))
1((4.20568e-09 -1.29936e-09 0))
1((1.05314e-08 8.58237e-09 -1.22299e-23))
1((-4.42383e-09 -1.197e-08 0))
1((-8.96164e-09 8.40764e-10 0))
1((3.2601e-09 -1.55285e-09 0))
1((0 0 0))
0()
1((2.31589e-09 -2.84295e-09 0))
1((6.61207e-09 -8.32088e-10 0))
1((0 0 0))
0()
1((0 0 0))
1((0 0 0))
1((0 0 0))
0()
1((2.51808e-09 -4.25003e-09 0))
1((0 0 0))
1((7.73427e-09 -5.78959e-09 0))
0()
1((0 0 0))
0()
1((0 0 0))
1((0 0 0))
1((0 0 0))
0()
1((-6.19652e-09 -5.92004e-09 0))
1((-6.23495e-10 4.19521e-10 0))
1((-4.03824e-09 -1.81658e-09 0))
1((-1.51364e-09 -2.99605e-09 6.99949e-24))
1((0 0 0))
1((0 0 0))
1((1.07265e-08 -1.20285e-10 0))
0()
0()
1((0 0 0))
1((0 0 0))
0()
1((0 0 0))
0()
0()
0()
1((8.41951e-10 -8.53027e-09 0))
1((0 0 0))
1((-2.19535e-09 -9.34013e-10 0))
0()
0()
1((0 0 0))
1((3.47536e-09 1.33747e-08 0))
1((-8.00095e-10 -1.31631e-08 0))
1((0 0 0))
0()
1((-6.80836e-09 -1.92448e-08 -1.30664e-24))
1((-3.42859e-10 -4.45416e-09 1.97179e-24))
0()
1((4.28022e-10 -1.69794e-09 -1.15062e-24))
1((6.99492e-09 6.19673e-09 9.22891e-25))
0()
1((0 0 0))
1((1.21688e-08 -5.42461e-09 0))
1((-2.06502e-08 -6.1778e-10 -3.33122e-23))
1((1.85646e-08 -2.3824e-09 -1.42081e-24))
1((6.23035e-09 -8.67016e-09 0))
1((1.99297e-09 -1.23466e-08 0))
0()
0()
1((3.16471e-09 -5.36143e-09 0))
1((4.04722e-10 -3.73548e-09 0))
0()
1((1.25614e-09 -2.77973e-09 0))
1((-3.80149e-09 -2.93085e-09 0))
0()
0()
1((4.44158e-09 -2.30938e-09 0))
1((-2.79615e-09 -1.15521e-08 0))
1((-1.91258e-08 2.88551e-10 0))
1((6.61691e-09 -4.81685e-09 0))
1((4.45431e-09 -9.92422e-09 0))
1((1.25676e-08 -9.47104e-09 0))
1((-6.31237e-09 -2.17392e-09 0))
0()
1((5.27048e-10 -4.12773e-09 0))
0()
1((8.75495e-10 -1.03395e-08 0))
1((0 0 0))
1((0 0 0))
1((0 0 0))
1((0 0 0))
1((0 0 0))
1((9.58511e-10 -3.84317e-09 0))
1((1.9635e-09 -2.15814e-10 0))
1((5.03081e-09 4.09463e-09 8.05503e-25))
1((0 0 0))
1((3.87164e-09 7.14672e-10 0))
1((-9.05978e-09 -6.13714e-09 0))
1((-1.54635e-09 -9.87792e-10 0))
1((2.24279e-09 -1.6486e-09 0))
0()
0()
0()
0()
1((0 0 0))
1((0 0 0))
1((0 0 0))
1((0 0 0))
1((1.62578e-09 -4.27926e-09 0))
0()
0()
0()
1((0 0 0))
0()
0()
0()
1((3.68263e-09 -2.42756e-08 2.29396e-24))
1((0 0 0))
1((-7.92652e-09 -1.14348e-09 0))
1((7.48062e-09 1.28715e-10 -1.61574e-23))
1((-1.89792e-08 2.24399e-08 -2.44685e-24))
1((0 0 0))
1((0 0 0))
1((1.78453e-08 1.80397e-09 0))
1((-1.76889e-08 2.03724e-10 0))
1((-2.85416e-08 -1.80994e-08 3.0428e-23))
1((1.03192e-08 -7.49875e-09 0))
1((1.15899e-08 3.57567e-09 1.3084e-24))
1((1.92758e-09 -1.45627e-09 0))
1((1.07562e-08 -1.62826e-08 4.96435e-24))
1((1.06883e-09 -3.21259e-09 0))
1((-1.57632e-09 -1.90524e-09 0))
1((2.90802e-09 -1.75081e-09 0))
1((-3.81603e-10 -3.39689e-10 -2.27924e-25))
1((-1.13245e-08 -6.63104e-09 3.00407e-24))
1((-1.22887e-08 -8.08625e-09 0))
1((0 0 0))
1((0 0 0))
1((1.08285e-09 -3.62251e-09 0))
1((0 0 0))
1((0 0 0))
0()
0()
1((-1.09139e-09 -9.43256e-09 0))
1((-4.11258e-09 -1.02726e-08 1.14968e-23))
0()
1((0 0 0))
0()
1((4.80497e-09 3.04476e-09 0))
1((-4.39119e-09 -1.42903e-09 0))
0()
1((1.79158e-09 -5.26677e-09 0))
0()
1((2.45335e-09 -1.28456e-08 0))
1((1.79644e-09 -1.18453e-09 0))
1((1.15023e-08 -9.09552e-09 0))
1((1.3252e-08 -7.95866e-09 0))
1((-4.18269e-10 -2.19426e-09 0))
0()
1((6.24381e-09 -6.21311e-09 0))
1((7.19063e-09 -5.73129e-09 0))
1((1.29336e-09 -1.67018e-09 0))
0()
1((0 0 0))
0()
1((0 0 0))
1((1.77666e-09 -1.12097e-08 -2.13731e-24))
1((-6.1873e-10 -2.4269e-09 0))
1((-1.11515e-09 -1.1163e-08 0))
1((-1.17789e-09 -3.05098e-09 0))
1((0 0 0))
1((0 0 0))
0()
0()
0()
1((5.58831e-09 -3.18521e-09 0))
0()
0()
0()
0()
0()
0()
0()
0()
0()
0()
0()
0()
1((-1.51342e-08 -6.11198e-09 0))
1((1.35601e-08 6.94204e-09 1.40553e-23))
0()
1((0 0 0))
0()
1((-6.02873e-09 -6.53402e-09 0))
0()
0()
0()
0()
1((1.06953e-08 8.46239e-10 2.90982e-25))
0()
1((0 0 0))
0()
1((-7.37257e-10 -2.38955e-09 0))
1((0 0 0))
1((-9.71018e-10 -8.1467e-09 0))
1((2.8468e-09 -8.40765e-09 0))
1((-2.03744e-09 -1.88609e-09 0))
1((3.10318e-09 -4.63224e-09 0))
1((1.02079e-08 -9.38097e-10 0))
0()
1((0 0 0))
1((8.01807e-10 -3.76621e-10 0))
1((0 0 0))
1((7.11963e-09 -2.75439e-09 0))
0()
1((4.27101e-09 -4.16731e-09 0))
1((1.36974e-09 -2.08923e-09 0))
1((4.58169e-09 -1.16055e-09 0))
1((-2.5292e-09 4.16958e-09 9.56153e-24))
0()
1((-1.26975e-08 -3.05758e-09 0))
1((0 0 0))
1((-5.53673e-10 -1.65367e-09 0))
1((0 0 0))
1((6.47133e-10 -3.13564e-09 0))
1((2.38798e-09 -2.24336e-09 0))
0()
0()
1((7.70007e-09 -6.79717e-09 0))
1((7.3584e-09 -4.51868e-09 0))
1((-2.1988e-09 -1.4703e-09 0))
1((1.02809e-08 -5.49558e-09 0))
1((3.17536e-10 -7.27405e-10 0))
1((-6.76882e-10 -1.23336e-10 0))
0()
1((6.05278e-10 2.12794e-09 0))
1((0 0 0))
1((0 0 0))
0()
1((4.8417e-09 4.06504e-09 0))
1((-8.20902e-09 -5.27408e-09 0))
1((-6.83371e-09 -5.60415e-09 0))
0()
1((0 0 0))
1((0 0 0))
1((0 0 0))
1((0 0 0))
0()
0()
0()
1((0 0 0))
0()
0()
1((0 0 0))
0()
0()
0()
0()
0()
1((-4.03547e-09 -5.18111e-09 0))
1((0 0 0))
0()
1((0 0 0))
1((4.49645e-09 5.72714e-09 0))
1((0 0 0))
0()
1((0 0 0))
0()
1((-7.49396e-09 -5.99219e-09 1.39395e-26))
1((-1.51018e-09 7.65439e-09 0))
1((0 0 0))
0()
1((7.85407e-09 -4.58059e-09 0))
0()
0()
1((-2.0212e-09 3.57261e-09 -4.45368e-24))
1((7.59543e-09 -2.20508e-09 2.87776e-25))
1((1.2372e-09 2.96023e-08 0))
1((0 0 0))
0()
0()
0()
1((0 0 0))
1((0 0 0))
0()
0()
1((-5.16456e-09 -6.47677e-09 0))
1((0 0 0))
1((4.77867e-09 -1.99457e-09 0))
1((-1.06415e-08 1.11986e-08 2.04766e-26))
1((1.01068e-08 -1.087e-09 -6.85443e-24))
0()
0()
1((-2.30108e-09 1.27555e-09 1.96021e-24))
0()
1((1.90605e-09 -9.31196e-09 0))
0()
1((1.31445e-08 1.98326e-09 0))
1((0 0 0))
1((9.54405e-09 -4.768e-09 0))
1((0 0 0))
1((6.41157e-09 -7.85606e-09 0))
1((-3.37995e-09 -1.11941e-08 0))
1((8.81923e-09 -9.34348e-09 0))
1((0 0 0))
1((-3.47497e-10 -6.13172e-09 0))
1((5.37258e-09 -2.05407e-09 0))
1((3.36916e-09 -1.39462e-09 0))
0()
0()
0()
0()
1((-1.99074e-09 -8.22267e-09 0))
0()
0()
1((3.88561e-09 -2.40491e-09 0))
1((1.29832e-09 -1.74435e-09 0))
1((0 0 0))
0()
0()
0()
0()
0()
0()
0()
0()
0()
0()
0()
2((1.27654e-08 7.37011e-09 -1.52844e-08) (7.23842e-09 -1.50306e-08 -1.49253e-23))
1((1.28543e-08 -1.17301e-08 -6.48718e-24))
0()
1((-3.34466e-10 -3.6426e-09 0))
1((0 0 0))
1((-4.42602e-09 7.17338e-09 0))
0()
1((0 0 0))
1((0 0 0))
1((4.69781e-09 -9.92659e-09 1.13947e-23))
1((-2.6976e-10 7.55013e-09 0))
1((1.01025e-09 -8.58084e-09 0))
1((0 0 0))
1((-2.79993e-09 -4.31733e-10 0))
1((0 0 0))
1((0 0 0))
1((0 0 0))
1((0 0 0))
0()
1((1.90711e-08 4.38561e-09 0))
1((2.44866e-09 -3.9966e-09 0))
1((-5.73613e-09 4.84368e-10 0))
1((2.31708e-09 -1.09283e-08 0))
1((7.81208e-09 -9.71108e-11 -2.42091e-23))
0()
1((0 0 0))
1((0 0 0))
0()
0()
1((-1.08956e-08 9.89575e-09 0))
1((9.41888e-09 2.79088e-09 0))
1((-7.04675e-09 -2.33758e-08 3.23748e-24))
1((1.39989e-09 -2.07686e-08 -1.5921e-23))
1((-9.47444e-09 -1.15365e-08 1.54084e-23))
1((5.99714e-09 -3.8258e-09 0))
1((-1.02713e-08 3.09684e-09 0))
1((2.69337e-09 -9.49944e-09 1.17714e-23))
1((7.07041e-10 5.0147e-09 -2.74488e-24))
1((0 0 0))
1((2.1845e-09 -4.5765e-09 0))
0()
1((0 0 0))
0()
1((9.852e-10 2.74301e-10 0))
1((0 0 0))
0()
1((0 0 0))
1((2.22187e-09 -2.29583e-09 0))
1((0 0 0))
1((-8.38979e-11 2.53804e-09 0))
1((0 0 0))
0()
0()
0()
0()
1((5.65381e-09 -2.74918e-09 0))
1((5.5972e-09 -4.07211e-09 0))
0()
0()
0()
0()
1((0 0 0))
1((6.1303e-09 2.94556e-09 0))
0()
0()
1((-5.40985e-09 -6.56859e-09 0))
0()
0()
0()
0()
0()
2((-3.62265e-07 -2.09154e-07 -1.3082e-08) (1.11234e-09 -5.73538e-09 -5.58451e-24))
1((1.56264e-08 6.96521e-09 -8.72673e-25))
0()
1((-7.54915e-09 -5.68503e-09 0))
1((-4.23175e-09 -1.18206e-09 0))
1((0 0 0))
1((5.0341e-10 -4.16124e-09 0))
1((-9.68738e-10 -1.30485e-09 0))
1((1.65419e-08 1.03376e-08 -2.37194e-23))
1((-1.04064e-08 7.777e-09 0))
0()
1((9.78473e-10 -2.11844e-08 0))
1((0 0 0))
0()
1((-3.3795e-10 4.50919e-09 0))
1((0 0 0))
1((1.36846e-10 -5.12363e-09 0))
1((-1.90257e-09 3.35649e-09 0))
1((-3.78404e-09 3.07914e-09 0))
1((1.6824e-08 -9.12721e-10 0))
1((-6.93078e-09 1.7407e-09 0))
1((6.07145e-09 1.01371e-09 1.29812e-23))
1((-4.372e-09 2.0016e-09 0))
1((1.06896e-08 9.37239e-10 0))
0()
0()
0()
1((0 0 0))
0()
0()
1((0 0 0))
0()
1((5.94686e-10 -1.03679e-09 0))
1((0 0 0))
1((0 0 0))
0()
1((3.3847e-09 5.2575e-09 -1.65452e-23))
1((-2.10411e-09 -7.97565e-11 0))
1((1.31335e-08 -4.69959e-09 0))
1((2.75289e-09 -6.01981e-10 0))
1((1.49526e-08 -7.81045e-09 -2.14815e-24))
0()
0()
1((-2.00837e-09 -4.80445e-09 0))
1((1.17028e-09 -1.19745e-09 0))
1((3.84654e-09 -3.20936e-09 0))
1((0 0 0))
1((0 0 0))
1((1.32012e-09 8.65272e-10 0))
1((1.3238e-09 -3.83581e-09 0))
1((0 0 0))
1((3.73394e-09 7.54617e-10 0))
0()
1((0 0 0))
0()
1((6.34325e-09 -3.96838e-09 0))
0()
1((6.83769e-09 -2.46461e-09 0))
0()
1((0 0 0))
0()
1((0 0 0))
0()
0()
1((0 0 0))
0()
0()
0()
0()
0()
0()
2((3.84138e-08 2.21782e-08 -1.11347e-08) (1.37438e-08 -1.5182e-08 4.42669e-24))
1((7.30541e-09 -3.21738e-09 -2.26797e-24))
1((8.37452e-09 -2.15358e-09 1.49005e-24))
1((2.87507e-09 3.25652e-09 -6.9299e-24))
1((6.3562e-09 6.23687e-10 0))
0()
1((4.22221e-09 7.61616e-09 -6.9307e-24))
1((1.06435e-09 4.89265e-10 0))
1((-9.09241e-10 1.41401e-08 -2.19255e-23))
0()
1((0 0 0))
1((7.95374e-09 -3.14162e-08 0))
0()
1((-5.54027e-09 -4.3246e-09 0))
1((5.12617e-09 1.37235e-09 0))
0()
1((-3.61275e-09 -3.28066e-10 0))
1((1.17915e-09 7.66436e-09 0))
0()
1((2.1265e-09 -4.97573e-09 0))
1((0 0 0))
0()
1((0 0 0))
1((9.04764e-09 -4.88222e-09 2.29624e-23))
1((2.4826e-09 3.24697e-09 0))
1((0 0 0))
1((0 0 0))
1((1.59615e-09 -3.21806e-09 0))
0()
0()
0()
1((0 0 0))
1((1.28422e-08 8.5596e-10 0))
1((2.62303e-09 2.55075e-09 0))
1((0 0 0))
1((0 0 0))
0()
1((6.4762e-09 4.64364e-09 0))
1((-1.35901e-08 -7.1656e-09 2.25992e-24))
1((0 0 0))
1((9.80365e-09 -2.03629e-08 0))
1((3.66183e-09 -1.67454e-09 0))
1((0 0 0))
1((-1.26465e-09 -2.10937e-09 0))
1((3.95671e-10 -6.32257e-09 0))
0()
1((-5.30981e-10 -9.6681e-09 0))
0()
1((0 0 0))
0()
0()
0()
0()
1((1.17759e-09 -1.31825e-09 0))
0()
1((0 0 0))
1((0 0 0))
0()
1((0 0 0))
1((4.8841e-09 -1.139e-09 0))
1((0 0 0))
0()
1((2.43065e-09 -6.38622e-09 0))
1((0 0 0))
1((0 0 0))
0()
0()
0()
0()
0()
0()
2((-2.80651e-07 -1.62034e-07 -1.82086e-08) (3.64812e-09 -9.72095e-09 1.42273e-23))
1((-1.49633e-09 1.66589e-09 -3.78867e-24))
1((5.73321e-09 -7.46831e-09 1.32184e-25))
1((3.13479e-10 -9.31017e-10 -7.91166e-24))
1((0 0 0))
1((-9.10827e-10 1.81462e-09 0))
0()
1((1.98031e-09 1.58141e-08 0))
1((7.26697e-12 1.23067e-09 0))
1((0 0 0))
1((-9.27037e-09 5.76362e-09 -8.09183e-24))
1((-2.21478e-08 -2.05204e-10 -3.90581e-24))
1((0 0 0))
0()
1((1.25712e-08 2.86686e-09 1.8609e-23))
0()
0()
1((-4.76323e-09 -5.17806e-09 0))
1((0 0 0))
1((5.90819e-09 -1.88697e-08 -5.71001e-24))
0()
1((4.86255e-09 -8.86081e-09 0))
1((-1.66882e-08 3.19319e-09 0))
1((0 0 0))
1((1.12686e-08 -3.746e-09 0))
1((-7.76795e-10 -4.05235e-09 0))
1((0 0 0))
1((0 0 0))
1((0 0 0))
0()
1((0 0 0))
1((1.39439e-08 -1.06731e-08 1.89402e-23))
1((-3.10085e-09 4.38291e-10 0))
1((0 0 0))
1((0 0 0))
1((-6.27939e-09 -4.69445e-09 0))
1((1.61553e-08 5.60545e-09 0))
1((2.30406e-09 -5.61916e-09 0))
1((5.62665e-09 -5.39477e-10 0))
0()
1((2.87399e-08 -1.57126e-08 0))
1((1.27788e-08 -7.88421e-09 2.03751e-23))
1((6.81621e-09 -2.5401e-09 0))
0()
1((0 0 0))
1((-1.62163e-09 -7.47425e-09 0))
1((4.91545e-10 4.25565e-10 6.08886e-26))
1((2.1312e-09 -1.16122e-09 0))
1((4.75983e-10 -2.78386e-09 0))
1((0 0 0))
1((4.14536e-09 -3.05739e-09 0))
0()
1((5.00631e-09 -2.88924e-09 0))
0()
1((0 0 0))
0()
0()
1((0 0 0))
0()
1((0 0 0))
0()
1((0 0 0))
1((-1.71388e-09 9.76507e-09 6.66621e-24))
1((0 0 0))
0()
0()
0()
0()
0()
0()
2((3.36966e-08 1.94547e-08 6.47781e-09) (6.00913e-10 -5.68263e-09 -2.29235e-24))
1((1.72769e-08 -1.1328e-08 -1.02379e-23))
0()
1((0 0 0))
1((2.57784e-09 -4.76669e-10 0))
1((4.62605e-09 -7.72985e-09 0))
1((-1.93118e-08 5.93998e-09 0))
1((0 0 0))
1((0 0 0))
1((-1.46837e-08 9.38011e-10 0))
1((1.80025e-08 1.30464e-08 0))
0()
0()
1((9.98299e-09 -1.62507e-08 0))
1((9.94807e-10 -3.34087e-09 0))
1((0 0 0))
1((1.85623e-08 2.88273e-09 3.3716e-23))
0()
1((0 0 0))
1((0 0 0))
1((2.43981e-09 2.74749e-09 0))
0()
1((0 0 0))
1((0 0 0))
0()
1((6.99694e-09 -6.48598e-09 2.06019e-24))
1((3.43658e-09 -3.7906e-09 0))
0()
0()
1((0 0 0))
1((0 0 0))
0()
0()
1((6.81527e-09 -1.52461e-09 0))
0()
0()
0()
1((0 0 0))
0()
1((0 0 0))
0()
0()
0()
0()
0()
0()
0()
0()
0()
0()
1((0 0 0))
0()
0()
0()
0()
0()
0()
0()
0()
0()
0()
0()
0()
1((0 0 0))
1((0 0 0))
1((0 0 0))
1((0 0 0))
0()
0()
1((0 0 0))
0()
0()
0()
0()
1((0 0 0))
0()
0()
0()
0()
0()
0()
0()
1((-1.35415e-08 -1.48341e-08 -1.48693e-23))
1((1.10639e-09 3.44553e-08 0))
1((4.47437e-09 9.46471e-09 0))
1((-4.04051e-07 -2.33279e-07 9.51237e-10))
1((5.38506e-11 4.16694e-09 0))
1((0 0 0))
1((6.56412e-09 -2.55097e-08 -1.85526e-25))
0()
1((1.45879e-09 -4.89229e-09 -1.48258e-24))
2((-8.47211e-08 -4.89138e-08 -1.24826e-08) (-4.26935e-09 -1.86565e-08 1.65541e-23))
1((5.74699e-10 -5.18728e-10 0))
0()
1((4.6709e-09 1.67373e-08 -4.57966e-24))
1((5.15881e-09 -1.34886e-08 0))
1((1.49766e-08 -2.70711e-08 3.94057e-24))
1((0 0 0))
1((9.30605e-09 -9.34492e-09 -1.21682e-23))
1((-1.25046e-09 1.50241e-09 1.08574e-23))
1((-3.26681e-09 1.1598e-08 0))
2((-4.82513e-08 -2.78579e-08 -5.45787e-09) (1.86048e-09 -1.72277e-08 -6.50933e-24))
1((6.14356e-09 -2.10424e-08 0))
2((-6.62175e-08 -1.67048e-25 4.0738e-09) (-2.33638e-10 -4.58826e-10 -1.79508e-24))
0()
1((-7.59645e-09 1.92573e-09 0))
1((3.62083e-09 -1.48182e-09 0))
1((0 0 0))
1((3.86167e-09 -5.7585e-09 0))
1((1.33641e-08 -6.63923e-09 0))
0()
0()
1((-1.1572e-09 5.73293e-09 0))
0()
1((0 0 0))
1((0 0 0))
1((3.41182e-10 5.00312e-10 0))
1((0 0 0))
1((7.00883e-09 -4.98012e-10 0))
1((-2.80236e-09 -1.18759e-08 0))
1((2.94364e-09 -1.92797e-09 0))
0()
1((0 0 0))
0()
1((-5.67914e-09 -7.03371e-10 7.06241e-24))
1((3.41569e-10 -1.78259e-09 0))
1((0 0 0))
1((0 0 0))
1((1.64951e-09 -5.22032e-09 0))
0()
1((0 0 0))
0()
0()
1((5.46177e-09 -6.35438e-09 5.37406e-24))
1((1.16978e-08 6.50916e-09 8.20073e-25))
0()
0()
1((0 0 0))
0()
1((2.46862e-09 1.25053e-08 0))
1((0 0 0))
1((-2.26078e-09 -1.56254e-08 0))
1((0 0 0))
0()
1((0 0 0))
0()
0()
0()
1((0 0 0))
1((8.15117e-09 -1.99676e-10 0))
1((-7.90161e-10 -4.01381e-09 0))
1((0 0 0))
1((2.71523e-09 -1.33083e-10 0))
1((-1.16959e-08 -2.17435e-10 0))
1((9.18863e-09 -1.79722e-09 1.38908e-23))
1((0 0 0))
1((-5.32182e-09 3.3344e-09 0))
1((3.40704e-09 -2.24128e-10 0))
0()
1((5.32799e-09 -3.48601e-09 0))
1((1.65766e-08 1.20632e-10 0))
1((5.46515e-09 1.77692e-09 0))
1((-9.71043e-10 4.99451e-09 -1.12432e-23))
0()
1((6.65773e-09 -7.63136e-09 0))
1((0 0 0))
1((7.41745e-10 -1.06999e-08 0))
1((-1.10451e-09 4.38517e-09 0))
1((-1.03855e-08 1.20216e-08 0))
1((0 0 0))
0()
0()
0()
1((0 0 0))
1((-7.431e-09 6.26281e-09 0))
0()
1((1.46296e-09 -1.65476e-09 0))
0()
0()
0()
0()
1((-5.84228e-10 -1.13579e-08 0))
1((0 0 0))
0()
1((0 0 0))
1((6.51226e-09 -4.44521e-09 0))
1((-1.03566e-09 -1.67153e-08 0))
1((4.8899e-09 -9.6455e-09 0))
1((0 0 0))
1((6.30144e-09 1.22663e-10 0))
1((1.80371e-08 6.61023e-09 1.22629e-23))
0()
1((5.05091e-09 6.65241e-09 4.48329e-24))
1((0 0 0))
1((-2.4296e-09 1.92405e-09 0))
1((2.42512e-09 7.79484e-09 0))
0()
1((0 0 0))
1((0 0 0))
1((-4.3085e-09 3.29256e-08 0))
1((2.50557e-10 1.09055e-09 0))
1((0 0 0))
1((0 0 0))
1((-6.42216e-09 -1.30519e-09 0))
1((8.43043e-10 5.95119e-09 0))
1((-7.60951e-10 -1.33685e-09 0))
1((0 0 0))
1((0 0 0))
1((0 0 0))
1((5.67506e-10 -6.02147e-10 0))
1((2.56577e-08 1.15282e-08 -8.63537e-24))
1((7.29862e-09 3.68847e-09 0))
1((1.11708e-09 7.81478e-09 0))
1((2.83252e-09 4.56705e-09 0))
0()
1((0 0 0))
0()
0()
0()
1((-3.02383e-09 2.09302e-09 0))
1((0 0 0))
1((7.69532e-09 -7.29936e-09 0))
1((-6.42356e-09 1.65384e-09 0))
1((-2.87638e-09 9.53605e-09 0))
1((0 0 0))
1((0 0 0))
1((0 0 0))
1((1.61903e-08 -1.73287e-09 3.80406e-25))
1((-2.25133e-09 -1.74776e-09 6.63289e-24))
1((1.87607e-08 -6.38748e-09 0))
0()
0()
1((0 0 0))
0()
0()
0()
1((3.04727e-09 6.406e-11 0))
0()
1((0 0 0))
0()
1((-1.9054e-09 -4.2353e-09 0))
0()
0()
0()
0()
1((0 0 0))
1((2.03732e-08 1.01844e-08 1.3132e-24))
1((8.39962e-09 5.1924e-09 -7.09403e-24))
1((4.31736e-09 2.03981e-08 2.62509e-24))
1((-9.58344e-10 -8.73831e-09 0))
0()
1((-1.0903e-08 2.00265e-08 -5.51144e-24))
1((7.86215e-09 4.90233e-09 0))
1((-1.31355e-08 3.04244e-09 0))
0()
1((0 0 0))
1((-2.84471e-09 2.56849e-09 0))
1((-5.6974e-10 -1.84966e-08 1.81936e-24))
1((0 0 0))
1((0 0 0))
0()
1((-7.98493e-09 -1.72793e-09 0))
1((0 0 0))
1((0 0 0))
1((3.66376e-09 6.7522e-09 0))
1((7.4251e-09 -1.02896e-09 0))
1((3.51408e-09 2.87636e-09 0))
1((1.01876e-08 1.6092e-09 -7.48661e-24))
1((0 0 0))
1((4.52169e-09 -1.21936e-09 -2.11788e-23))
1((8.92226e-09 -7.2355e-09 0))
1((0 0 0))
1((0 0 0))
1((0 0 0))
1((0 0 0))
1((0 0 0))
1((-1.09934e-09 3.85236e-09 0))
1((0 0 0))
1((0 0 0))
1((0 0 0))
1((-1.37589e-08 -7.23668e-09 0))
1((0 0 0))
1((0 0 0))
1((1.4754e-10 1.25792e-09 0))
1((0 0 0))
0()
0()
1((0 0 0))
1((9.37064e-09 -6.88999e-09 8.95001e-24))
1((0 0 0))
1((0 0 0))
1((0 0 0))
1((0 0 0))
1((5.66162e-09 -2.39477e-09 0))
1((0 0 0))
0()
1((0 0 0))
1((0 0 0))
0()
1((7.36123e-10 -8.70845e-10 0))
1((0 0 0))
1((7.71666e-09 4.31037e-09 0))
0()
0()
0()
1((0 0 0))
1((0 0 0))
0()
0()
0()
0()
0()
0()
1((0 0 0))
1((-3.98349e-10 -2.65153e-08 -4.46895e-25))
1((3.20261e-08 -3.38191e-09 5.20509e-24))
0()
0()
1((1.93446e-08 -1.33496e-08 3.92377e-24))
1((-1.20027e-08 1.69462e-09 1.39343e-23))
1((-2.44885e-09 2.28959e-08 -4.88733e-24))
1((1.88998e-09 -4.47334e-10 0))
0()
1((-1.51775e-08 -3.02317e-09 -4.26029e-25))
1((0 0 0))
1((-4.73029e-09 7.92581e-10 0))
0()
1((1.72325e-08 -7.22598e-09 -1.21006e-24))
0()
0()
1((0 0 0))
1((1.86617e-09 -3.28165e-09 0))
1((7.33738e-09 1.55397e-08 3.78465e-24))
1((2.26108e-09 1.16077e-09 0))
1((5.6762e-09 8.68333e-09 -3.5594e-24))
1((-5.78704e-09 -1.7969e-08 0))
1((6.18383e-09 -8.97781e-10 0))
1((0 0 0))
1((2.34018e-09 2.56145e-09 0))
1((1.28474e-08 6.24066e-09 0))
1((0 0 0))
0()
1((0 0 0))
0()
1((0 0 0))
1((0 0 0))
1((0 0 0))
1((0 0 0))
1((0 0 0))
1((-6.27576e-09 1.83134e-09 0))
1((0 0 0))
0()
1((1.78859e-08 -4.02393e-09 0))
1((6.28817e-09 -7.71617e-09 0))
1((1.22073e-08 8.43122e-10 2.66127e-23))
0()
1((0 0 0))
1((0 0 0))
1((0 0 0))
1((0 0 0))
1((7.42476e-09 -1.53402e-08 5.99447e-25))
1((1.90075e-08 -8.55574e-09 0))
0()
0()
1((3.96698e-09 -1.32798e-09 0))
0()
1((0 0 0))
1((2.92029e-09 -9.90048e-10 0))
0()
1((0 0 0))
1((2.57218e-09 -1.13638e-09 0))
1((0 0 0))
1((0 0 0))
0()
0()
1((0 0 0))
0()
0()
0()
0()
0()
0()
0()
2((1.88741e-07 1.08969e-07 1.6839e-09) (-9.19486e-10 -1.24053e-08 0))
1((1.61597e-08 9.32984e-09 1.12387e-09))
1((-6.29574e-09 -1.19491e-08 -4.06394e-24))
1((-7.82926e-09 2.74615e-09 7.80681e-25))
1((-2.715e-09 -1.86814e-10 0))
1((1.3804e-09 -1.29529e-08 8.07262e-24))
1((0 0 0))
1((1.77774e-08 -1.24637e-08 1.72774e-24))
0()
0()
1((-5.55083e-09 -5.74313e-09 0))
1((0 0 0))
1((1.46037e-09 -7.88883e-09 0))
0()
0()
1((9.78352e-10 1.4058e-08 -3.65535e-24))
1((7.63106e-09 1.9465e-08 0))
1((-3.25737e-09 5.17261e-10 0))
1((1.49511e-08 -1.70227e-09 0))
0()
1((0 0 0))
1((0 0 0))
1((0 0 0))
1((0 0 0))
1((0 0 0))
1((0 0 0))
0()
1((0 0 0))
0()
1((0 0 0))
1((0 0 0))
0()
0()
1((0 0 0))
1((0 0 0))
1((-6.44771e-09 -5.92818e-09 -1.95093e-23))
0()
1((2.13722e-09 -7.5628e-09 0))
1((0 0 0))
1((0 0 0))
1((0 0 0))
0()
1((0 0 0))
1((0 0 0))
1((0 0 0))
1((0 0 0))
0()
0()
0()
1((0 0 0))
1((2.64171e-09 -2.43545e-09 0))
1((5.08923e-10 -1.53924e-09 4.71197e-24))
1((0 0 0))
1((3.95051e-09 -2.43256e-09 0))
1((0 0 0))
1((0 0 0))
1((0 0 0))
0()
1((2.84613e-10 4.99762e-09 0))
0()
0()
1((0 0 0))
1((-4.53061e-09 2.85999e-09 0))
1((-1.30515e-09 -7.41481e-09 0))
1((1.03565e-09 -2.59367e-09 0))
1((0 0 0))
0()
0()
0()
0()
0()
1((-1.56772e-07 -9.05125e-08 1.84502e-09))
2((3.05385e-08 1.76314e-08 -3.36519e-09) (7.81633e-10 -7.2239e-09 -1.83151e-23))
1((3.82701e-09 -2.8127e-09 0))
1((-2.12767e-09 3.34117e-09 4.73719e-24))
1((0 0 0))
1((2.4714e-09 4.9976e-09 0))
1((3.6331e-10 2.98794e-08 1.05668e-24))
1((1.31794e-08 1.05394e-09 0))
1((7.28164e-09 -2.37213e-09 0))
1((5.31588e-09 1.13479e-08 0))
1((4.0018e-09 4.31567e-09 0))
0()
1((-2.52974e-09 7.53519e-09 0))
0()
1((-1.12874e-08 -3.31986e-09 -3.84245e-25))
1((-9.10311e-09 -9.04501e-10 1.35355e-24))
0()
0()
1((0 0 0))
1((-5.65109e-09 7.73803e-09 0))
1((3.90569e-09 4.89843e-09 0))
1((9.16297e-09 1.05937e-09 -4.91701e-24))
1((0 0 0))
0()
0()
1((0 0 0))
1((0 0 0))
0()
1((0 0 0))
0()
0()
1((0 0 0))
1((0 0 0))
1((0 0 0))
1((0 0 0))
1((0 0 0))
1((0 0 0))
0()
1((0 0 0))
0()
0()
0()
1((0 0 0))
1((0 0 0))
0()
1((1.65294e-09 -5.24594e-09 0))
1((0 0 0))
1((0 0 0))
0()
0()
1((0 0 0))
1((8.5744e-10 3.4717e-09 0))
0()
1((0 0 0))
1((0 0 0))
1((7.49893e-09 -5.70006e-09 0))
1((0 0 0))
1((-4.00806e-09 6.68759e-09 0))
0()
1((0 0 0))
0()
0()
1((0 0 0))
1((0 0 0))
0()
0()
0()
0()
0()
0()
0()
2((-9.56238e-08 -5.52085e-08 -5.41928e-09) (3.53645e-09 -3.30148e-09 -1.87209e-24))
1((1.54747e-09 8.9343e-10 -1.73366e-09))
0()
0()
0()
1((-6.13524e-09 -3.21777e-09 0))
1((-1.82163e-09 -5.18753e-09 0))
1((0 0 0))
1((0 0 0))
1((0 0 0))
1((-1.13777e-08 5.37365e-09 0))
0()
1((8.19062e-09 -3.04297e-09 0))
1((-3.99294e-09 1.40534e-08 0))
0()
1((-6.73093e-09 8.72241e-09 0))
1((0 0 0))
0()
1((0 0 0))
0()
1((8.36397e-09 -1.23304e-08 0))
1((5.09921e-09 -1.56439e-09 0))
0()
1((0 0 0))
1((0 0 0))
1((0 0 0))
1((0 0 0))
1((0 0 0))
1((0 0 0))
1((0 0 0))
1((0 0 0))
1((0 0 0))
1((0 0 0))
0()
0()
1((0 0 0))
0()
0()
0()
0()
0()
1((2.81742e-09 -1.9313e-09 0))
1((6.90991e-09 1.61187e-09 0))
0()
1((-5.87483e-09 -4.21998e-09 0))
1((0 0 0))
1((-1.34319e-08 -2.0752e-09 0))
0()
1((8.12238e-09 1.10406e-09 0))
1((0 0 0))
1((-6.74501e-09 -4.59181e-09 0))
1((-2.64448e-09 -7.89871e-09 0))
1((0 0 0))
0()
1((2.37926e-09 2.40375e-09 0))
1((0 0 0))
0()
1((-2.9693e-09 -1.55292e-09 0))
1((0 0 0))
1((0 0 0))
0()
1((0 0 0))
0()
0()
0()
0()
0()
1((0 0 0))
1((0 0 0))
0()
0()
2((3.0084e-07 1.7369e-07 7.58747e-09) (0 0 0))
2((1.253e-07 7.2342e-08 -3.86924e-09) (3.55296e-09 8.16724e-10 0))
1((-1.76516e-09 1.19437e-09 0))
1((2.56427e-09 -7.64555e-10 0))
1((0 0 0))
0()
0()
0()
0()
1((0 0 0))
1((-6.94625e-09 -7.35377e-09 0))
0()
1((-1.4182e-08 1.67473e-08 -1.18019e-23))
1((-1.53864e-08 -3.34537e-09 4.33576e-24))
1((-3.31158e-09 8.12026e-09 1.90566e-23))
1((-1.14039e-09 1.73708e-08 0))
1((0 0 0))
1((0 0 0))
0()
1((0 0 0))
1((0 0 0))
1((0 0 0))
0()
0()
1((0 0 0))
1((0 0 0))
1((0 0 0))
1((-1.18844e-08 -1.44048e-08 0))
1((0 0 0))
1((0 0 0))
1((0 0 0))
0()
1((8.7607e-09 -8.84035e-09 0))
1((0 0 0))
1((0 0 0))
1((0 0 0))
0()
0()
1((0 0 0))
0()
0()
0()
1((0 0 0))
0()
0()
0()
0()
0()
1((0 0 0))
1((0 0 0))
1((0 0 0))
1((-3.03592e-09 8.89628e-09 1.96327e-23))
1((0 0 0))
1((0 0 0))
1((5.79923e-09 4.20268e-09 0))
0()
0()
1((0 0 0))
1((0 0 0))
0()
1((4.25892e-09 1.23419e-09 0))
1((-4.31718e-09 -2.10115e-09 0))
1((0 0 0))
1((0 0 0))
0()
0()
0()
0()
0()
0()
0()
1((-1.41626e-09 -8.17677e-10 4.4323e-09))
1((-4.41076e-09 -1.49424e-08 0))
1((0 0 0))
0()
1((1.51238e-08 -1.00903e-08 0))
1((0 0 0))
1((-2.25913e-08 -1.15598e-09 0))
1((5.75593e-09 -1.76616e-09 0))
1((6.26776e-09 -1.08732e-09 0))
1((0 0 0))
1((0 0 0))
1((0 0 0))
0()
1((0 0 0))
1((-7.12466e-09 -4.85499e-10 0))
1((-8.47263e-09 -1.88381e-08 0))
0()
1((2.9544e-09 4.42172e-09 0))
1((-5.65536e-09 9.53092e-10 0))
1((0 0 0))
1((0 0 0))
1((8.01246e-09 -2.03715e-08 0))
1((0 0 0))
1((0 0 0))
1((-2.09636e-09 -3.73257e-09 0))
0()
1((0 0 0))
1((6.89207e-10 -1.71898e-08 0))
0()
1((0 0 0))
1((0 0 0))
1((-3.96013e-10 3.54109e-09 0))
1((0 0 0))
1((1.18946e-09 -1.84423e-09 0))
0()
1((0 0 0))
1((5.3976e-09 -7.89925e-09 0))
1((0 0 0))
0()
1((1.3876e-09 -6.47257e-09 0))
1((0 0 0))
1((0 0 0))
1((0 0 0))
1((0 0 0))
0()
0()
0()
1((1.00214e-08 -6.34818e-09 0))
1((4.81649e-09 -2.20162e-08 0))
0()
0()
1((0 0 0))
1((0 0 0))
1((0 0 0))
1((0 0 0))
1((2.87667e-09 -1.46341e-09 0))
0()
1((0 0 0))
1((0 0 0))
1((0 0 0))
1((0 0 0))
0()
0()
0()
1((0 0 0))
0()
0()
0()
0()
0()
0()
1((2.60653e-07 1.50488e-07 4.29844e-08))
1((1.72534e-07 9.96124e-08 1.25031e-08))
1((0 0 0))
0()
1((0 0 0))
1((-1.20577e-08 -1.32416e-08 0))
0()
1((0 0 0))
0()
1((-7.45067e-09 -1.5101e-08 0))
1((2.08146e-09 1.39123e-09 0))
1((0 0 0))
1((0 0 0))
1((4.23238e-09 -1.0106e-08 0))
1((0 0 0))
1((0 0 0))
1((3.50244e-09 -1.17579e-09 0))
0()
1((0 0 0))
0()
0()
1((0 0 0))
0()
1((0 0 0))
1((0 0 0))
1((7.98385e-09 4.58034e-09 0))
1((-5.4202e-09 6.64663e-10 0))
1((-6.07519e-09 3.38489e-09 -3.31415e-24))
1((-1.05189e-08 3.16422e-09 0))
0()
0()
1((-1.1311e-09 5.34386e-09 0))
1((1.53528e-09 6.54463e-09 0))
0()
1((4.50295e-09 2.93888e-09 0))
1((-6.14751e-09 3.51804e-09 0))
1((0 0 0))
0()
1((0 0 0))
0()
1((0 0 0))
1((0 0 0))
0()
1((0 0 0))
0()
1((-5.2347e-09 5.39904e-09 0))
0()
1((3.46016e-10 -3.85325e-09 0))
0()
1((0 0 0))
1((0 0 0))
0()
0()
1((0 0 0))
0()
1((0 0 0))
1((0 0 0))
0()
1((0 0 0))
1((0 0 0))
1((-4.15139e-09 3.33455e-09 0))
1((0 0 0))
0()
1((0 0 0))
0()
0()
0()
0()
0()
0()
0()
1((-3.27061e-08 -1.88829e-08 9.0079e-09))
0()
1((0 0 0))
1((0 0 0))
1((0 0 0))
1((-1.0795e-10 1.74195e-08 0))
0()
0()
1((8.87632e-10 -1.1881e-08 0))
1((1.68997e-08 1.58844e-08 0))
1((0 0 0))
0()
0()
0()
1((0 0 0))
1((0 0 0))
0()
1((-7.62728e-09 -4.06424e-09 0))
1((0 0 0))
1((0 0 0))
1((0 0 0))
0()
1((0 0 0))
1((0 0 0))
1((0 0 0))
1((0 0 0))
0()
0()
1((0 0 0))
0()
1((0 0 0))
1((0 0 0))
1((-4.34252e-09 -8.09041e-09 0))
0()
1((0 0 0))
0()
1((0 0 0))
1((0 0 0))
1((0 0 0))
0()
0()
1((0 0 0))
0()
0()
0()
0()
1((0 0 0))
0()
1((0 0 0))
0()
1((-5.87821e-09 4.63206e-09 0))
1((-1.10874e-08 -6.25443e-09 1.94917e-23))
0()
0()
0()
0()
0()
1((0 0 0))
1((0 0 0))
0()
0()
0()
0()
0()
1((0 0 0))
0()
1((0 0 0))
1((1.10879e-09 -1.10239e-09 0))
0()
0()
0()
1((-3.27322e-07 -1.88979e-07 1.21406e-08))
2((-1.99244e-07 -1.15034e-07 8.63269e-09) (8.95518e-09 2.13971e-09 0))
1((-3.32244e-07 -1.91821e-07 1.04132e-08))
1((6.09316e-09 2.30766e-09 0))
1((-7.27264e-09 -2.06904e-09 0))
1((3.35253e-25 -3.06252e-07 2.58498e-09))
2((-4.21409e-24 -2.96349e-07 -1.0291e-08) (-4.08792e-09 -4.22116e-09 -6.54988e-24))
2((-1.21949e-24 -2.98984e-07 -3.39872e-08) (-5.27838e-09 1.66401e-08 0))
1((-1.10321e-08 -9.68653e-09 -1.57434e-23))
2((-5.65075e-25 -1.61796e-07 2.43179e-08) (-2.71745e-09 1.54022e-08 0))
2((-3.00882e-24 -4.97236e-08 1.44754e-08) (-1.68003e-10 2.74127e-09 0))
1((3.87322e-09 4.69323e-09 0))
1((0 0 0))
0()
2((-9.8886e-26 2.09729e-07 -2.13202e-08) (0 0 0))
1((0 0 0))
2((5.88826e-24 -1.49511e-08 -1.95204e-08) (0 0 0))
1((-4.00098e-09 1.24994e-09 0))
0()
1((-5.87994e-25 1.24951e-08 -1.10467e-09))
2((1.83488e-23 -3.12935e-09 1.02543e-08) (-2.71004e-10 4.88599e-09 0))
1((0 0 0))
1((-1.97164e-22 -1.76616e-07 -1.87957e-08))
1((0 0 0))
0()
1((-3.07193e-23 -3.22075e-09 5.82796e-09))
1((0 0 0))
1((0 0 0))
2((-3.8517e-23 -5.52355e-08 -1.15244e-08) (0 0 0))
2((2.58059e-25 -8.89474e-08 -2.43356e-09) (0 0 0))
0()
0()
2((5.73709e-26 -6.73319e-08 1.72094e-08) (6.62708e-11 -2.16197e-09 0))
1((-1.84921e-09 -4.44413e-09 0))
2((1.57368e-25 -1.9869e-08 -1.11725e-09) (1.99376e-09 -1.22868e-08 0))
2((-5.27173e-26 -1.67631e-07 -5.77354e-09) (-2.00176e-09 6.83201e-09 0))
0()
2((4.22687e-09 1.0181e-09 0) (1.3582e-24 -9.08211e-08 2.76543e-08))
2((-3.32716e-09 -3.23104e-09 0) (1.93627e-26 -2.39467e-08 7.89076e-09))
1((0 0 0))
2((4.67867e-21 -2.52777e-07 -2.35025e-08) (9.38731e-09 -5.09716e-09 0))
1((-2.42555e-22 -1.29941e-08 -2.2853e-08))
2{(0 0 0)}
2{(0 0 0)}
1((0 0 0))
2((1.97453e-21 -1.06797e-07 1.79492e-08) (0 0 0))
1((-3.81979e-21 -2.06439e-07 -1.29546e-08))
1((-1.02993e-24 -6.26328e-08 1.18239e-08))
1((-1.17305e-23 -3.51867e-07 -2.41809e-09))
0()
1((-3.69567e-22 -1.99639e-08 -2.26055e-09))
2((-3.45469e-25 -9.20211e-08 -8.458e-09) (0 0 0))
1((0 -1.22037e-08 1.49677e-09))
0()
1((5.81125e-24 -1.22627e-07 8.17383e-09))
0()
1((-3.89468e-24 8.57028e-08 -1.40387e-09))
0()
2((-2.21962e-24 -2.27128e-08 4.42009e-09) (0 0 0))
1((0 0 0))
1((-5.36884e-22 -2.90446e-08 2.45085e-09))
0()
0()
1((-2.83045e-24 2.80755e-08 5.12395e-09))
0()
1((1.11062e-24 3.30072e-08 -1.06369e-09))
1((-3.63517e-26 -9.75288e-09 2.57833e-10))
1((-6.9522e-11 -4.11038e-10 0))
0()
0()
0()
1((0 0 0))
0()
1((2.12075e-09 -2.99346e-09 0))
1((0 0 0))
0()
0()
1((7.46302e-09 1.13994e-09 0))
1((2.8786e-09 -1.88957e-09 0))
1((8.84461e-10 -2.28744e-09 0))
1((4.48257e-09 -1.65243e-09 0))
1((0 0 0))
0()
1((1.53954e-09 1.11292e-08 2.5649e-24))
1((7.433e-09 -1.00172e-08 0))
1((0 0 0))
1((3.56823e-09 -1.46338e-10 0))
0()
1((0 0 0))
2((-2.84136e-07 -1.64046e-07 1.55415e-08) (6.88216e-09 -2.82268e-08 -1.8862e-24))
1((-1.2297e-08 -1.10237e-08 -7.73948e-24))
1((0 0 0))
1((0 0 0))
1((-1.56254e-08 6.63652e-09 1.93884e-23))
1((-4.08439e-09 2.581e-09 -6.03376e-24))
0()
1((0 0 0))
1((4.51382e-10 -1.27168e-09 0))
0()
0()
1((0 0 0))
0()
1((1.74639e-09 -2.5767e-09 -7.54414e-26))
1((0 0 0))
1((0 0 0))
1((-1.12008e-08 1.04347e-08 0))
1((3.74199e-09 -1.04268e-08 0))
1((-3.75913e-09 -1.05753e-08 1.89521e-24))
1((6.22446e-09 -4.323e-09 0))
0()
1((-3.25801e-09 -7.82506e-09 0))
1((1.67473e-09 -1.18288e-09 0))
1((0 0 0))
1((8.58514e-09 -6.49602e-09 0))
1((7.01827e-09 -4.17417e-09 0))
1((-1.29801e-09 1.3807e-09 0))
1((3.3562e-09 -1.74734e-09 0))
0()
1((9.90662e-09 -6.61626e-09 0))
0()
0()
1((-1.17451e-09 1.68242e-09 0))
1((2.77343e-09 -1.016e-09 0))
0()
1((1.78669e-09 -2.07397e-09 0))
1((1.10966e-09 2.96694e-09 0))
0()
0()
0()
1((1.6883e-09 -2.7832e-09 0))
1((0 0 0))
1((0 0 0))
0()
1((0 0 0))
)


// ************************************************************************* //
