/*--------------------------------*- C++ -*----------------------------------*\
  =========                 |
  \\      /  F ield         | OpenFOAM: The Open Source CFD Toolbox
   \\    /   O peration     | Website:  https://openfoam.org
    \\  /    A nd           | Version:  8
     \\/     M anipulation  |
\*---------------------------------------------------------------------------*/
FoamFile
{
    version     2.0;
    format      ascii;
    class       labelFieldField;
    location    "0/lagrangian/kinematicCloud";
    object      collisionRecordsPairOrigIdOfOther;
}
// * * * * * * * * * * * * * * * * * * * * * * * * * * * * * * * * * * * * * //


3300
(
1(65)
1(66)
2(3 68)
4(2 70 69 4)
2(3 5)
2(4 71)
2(72 7)
3(73 8 6)
2(7 9)
3(10 8 75)
3(11 9 76)
3(12 10 13)
2(11 78)
2(11 14)
2(15 13)
4(14 80 79 16)
3(17 80 15)
3(18 16 82)
3(17 83 19)
2(84 18)
3(84 21 85)
2(20 22)
3(21 23 24)
3(87 22 88)
2(22 25)
2(24 89)
2(89 27)
1(26)
0()
2(93 30)
3(29 31 94)
2(30 32)
3(31 33 96)
2(98 32)
3(105 35 106)
3(108 107 34)
2(108 37)
2(36 39)
3(108 111 110)
3(111 37 40)
1(39)
3(42 111 112)
3(43 115 41)
2(42 44)
4(43 45 115 46)
4(117 44 118 46)
3(44 47 45)
3(118 46 48)
3(120 49 47)
2(48 50)
2(49 121)
1(123)
1(53)
4(123 54 52 125)
4(53 127 126 55)
2(54 56)
3(127 58 55)
2(130 127)
2(56 59)
3(58 60 131)
3(59 61 132)
2(60 62)
3(63 61 134)
2(64 62)
5(63 137 136 65 135)
2(0 64)
3(138 68 1)
1(138)
3(141 2 66)
3(3 143 141)
2(71 3)
5(72 70 145 144 5)
4(146 6 71 73)
4(7 147 74 72)
2(73 75)
4(74 9 149 76)
3(77 75 10)
2(76 151)
4(153 12 152 79)
3(15 78 154)
5(155 15 154 16 81)
4(80 157 155 82)
2(17 81)
2(158 18)
4(20 158 19 85)
3(86 20 84)
4(160 85 87 159)
3(23 86 162)
4(23 163 89 165)
3(88 26 25)
1(165)
2(166 92)
4(93 167 91 168)
3(29 92 94)
4(95 93 171 30)
3(94 96 173)
3(95 32 97)
1(96)
3(33 99 100)
2(175 98)
3(98 102 101)
1(100)
1(100)
0()
0()
4(34 177 106 178)
5(178 34 180 105 179)
3(35 180 109)
4(38 35 36 109)
3(107 110 108)
4(38 182 109 112)
3(38 41 39)
4(41 182 110 114)
2(185 182)
1(112)
4(42 186 44 116)
1(115)
2(45 189)
4(45 120 47 119)
3(118 190 191)
3(121 118 48)
4(120 122 192 50)
3(121 123 124)
4(53 122 51 124)
4(122 195 194 123)
3(126 195 53)
4(198 54 125 128)
4(57 54 56 128)
3(126 129 127)
2(128 200)
3(57 131 202)
3(132 130 59)
4(203 131 133 60)
3(132 134 204)
4(205 62 133 135)
2(134 64)
2(64 206)
2(138 64)
5(66 137 209 139 67)
3(140 209 138)
3(212 139 142)
3(142 68 69)
4(141 143 140 213)
4(214 69 142 144)
2(71 143)
3(71 215 217)
3(217 72 147)
3(73 148 146)
4(147 219 220 149)
3(148 150 75)
1(149)
2(221 77)
3(78 222 223)
2(78 224)
3(225 79 80)
4(80 226 81 156)
2(155 226)
1(81)
4(229 84 83 159)
2(158 86)
2(230 86)
3(231 162 233)
3(163 161 87)
5(162 88 234 164 165)
5(234 166 163 236 235)
4(163 88 90 166)
3(164 91 165)
3(92 238 237)
2(92 169)
4(238 168 240 170)
2(169 171)
2(170 94)
3(241 173 244)
2(95 172)
1(244)
3(244 99 245)
3(248 177 249)
4(249 105 176 178)
5(249 106 179 177 105)
5(178 252 106 251 180)
5(181 107 106 252 179)
3(180 182 252)
5(181 183 112 113 110)
3(184 253 182)
3(256 185 183)
5(113 186 184 187 257)
4(115 187 185 188)
5(186 258 259 185 188)
2(187 186)
3(260 117 190)
4(263 119 189 191)
2(190 119)
2(121 193)
4(263 194 265 192)
4(193 195 124 266)
4(196 125 194 124)
4(195 267 268 197)
3(198 196 269)
3(199 126 197)
2(198 200)
4(271 201 199 129)
3(200 202 272)
3(130 203 201)
4(132 273 204 202)
5(276 203 275 205 133)
4(134 276 206 204)
4(208 205 136 276)
4(276 208 278 279)
4(206 207 209 210)
3(139 208 138)
2(208 211)
1(210)
3(140 282 213)
5(212 214 284 142 283)
3(285 143 213)
2(145 285)
3(217 286 288)
4(146 216 218 145)
3(217 219 288)
4(289 148 220 218)
3(221 148 219)
4(220 222 151 291)
4(292 221 152 223)
3(152 294 222)
3(295 153 225)
3(296 154 224)
4(155 296 227 156)
4(228 297 226 299)
3(227 229 299)
3(228 158 230)
3(229 160 231)
4(300 161 232 230)
4(301 233 303 231)
4(232 234 304 161)
3(164 233 163)
4(236 304 305 164)
3(237 235 164)
3(167 236 307)
5(167 308 239 169 307)
4(308 240 238 310)
4(239 311 241 169)
2(172 240)
3(311 243 313)
3(242 245 244)
4(175 172 174 243)
3(243 316 175)
0()
2(248 320)
3(321 176 247)
5(322 178 177 176 250)
1(249)
3(179 324 252)
5(253 179 180 181 251)
3(183 252 254)
3(324 255 253)
3(254 256 328)
4(255 329 184 257)
2(256 185)
3(330 187 331)
2(260 187)
4(189 261 259 262)
5(260 334 333 331 262)
4(260 263 264 261)
3(190 193 262)
3(336 262 265)
4(264 193 337 266)
2(265 194)
4(337 196 339 268)
3(340 196 267)
3(197 341 270)
2(271 269)
4(343 200 270 272)
3(271 273 201)
4(272 203 275 274)
2(344 273)
3(347 204 273)
5(204 277 205 207 206)
3(276 348 278)
4(349 207 277 350)
3(207 280 350)
2(350 279)
2(351 282)
4(212 353 281 283)
2(282 213)
4(213 356 285 355)
5(214 286 356 215 284)
4(357 216 285 356)
4(288 358 357 359)
4(287 289 218 216)
4(288 219 360 290)
2(289 291)
2(290 221)
3(362 222 293)
4(294 363 292 365)
3(293 295 223)
4(366 224 296 294)
5(295 226 297 225 367)
5(368 227 296 298 367)
3(297 299 370)
5(228 298 300 371 227)
2(231 299)
3(371 232 302)
2(373 301)
3(374 232 304)
4(303 235 233 375)
3(375 306 235)
2(307 305)
4(306 238 237 378)
5(238 379 378 309 239)
4(379 310 308 381)
4(309 311 239 382)
3(242 240 310)
2(382 313)
4(242 314 312 385)
3(313 315 316)
1(314)
2(245 314)
0()
3(391 392 319)
1(318)
3(393 247 321)
4(394 322 248 320)
3(321 323 249)
4(322 325 324 395)
4(254 323 326 251)
3(397 326 323)
4(325 327 398 324)
3(326 328 399)
4(327 329 400 255)
4(328 330 256 401)
3(258 402 329)
3(258 332 261)
4(333 402 331 404)
4(405 332 261 334)
3(335 261 333)
4(336 334 406 405)
4(337 335 264 408)
3(336 267 265)
3(408 339 409)
3(411 267 338)
2(268 412)
3(412 269 342)
2(341 343)
4(271 415 342 344)
3(343 274 345)
4(417 415 346 344)
4(345 348 347 418)
2(275 346)
3(277 346 419)
3(420 278 350)
5(351 349 278 280 279)
3(281 421 350)
2(422 353)
4(282 354 352 424)
3(353 426 355)
2(354 284)
4(427 285 286 284)
4(428 286 427 287)
3(287 429 359)
2(358 287)
3(289 431 361)
2(360 362)
3(292 433 361)
3(433 293 364)
4(365 436 434 363)
3(293 366 364)
4(295 437 367 365)
4(297 366 438 296)
4(297 438 369 439)
3(368 441 370)
4(442 298 369 371)
4(301 299 370 372)
2(371 443)
4(443 374 445 302)
4(373 375 303 446)
4(374 305 446 304)
2(446 377)
2(376 378)
4(377 308 449 307)
4(449 380 308 309)
4(452 379 451 381)
3(309 380 382)
4(383 381 310 312)
4(384 382 455 453)
3(383 385 456)
2(384 313)
3(456 387 458)
2(386 459)
0()
1(460)
3(463 462 391)
3(464 390 318)
1(318)
3(465 320 394)
5(321 466 393 395 396)
2(394 323)
3(397 466 394)
3(469 325 396)
2(326 470)
2(327 471)
2(328 472)
3(473 329 402)
4(403 330 332 401)
4(475 402 473 404)
3(403 332 476)
3(477 333 335)
4(477 335 407 408)
4(480 406 409 408)
4(338 336 406 407)
3(410 407 338)
1(409)
2(339 483)
5(340 484 341 413 483)
3(414 412 485)
2(413 415)
4(343 416 345 414)
4(417 415 486 487)
5(345 489 416 488 418)
3(419 417 346)
3(418 348 420)
5(490 421 492 349 419)
3(420 351 422)
3(352 492 421)
2(493 424)
4(353 423 495 425)
1(424)
3(427 354 497)
4(498 356 426 357)
3(357 499 498)
4(358 500 430 499)
2(429 431)
4(502 432 360 430)
2(431 433)
4(432 363 504 362)
2(364 504)
3(436 505 507)
4(437 435 508 364)
3(436 438 366)
4(509 368 437 367)
3(509 368 440)
4(512 510 441 439)
4(442 440 369 513)
3(443 370 441)
5(442 444 373 514 372)
4(443 516 515 445)
4(444 446 373 517)
5(445 376 375 447 374)
4(448 517 446 519)
2(447 449)
4(448 379 378 450)
2(521 449)
2(522 380)
4(380 524 453 523)
3(452 383 454)
4(455 524 526 453)
4(454 383 456 527)
4(455 386 384 457)
3(529 527 456)
2(530 386)
1(387)
3(461 531 389)
4(533 532 460 605)
2(533 390)
3(535 390 534)
1(391)
2(393 536)
4(394 537 396 467)
4(468 537 539 466)
3(467 469 540)
3(397 470 468)
4(469 471 398 541)
4(470 472 543 399)
4(473 471 544 400)
4(403 472 401 474)
4(475 544 473 546)
4(403 547 474 476)
2(475 404)
4(548 405 406 478)
1(477)
3(549 480 551)
3(481 407 479)
3(480 482 552)
4(483 481 553 554)
4(484 411 482 412)
4(483 412 555 485)
3(486 484 413)
3(487 485 416)
4(486 558 488 416)
4(559 487 489 417)
5(417 561 490 488 560)
3(489 420 491)
4(563 561 492 490)
4(491 422 493 420)
4(492 494 423 563)
4(566 493 564 495)
3(494 496 424)
1(495)
2(426 568)
3(427 569 428)
4(570 428 429 569)
4(501 570 429 572)
3(500 502 572)
4(431 501 573 503)
2(504 502)
4(503 505 433 434)
3(435 575 504)
3(507 576 578)
3(506 508 435)
4(509 507 580 436)
4(438 508 439 510)
4(440 580 509 511)
3(583 510 512)
4(584 440 511 513)
3(441 512 514)
3(585 443 513)
4(585 444 516 587)
4(444 588 515 517)
4(447 516 445 518)
4(588 517 590 519)
4(520 518 447 591)
1(519)
2(591 450)
4(451 593 592 523)
3(522 452 594)
4(525 595 452 454)
3(524 597 526)
3(454 527 525)
3(455 457 526)
1(598)
2(457 601)
1(458)
3(602 460 532)
4(604 461 603 531)
4(606 462 461 534)
2(463 533)
3(463 536 607)
4(535 537 608 465)
4(538 536 466 467)
4(610 537 608 539)
4(467 540 538 611)
4(612 539 468 541)
3(540 470 542)
3(541 614 613)
3(471 615 544)
4(545 472 474 543)
5(544 617 616 615 546)
2(545 474)
4(619 475 618 548)
4(477 549 547 619)
3(548 550 479)
4(549 622 551 620)
4(550 623 552 479)
4(551 624 481 553)
3(552 482 554)
2(482 553)
3(484 626 556)
2(555 557)
4(558 627 556 629)
4(559 557 487 629)
5(558 560 488 631 630)
4(559 561 632 489)
4(562 489 560 491)
2(561 634)
3(491 564 493)
4(565 563 634 494)
4(635 566 564 637)
3(565 567 494)
3(566 568 639)
4(567 640 497 569)
4(498 640 499 568)
5(499 640 500 571 641)
5(641 572 643 570 642)
5(571 573 501 643 500)
3(572 574 502)
3(573 575 646)
3(574 505 576)
3(506 646 575)
2(647 578)
4(579 506 650 577)
3(578 580 650)
5(510 508 581 651 579)
3(580 652 582)
5(652 583 653 581 654)
4(582 584 511 655)
3(585 583 512)
5(584 586 515 656 514)
2(658 585)
3(659 515 588)
4(589 516 518 587)
4(588 661 660 590)
4(518 662 591 589)
3(590 521 519)
2(662 522)
4(663 594 522 665)
4(593 595 666 523)
3(594 524 596)
4(667 595 668 666)
4(525 669 668 598)
2(597 528)
2(600 669)
3(599 672 601)
2(529 600)
3(673 603 531)
3(532 674 602)
3(676 532 605)
3(604 461 677)
3(533 5 678)
2(535 679)
3(536 609 538)
3(608 681 680)
2(538 682)
3(539 683 682)
3(540 613 683)
4(612 685 614 542)
3(613 615 542)
5(543 686 616 545 614)
5(688 545 687 615 686)
4(618 545 689 688)
4(547 689 617 690)
4(547 620 690 548)
3(619 621 550)
4(620 693 622 691)
4(694 550 621 623)
4(551 624 622 695)
4(625 623 552 696)
3(626 624 697)
3(625 555 627)
4(626 697 557 628)
4(698 700 629 627)
4(628 630 557 558)
3(629 702 559)
3(559 703 632)
3(633 631 560)
3(634 632 704)
4(635 562 633 564)
4(705 565 634 636)
4(637 708 706 635)
3(636 638 565)
3(637 639 710)
4(640 638 711 567)
5(570 639 641 569 568)
5(711 571 642 640 570)
5(714 712 641 643 571)
4(644 642 571 572)
3(643 645 715)
3(644 646 717)
4(576 645 647 574)
3(646 648 577)
4(719 647 720 649)
2(648 650)
5(651 649 579 721 578)
4(580 650 652 722)
6(582 722 653 581 651 723)
5(723 725 652 654 582)
5(653 655 582 725 726)
3(656 654 583)
3(655 657 585)
4(727 729 656 658)
4(586 730 659 657)
3(660 587 658)
5(659 661 731 732 589)
4(660 733 589 662)
3(592 661 590)
3(733 593 664)
4(736 663 734 665)
3(593 737 664)
3(594 667 596)
4(666 739 738 596)
4(739 597 740 596)
4(597 740 670 599)
3(669 741 671)
2(670 672)
2(671 600)
3(674 0 602)
1(605)
2(606 679)
4(607 680 6 678)
4(8 679 609 7)
3(9 609 682)
4(610 10 681 611)
4(612 10 611 684)
2(683 11)
2(613 13)
4(615 13 687 616)
6(13 15 616 686 14 688)
6(16 616 689 15 617 687)
6(17 618 16 617 688 690)
5(619 17 691 689 618)
3(690 692 621)
5(18 693 691 20 19)
5(621 21 694 692 20)
4(622 695 693 22)
4(694 23 623 696)
4(697 695 624 24)
4(696 698 627 625)
4(24 628 697 699)
4(27 25 698 700)
3(699 701 628)
2(700 702)
4(703 701 30 630)
4(704 702 631 30)
4(703 744 705 633)
2(704 635)
2(744 636)
2(745 708)
3(707 709 636)
3(710 708 748)
3(709 711 638)
4(641 710 712 639)
4(750 711 642 713)
4(714 751 753 712)
4(713 642 754 715)
3(714 716 644)
1(715)
2(645 718)
2(717 757)
4(648 757 720 759)
4(719 721 760 648)
3(720 722 650)
4(721 652 723 651)
5(653 762 761 652 722)
3(762 725 764)
5(724 726 765 653 654)
3(727 725 654)
2(657 726)
2(729 766)
4(769 657 730 728)
3(658 731 729)
5(730 771 770 732 660)
4(731 733 660 772)
4(663 732 661 734)
3(733 735 664)
3(734 774 736)
3(664 776 735)
2(665 738)
5(776 737 778 739 667)
6(778 668 779 667 740 738)
4(739 669 779 668)
4(779 742 670 780)
2(741 743)
1(742)
2(756 754)
4(755 757 796 795)
4(756 719 758 718)
2(757 797)
3(719 799 798)
4(720 799 761 800)
2(760 723)
4(724 800 723 763)
4(801 764 803 762)
4(763 765 724 804)
3(766 725 764)
4(765 767 728 805)
3(766 807 768)
3(767 769 808)
3(770 729 768)
4(809 731 769 810)
3(731 811 810)
2(773 732)
3(772 774 812)
4(813 773 735 775)
2(774 776)
4(777 738 736 775)
4(776 817 778 815)
5(777 779 739 738 818)
5(780 778 741 739 740)
4(779 819 781 741)
2(780 782)
1(781)
3(756 797 795)
5(796 837 798 836 758)
4(797 799 838 759)
5(798 800 760 759 839)
4(799 762 801 760)
4(800 802 763 839)
3(801 842 840)
3(763 843 804)
3(805 803 764)
3(804 806 766)
2(805 845)
3(846 767 808)
2(807 768)
2(848 770)
4(770 850 849 771)
2(771 812)
4(813 811 851 773)
5(812 852 853 774 814)
3(813 815 854)
2(814 777)
3(854 817 856)
3(777 857 816)
2(819 778)
4(858 780 820 818)
2(819 860)
0()
2(834 795)
2(142 797)
3(797 144 143)
2(145 798)
3(799 840 801)
4(145 802 839 841)
4(802 149 843 841)
3(842 844 803)
3(807 152 847)
3(847 809 154)
3(810 155 156)
2(851 810)
4(850 852 157 812)
3(813 160 854)
4(816 853 814 855)
3(160 854 856)
3(855 163 816)
2(858 817)
4(164 857 819 859)
1(858)
1(820)
3(606 38 37)
3(679 38 7)
5(12 687 685 14 686)
4(5 39 6 7)
5(49 689 18 16 690)
4(698 23 25 696)
4(17 692 19 50)
4(40 38 680 6)
4(699 56 24 26)
6(688 49 48 689 15 17)
5(745 31 704 706 783)
4(744 707 746 783)
4(22 695 24 56)
4(693 22 20 54)
4(31 29 703 702)
4(11 682 42 683)
2(749 712)
4(21 23 55 694)
3(30 744 63)
3(28 30 62)
4(57 55 25 23)
3(789 713 752)
3(28 699 26)
3(755 714 753)
3(750 748 789)
4(747 788 709 749)
3(29 27 60)
4(144 146 838 840)
4(752 754 713 793)
2(849 227)
3(680 41 40)
3(681 42 41)
4(10 12 44 684)
5(47 13 45 687 15)
6(50 20 51 18 52 692)
6(53 21 19 693 52 692)
4(57 27 25 59)
3(38 72 71)
4(73 8 7 72)
4(8 74 42 9)
5(10 74 9 43 41)
3(42 44 75)
3(77 11 43)
3(12 46 14)
4(47 77 45 79)
5(46 80 48 14 15)
6(16 81 47 49 80 15)
5(50 17 81 16 48)
5(49 19 82 51 18)
5(84 82 52 19 50)
5(85 51 53 19 20)
3(20 54 52)
4(87 53 21 55)
4(88 22 56 54)
5(56 26 89 88 58)
4(89 91 57 59)
3(58 60 26)
5(28 92 61 59 93)
3(62 60 94)
3(61 63 29)
3(31 95 62)
4(98 100 35 171)
2(35 3)
3(37 71 69)
5(103 39 70 104 102)
4(39 105 73 40)
3(106 40 72)
4(41 75 106 42)
4(108 74 76 43)
3(75 77 109)
4(46 76 44 78)
2(109 77)
3(112 46 80)
4(47 113 48 79)
4(82 49 113 48)
5(81 51 114 50 83)
5(116 84 114 82 115)
4(51 83 117 85)
5(52 86 118 84 117)
3(87 85 118)
4(54 88 86 120)
4(89 87 55 57)
4(88 90 58 57)
4(121 89 123 91)
3(90 92 58)
4(124 60 91 93)
2(60 92)
1(61)
3(822 127 63)
3(97 168 167)
4(96 64 169 240)
5(99 66 67 34 170)
2(98 242)
3(67 172 243)
4(173 36 102 172)
4(101 71 173 69)
4(173 104 71 175)
4(176 103 105 71)
4(72 177 106 104)
5(74 177 105 73 107)
2(106 179)
3(75 180 179)
3(76 110 78)
5(111 109 181 180 182)
2(112 110)
5(111 113 183 79 184)
5(184 114 81 80 112)
4(113 83 82 115)
5(187 185 114 116 83)
4(117 188 83 115)
5(116 118 84 189 85)
5(117 190 85 119 86)
3(118 120 191)
3(121 87 119)
3(90 120 191)
4(192 123 193 194)
3(124 90 122)
4(125 123 195 92)
2(124 126)
4(125 127 198 197)
3(128 126 95)
3(127 823 129)
4(199 824 128 130)
2(129 202)
3(824 203 132)
4(204 825 133 131)
4(132 134 205 826)
3(133 829 135)
4(205 830 134 136)
1(135)
4(209 830 831 138)
4(139 831 137 833)
3(140 209 138)
4(139 141 211 834)
2(140 142)
3(836 213 141)
2(837 214)
4(216 837 145 215)
4(841 145 147 216)
3(219 146 217)
3(841 220 149)
3(150 842 148)
3(149 151 221)
5(150 223 845 152 222)
5(153 846 845 223 151)
5(152 154 225 847 224)
6(153 155 226 847 225 848)
4(227 154 849 226)
2(228 851)
3(852 229 230)
3(852 231 230)
4(853 161 231 855)
3(160 162 232)
3(161 163 234)
2(162 856)
3(235 858 165)
1(164)
0()
3(309 168 96)
4(310 96 167 240)
4(170 97 65 66)
3(241 169 98)
3(314 67 313)
3(100 173 101)
5(174 172 103 101 102)
3(173 246 244)
3(103 247 246)
3(104 248 247)
4(178 106 248 105)
3(177 250 179)
5(251 178 108 180 107)
4(181 108 110 179)
4(252 180 182 110)
4(181 254 183 110)
4(182 112 255 184)
5(113 185 255 112 183)
3(186 184 115)
4(258 185 256 187)
4(259 115 188 186)
4(189 187 116 260)
4(188 190 261 117)
3(189 191 118)
5(190 121 192 262 119)
4(122 262 191 193)
5(263 265 122 192 194)
3(195 193 122)
4(124 266 194 196)
2(195 267)
3(126 268 269)
3(126 270 199)
3(129 198 200)
2(199 271)
3(202 271 273)
3(201 203 130)
5(202 204 275 131 274)
4(132 205 276 203)
4(135 204 206 133)
2(205 207)
4(277 208 279 206)
3(209 207 280)
4(210 208 137 139)
3(209 211 281)
4(212 282 210 140)
2(213 211)
4(212 214 142 284)
4(215 213 285 143)
4(214 216 144 286)
5(217 144 215 146 287)
3(216 218 147)
4(290 217 289 288)
3(147 291 220)
3(221 148 219)
4(220 222 292 150)
3(221 294 151)
4(224 294 151 152)
5(223 225 295 296 153)
6(297 153 224 296 154 226)
5(154 297 155 225 298)
3(155 228 156)
4(227 157 299 229)
3(158 300 228)
4(301 159 158 302)
4(232 160 159 302)
4(303 231 233 161)
3(232 234 305)
3(233 235 162)
4(164 306 234 236)
3(235 308 307)
0()
1(522)
1(309)
3(168 311 97)
3(170 312 242)
5(312 384 99 241 313)
4(100 315 244 314)
3(243 174 245)
2(244 316)
3(174 318 175)
5(318 176 248 319 175)
5(176 319 177 249 247)
3(248 321 250)
3(322 178 249)
2(179 252)
4(181 323 253 251)
3(252 325 254)
4(255 182 325 253)
5(256 254 184 326 183)
3(255 257 186)
3(329 256 327)
2(186 330)
3(330 187 260)
4(259 332 188 261)
4(262 189 332 260)
4(192 261 263 191)
3(333 193 262)
3(265 334 336)
3(264 266 193)
4(195 337 265 267)
4(268 266 339 196)
4(267 340 197 339)
2(340 197)
3(271 198 341)
5(270 201 342 272 200)
2(271 344)
3(274 201 345)
3(273 346 203)
2(203 347)
2(277 204)
4(276 278 207 347)
4(350 277 348 279)
4(207 351 280 278)
3(281 279 208)
3(282 280 210)
4(353 211 283 281)
3(282 284 354)
4(283 285 355 213)
4(214 356 286 284)
3(285 287 215)
4(288 216 286 358)
3(287 359 218)
3(218 359 360)
4(218 291 362 361)
3(290 292 219)
4(293 291 363 221)
3(292 294 364)
5(293 295 223 222 365)
4(294 367 224 296)
4(224 368 295 225)
3(225 369 226)
1(226)
2(370 228)
3(371 229 301)
3(230 372 300)
3(373 231 230)
3(232 374 304)
2(303 375)
3(233 376 306)
4(377 235 307 305)
3(306 379 236)
1(236)
4(451 167 380 239)
2(168 382)
2(240 382)
3(242 383 241)
2(242 171)
4(385 243 171 386)
2(316 243)
5(387 315 317 388 245)
2(316 318)
5(319 246 389 247 317)
5(248 320 318 390 247)
3(319 392 391)
3(249 393 392)
3(250 323 393)
4(252 394 322 324)
3(323 325 396)
5(397 324 326 253 254)
4(255 327 325 397)
3(326 328 257)
2(400 327)
3(401 257 330)
5(401 259 331 258 329)
3(330 403 332)
4(333 331 261 260)
4(332 263 404 334)
4(264 404 335 333)
4(407 336 405 334)
3(335 337 264)
4(408 266 336 338)
2(337 409)
4(411 267 410 268)
4(341 411 268 269)
4(342 340 270 412)
4(341 343 271 413)
3(344 414 342)
4(343 416 345 272)
4(273 417 344 346)
4(418 345 347 274)
4(348 277 275 346)
4(347 349 278 418)
5(348 421 419 350 420)
4(278 422 349 351)
3(279 352 350)
2(353 351)
4(282 424 352 354)
2(353 283)
2(426 284)
3(427 285 357)
2(356 358)
3(357 287 359)
4(288 430 358 289)
4(430 431 361 289)
3(290 432 360)
3(290 363 433)
4(362 364 434 292)
5(293 363 436 435 365)
3(364 366 294)
3(367 365 438)
4(439 295 366 368)
4(369 296 440 367)
3(370 297 368)
4(369 371 299 441)
5(300 442 370 443 372)
4(371 373 443 301)
3(372 302 444)
4(375 303 444 445)
4(374 376 446 304)
4(375 377 447 305)
4(306 376 448 378)
2(377 449)
1(307)
4(309 452 451 381)
1(380)
4(310 383 453 311)
5(525 312 453 382 454)
3(456 242 455)
3(456 314 386)
3(314 387 385)
3(316 458 386)
2(316 459)
3(460 318 390)
4(319 461 391 389)
4(463 390 320 461)
3(464 320 321)
4(394 322 321 464)
5(323 393 395 465 464)
3(467 394 396)
4(395 468 324 397)
4(325 398 396 326)
2(399 397)
3(400 470 398)
4(401 399 328 472)
5(330 472 400 402 329)
3(401 403 474)
4(331 404 475 402)
4(403 334 405 333)
4(404 475 335 406)
3(407 478 405)
4(408 406 335 478)
4(337 479 407 409)
3(408 481 338)
3(481 339 482)
4(482 340 412 339)
4(413 411 341 483)
3(412 414 342)
4(485 343 415 413)
3(414 487 416)
4(344 488 415 417)
3(345 489 416)
3(346 419 348)
5(349 489 418 420 490)
4(419 492 490 349)
3(493 349 422)
3(350 423 421)
3(422 424 494)
4(425 423 495 353)
3(424 426 497)
3(425 355 427)
4(356 498 426 428)
3(427 429 499)
3(428 430 501)
4(429 359 360 501)
4(432 501 503 360)
5(431 361 504 433 503)
3(362 504 432)
2(363 505)
3(364 506 507)
3(437 507 364)
3(436 509 438)
4(437 439 366 510)
4(367 511 438 440)
3(441 368 439)
4(370 440 442 512)
5(513 371 514 443 441)
5(514 371 444 442 372)
3(443 374 373)
4(515 374 446 516)
4(517 447 375 445)
3(446 448 376)
4(449 377 519 447)
4(448 520 450 378)
1(449)
3(523 309 380)
3(380 595 524)
3(383 382 596)
4(455 383 525 526)
3(384 454 527)
5(384 457 527 385 528)
2(456 458)
5(459 529 457 387 530)
4(458 460 531 388)
4(459 461 389 531)
4(460 462 390 391)
4(461 534 532 463)
4(464 462 535 391)
4(392 463 394 393)
3(536 394 466)
3(465 467 538)
4(395 539 466 468)
3(469 396 467)
2(468 470)
4(541 399 469 471)
2(472 470)
5(473 401 543 400 471)
3(472 545 474)
4(546 402 473 475)
4(476 403 474 405)
3(477 475 546)
3(549 476 547)
3(406 549 407)
3(408 550 480)
2(479 551)
3(410 552 409)
4(553 411 410 483)
3(482 484 412)
2(483 555)
4(556 414 555 486)
2(485 557)
3(415 559 488)
3(560 416 487)
3(417 560 419)
4(491 560 420 419)
4(492 563 490 561)
4(493 491 420 564)
4(494 421 492 564)
4(493 495 565 423)
4(566 424 496 494)
3(495 568 497)
4(425 498 496 569)
3(497 427 499)
4(498 500 570 428)
3(501 499 572)
4(500 431 429 430)
3(572 503 574)
4(502 504 431 432)
5(503 505 432 433 575)
4(504 434 506 576)
4(435 505 577 578)
4(578 436 435 508)
1(507)
3(437 581 510)
3(438 582 509)
2(439 512)
4(511 513 583 441)
5(442 584 512 585 514)
6(443 586 442 515 585 513)
2(514 445)
4(586 517 445 587)
4(446 588 518 516)
2(517 519)
4(448 520 518 590)
4(591 449 521 519)
1(520)
2(238 593)
2(451 595)
1(452)
4(383 667 596 454)
4(527 597 598 454)
4(526 528 456 455)
3(529 527 456)
4(600 528 458 530)
2(529 458)
5(602 459 532 460 603)
3(462 531 533)
2(532 605)
4(605 462 535 606)
3(534 536 463)
5(465 607 537 535 606)
2(609 536)
2(466 609)
3(540 467 610)
2(539 541)
5(612 542 470 540 611)
2(541 543)
4(544 472 542 614)
2(543 616)
3(617 473 546)
4(547 545 474 476)
4(546 477 617 548)
1(547)
4(477 550 620 478)
3(551 549 479)
5(623 550 552 621 480)
4(551 553 624 481)
4(624 482 554 552)
2(553 555)
4(554 556 485 484)
4(485 627 557 555)
5(556 628 558 629 486)
3(559 557 630)
4(560 558 631 487)
5(559 489 490 488 561)
4(491 560 631 562)
2(561 632)
3(491 635 634)
3(492 565 493)
4(636 494 564 566)
4(637 495 567 565)
2(566 568)
4(496 640 569 567)
2(568 497)
3(571 641 499)
3(570 572 643)
4(571 502 500 573)
3(643 574 572)
4(502 575 573 645)
4(574 576 504 646)
4(647 577 505 575)
4(506 649 576 648)
4(507 649 506 579)
3(578 580 650)
3(579 581 652)
4(653 509 580 582)
3(510 581 583)
4(512 654 584 582)
5(655 513 585 583 656)
5(584 657 513 586 514)
4(514 587 585 516)
3(586 588 516)
5(659 517 587 589 660)
2(588 590)
3(589 591 519)
4(520 662 590 592)
1(591)
2(522 735)
2(595 664)
4(665 523 594 452)
4(666 525 738 453)
2(526 667)
3(526 669 599)
1(598)
4(529 671 601 670)
3(600 602 672)
4(673 531 601 603)
2(531 602)
3(605 674 676)
5(604 606 534 533 677)
4(605 607 534 536)
4(536 678 606 608)
2(680 607)
4(537 681 610 538)
3(611 609 539)
3(610 541 682)
4(683 541 613 682)
3(612 614 684)
3(543 685 613)
2(685 616)
4(544 688 617 615)
4(618 545 616 547)
2(617 619)
3(618 691 689)
3(549 691 621)
2(551 620)
3(623 692 694)
3(695 551 622)
4(553 695 552 625)
3(624 626 696)
2(625 627)
3(556 698 626)
2(699 557)
3(701 557 630)
2(629 558)
3(632 559 561)
5(631 633 702 703 562)
4(705 632 634 704)
2(633 563)
2(563 636)
5(637 706 565 635 707)
4(566 636 708 638)
3(637 710 639)
2(638 640)
3(568 641 639)
5(712 570 640 642 711)
3(641 643 714)
4(573 644 642 571)
3(715 643 645)
4(646 574 716 644)
2(645 575)
4(648 717 576 718)
4(647 649 719 577)
5(648 720 578 577 650)
3(651 649 579)
2(723 650)
2(580 723)
3(581 724 654)
4(583 724 655 653)
5(726 584 725 654 656)
3(584 727 655)
2(658 585)
3(657 728 659)
4(588 730 658 660)
3(661 659 588)
2(660 662)
5(591 733 661 732 663)
1(662)
3(594 71 735)
4(595 736 666 737)
3(665 596 737)
4(739 738 525 597)
1(739)
3(670 740 598)
3(600 741 669)
3(600 742 672)
5(673 671 743 601 744)
3(672 674 602)
3(673 675 604)
3(674 746 747)
3(604 748 677)
2(676 605)
4(607 749 748 679)
2(678 751)
3(608 752 681)
3(609 682 680)
5(683 681 753 612 611)
4(612 754 684 682)
4(683 685 755 613)
4(684 686 614 615)
4(687 685 757 756)
3(686 688 759)
3(687 616 689)
4(688 690 619 759)
3(762 689 760)
4(692 619 762 620)
3(693 691 622)
3(692 765 694)
2(693 622)
4(623 766 696 624)
4(695 697 767 625)
2(696 698)
4(627 699 697 769)
4(700 770 628 698)
3(699 772 701)
4(700 702 629 773)
2(632 701)
2(773 632)
2(775 633)
3(776 706 633)
2(705 636)
2(777 636)
4(779 637 709 778)
3(708 781 710)
3(711 638 709)
3(710 641 782)
3(783 641 713)
2(712 714)
2(713 642)
3(716 785 644)
4(717 715 787 645)
3(716 647 788)
2(789 647)
3(790 648 720)
4(791 649 721 719)
2(720 722)
3(721 794 723)
5(651 722 724 652 795)
4(725 723 654 653)
3(796 655 724)
4(655 797 798 727)
2(726 656)
3(799 658 729)
2(728 800)
4(801 659 731 802)
2(730 732)
3(731 662 733)
4(662 804 734 732)
2(805 733)
4(737 667 3 596)
4(5 667 4 668)
2(669 5)
3(742 6 670)
3(745 672 9)
5(748 746 12 675 13)
4(747 678 676 749)
5(678 13 14 750 748)
2(679 17)
3(680 753 17)
4(754 17 682 752)
5(19 683 753 18 755)
4(754 756 684 21)
3(757 755 686)
4(22 686 756 758)
2(757 759)
4(760 689 687 758)
4(690 24 759 761)
3(760 762 25)
5(690 763 691 27 761)
2(764 762)
4(693 764 766 30)
3(695 31 765)
3(696 32 768)
2(767 32)
3(698 34 770)
4(700 38 771 773)
4(701 703 774 772)
2(38 773)
4(705 41 775 777)
2(776 707)
2(42 708)
2(781 711)
3(784 715 786)
4(716 786 53 788)
2(787 717)
2(718 54)
4(57 790 720 792)
3(722 60 795)
2(723 794)
2(61 725)
2(726 62)
3(726 799 64)
3(800 798 728)
4(800 730 67 802)
3(801 803 730)
1(802)
2(69 733)
3(822 744 745)
3(95 784 783)
3(822 746 823)
4(785 128 784 824)
4(823 786 825 746)
4(129 825 823 131)
5(786 745 784 747 785)
3(787 746 785)
4(785 826 132 824)
3(825 827 133)
3(786 788 827)
4(65 98 34 169)
3(2 98 66)
3(828 826 787)
4(787 789 748 828)
2(65 97)
4(673 32 1 33)
5(66 32 64 169 33)
3(2 67 68)
4(790 827 829 788)
3(36 2 68)
2(65 0)
4(34 675 3 35)
4(828 830 134 791)
4(752 828 789 791)
2(65 0)
3(674 676 2)
4(101 676 3 69)
3(675 673 603)
4(831 135 829 137)
4(2 738 665 666)
3(792 829 790)
1(0)
4(790 753 792 751)
4(675 36 604 4)
2(665 1)
2(3 739)
4(36 70 4 102)
4(832 830 137 138)
3(752 832 791)
3(73 738 4)
3(739 76 740)
4(16 753 752 751)
2(760 23)
4(831 794 792 833)
2(794 753)
3(834 832 138)
3(832 795 793)
3(37 676 69)
3(32 766 102)
6(687 16 688 47 48 14)
3(833 835 140)
3(5 4 70)
4(788 751 790 749)
2(748 746)
4(146 148 842 840)
4(158 813 851 159)
3(13 11 45)
4(844 152 151 806)
4(848 153 846 154)
2(843 845)
2(791 793)
4(794 796 756 835)
2(70 734)
3(71 142 735)
4(71 2 143 736)
4(737 1 72 73)
2(76 741)
3(77 742 78)
4(742 79 78 743)
2(79 744)
2(80 745)
4(746 81 12 82)
4(13 747 11 83)
3(749 12 747)
4(15 84 749 85)
3(87 14 85)
3(88 750 17)
2(754 88)
4(90 754 89 20)
3(19 92 21)
2(755 20)
3(92 757 23)
3(22 95 24)
2(95 761)
2(96 27)
4(762 28 98 26)
2(27 29)
4(101 28 100 764)
4(764 102 101 765)
4(31 33 767 768)
3(32 34 104)
4(33 35 769 105)
4(105 36 770 34)
3(35 108 37)
4(109 771 36 38)
4(39 772 37 774)
4(38 40 775 110)
3(39 112 110)
3(112 776 42)
2(41 778)
3(779 113 114)
2(779 114)
3(115 46 117)
4(780 118 45 47)
4(46 783 781 48)
2(47 119)
3(119 50 121)
3(784 51 49)
4(50 52 121 786)
4(124 51 53 122)
3(52 787 54)
3(53 789 125)
3(125 790 56)
3(57 55 126)
4(791 58 128 56)
3(57 59 793)
3(58 60 130)
4(794 131 61 59)
3(132 796 60)
4(797 132 133 63)
2(62 134)
3(798 135 65)
4(136 800 64 66)
1(65)
3(138 801 68)
3(67 140 69)
3(68 804 70)
3(141 805 69)
4(0 1 664 142)
4(215 2 143 73)
5(144 3 72 2 74)
2(73 75)
1(74)
3(6 146 5)
3(147 7 148)
4(149 148 8 7)
4(8 150 9 80)
3(79 10 150)
3(151 11 82)
5(83 153 81 152 11)
4(84 82 12 154)
4(83 14 155 85)
5(86 155 14 15 84)
2(85 158)
3(15 159 88)
4(16 89 87 18)
4(88 90 159 19)
5(19 161 160 91 89)
3(92 90 163)
4(91 22 20 93)
3(94 92 163)
2(93 166)
3(23 96 25)
4(166 97 95 26)
5(96 169 98 167 168)
4(27 169 99 97)
3(100 98 170)
5(172 99 101 171 29)
5(29 172 30 100 173)
4(103 30 31 173)
2(102 104)
4(103 175 105 33)
4(104 35 106 34)
4(105 107 177 176)
3(179 106 108)
3(36 180 107)
2(37 110)
5(180 39 111 109 40)
4(112 181 110 182)
5(183 113 41 111 40)
2(43 112)
4(184 115 43 44)
3(45 114 185)
3(186 117 188)
4(45 116 118 189)
3(119 46 117)
4(120 118 49 48)
4(119 192 190 121)
4(122 51 49 120)
4(123 192 121 52)
4(122 195 124 193)
4(125 123 52 196)
3(55 124 54)
3(196 56 127)
3(197 128 126)
4(57 127 129 199)
2(128 200)
4(200 131 59 201)
5(130 132 202 60 203)
5(62 61 131 133 203)
5(203 204 62 134 132)
4(135 133 204 63)
4(206 64 134 136)
5(65 207 206 135 137)
1(136)
3(67 209 139)
2(138 211)
2(68 141)
3(140 212 70)
4(143 355 71 0)
4(142 214 1 72)
3(145 73 215)
2(144 146)
4(147 217 76 145)
3(77 146 219)
4(78 219 220 77)
4(78 220 150 221)
5(151 149 79 221 80)
4(152 150 81 222)
4(151 153 223 82)
5(152 154 224 82 225)
4(153 155 226 83)
4(154 85 84 156)
2(155 157)
5(156 229 227 228 158)
4(86 159 229 157)
5(160 87 158 230 89)
4(159 90 231 230)
3(232 90 162)
3(163 233 161)
4(91 164 162 93)
3(165 163 234)
4(164 237 166 236)
4(96 165 167 94)
4(237 97 168 166)
5(240 169 238 167 97)
5(98 170 97 240 168)
4(171 169 99 241)
5(170 243 241 242 100)
4(100 244 101 243)
4(174 244 102 101)
3(175 173 245)
4(246 104 174 176)
3(175 247 106)
3(106 178 247)
5(177 249 250 248 179)
4(251 107 250 178)
3(108 181 110)
5(182 180 111 252 251)
4(254 181 183 111)
4(112 184 254 182)
2(183 114)
3(255 115 186)
3(185 187 116)
4(259 186 257 188)
3(116 187 189)
3(190 117 188)
3(120 189 260)
3(261 192 263)
5(120 122 191 193 263)
5(194 192 263 123 264)
3(266 193 195)
4(123 267 196 194)
4(195 126 124 197)
4(267 127 196 198)
3(197 199 268)
3(128 270 198)
3(270 130 129)
4(271 202 130 272)
5(131 201 273 203 274)
5(202 133 274 131 132)
5(133 274 205 134 275)
3(204 206 275)
5(277 135 205 136 207)
5(278 136 277 208 206)
5(207 209 278 279 280)
4(280 138 208 210)
2(209 282)
2(139 282)
2(283 141)
2(355 426)
4(284 215 143 285)
4(214 144 72 286)
2(286 217)
4(218 216 288 146)
2(217 219)
5(218 148 289 290 147)
4(149 290 148 291)
3(149 292 150)
2(292 151)
2(152 294)
3(295 153 294)
3(153 297 296)
3(227 154 297)
3(226 298 157)
4(298 229 157 299)
5(158 228 301 157 300)
3(301 159 160)
3(302 160 232)
4(303 161 233 231)
4(162 304 234 232)
3(233 164 235)
2(305 234)
2(165 307)
3(165 238 167)
5(239 237 309 168 308)
5(238 310 240 311 309)
4(241 168 169 239)
5(242 240 170 171 311)
5(241 314 312 243 171)
5(315 171 172 314 242)
4(245 172 315 173)
4(244 316 246 174)
4(317 175 247 245)
5(246 248 177 318 176)
5(318 249 247 178 319)
4(178 321 248 250)
5(179 322 178 251 249)
4(179 252 181 250)
5(253 251 323 181 322)
4(324 252 254 323)
5(325 255 182 253 183)
3(185 254 256)
3(257 255 326)
4(187 256 327 258)
3(330 257 328)
3(187 331 260)
3(259 261 190)
3(331 191 260)
3(332 263 334)
4(262 193 192 191)
3(334 265 193)
4(266 335 264 337)
4(194 338 267 265)
4(195 268 266 197)
4(269 267 338 198)
5(268 270 339 340 341)
3(269 200 199)
2(201 341)
3(342 273 201)
5(272 202 274 345 344)
5(273 203 275 202 204)
6(276 274 346 345 205 204)
3(275 277 347)
5(206 348 276 207 278)
4(207 348 208 277)
3(350 208 349)
4(209 351 281 208)
4(282 351 280 352)
3(281 211 210)
2(212 353)
2(214 426)
4(286 356 357 214)
3(285 216 215)
2(357 288)
3(217 358 287)
2(359 219)
3(360 220 219)
2(361 220)
5(363 222 362 221 293)
1(292)
4(364 224 365 223)
4(224 365 366 296)
2(295 225)
3(225 368 226)
4(368 228 227 369)
3(369 300 228)
4(372 229 371 299)
4(230 302 229 372)
4(231 303 301 373)
4(232 374 302 304)
4(375 233 303 305)
3(306 304 235)
3(376 307 305)
4(236 378 306 308)
3(307 238 379)
4(238 379 310 239)
4(381 239 309 382)
4(382 312 239 241)
4(242 311 383 382)
3(383 314 385)
4(242 386 243 313)
4(316 243 244 386)
4(387 245 315 317)
4(388 246 316 318)
4(317 248 319 247)
4(320 389 318 248)
3(319 392 321)
4(393 320 249 322)
5(250 323 252 393 321)
6(394 252 322 324 393 253)
5(253 395 325 323 396)
4(254 324 326 396)
3(325 327 256)
4(397 257 328 326)
3(327 329 258)
4(399 330 401 328)
3(331 329 258)
5(259 261 332 330 402)
4(262 333 331 402)
4(332 405 403 334)
4(262 335 264 333)
4(405 265 334 336)
2(335 406)
2(265 409)
3(339 266 268)
5(338 410 269 409 340)
6(411 341 269 410 339 412)
5(340 271 269 412 342)
5(272 413 412 343 341)
5(342 415 344 413 414)
3(343 345 273)
5(273 346 344 275 416)
5(416 275 345 347 417)
5(348 346 417 418 276)
5(277 419 278 347 349)
4(420 279 348 350)
5(279 421 351 420 349)
5(280 350 352 422 281)
5(351 353 422 281 423)
3(352 283 424)
1(424)
2(142 213)
3(285 497 498)
3(285 287 427)
4(428 288 429 359)
3(289 358 430)
4(290 430 431 361)
3(360 291 431)
2(432 292)
3(292 434 433)
2(294 434)
4(295 435 294 436)
3(437 295 367)
4(368 366 438 439)
3(298 367 297)
3(298 440 299)
3(440 371 441)
5(370 300 442 372 443)
4(443 300 301 371)
2(444 302)
3(445 303 375)
4(446 304 376 374)
3(375 377 306)
4(447 449 378 376)
4(377 379 307 450)
4(309 378 380 308)
3(379 451 381)
4(310 452 382 380)
5(311 381 312 310 383)
4(453 313 312 382)
3(454 385 456)
4(386 384 313 457)
5(387 314 385 315 457)
4(388 316 386 458)
4(317 459 387 389)
3(388 390 319)
3(391 389 460)
3(390 463 392)
3(464 320 391)
5(394 321 322 323 464)
5(393 395 323 465 464)
4(466 324 467 394)
4(467 397 324 325)
3(396 327 398)
3(397 399 468)
3(469 329 398)
3(470 401 472)
4(400 329 473 402)
3(401 331 332)
3(473 333 404)
3(403 476 474)
3(406 333 335)
4(405 476 407 336)
4(406 408 477 479)
2(409 407)
3(339 408 337)
5(481 339 480 340 411)
6(482 340 481 412 410 483)
6(411 342 483 413 341 340)
6(484 342 414 412 483 343)
6(413 486 484 415 485 343)
5(487 343 414 416 486)
3(346 415 345)
4(487 346 347 418)
4(419 488 347 417)
3(490 418 348)
4(490 349 491 350)
4(350 492 491 422)
5(351 493 421 352 423)
5(493 424 352 495 422)
4(423 425 354 353)
1(424)
3(284 497 213)
5(428 570 357 498 499)
2(358 427)
4(571 430 358 500)
4(360 429 501 359)
4(501 360 432 361)
3(362 502 431)
2(503 363)
4(363 505 504 364)
3(505 365 506)
2(506 365)
4(508 366 507 438)
4(367 437 509 439)
2(367 438)
3(510 370 369)
4(511 442 512 370)
3(441 443 371)
5(372 444 514 442 371)
5(443 445 514 373 515)
4(374 516 444 446)
4(447 517 375 445)
3(446 377 448)
2(447 520)
3(521 377 450)
2(378 449)
3(521 380 452)
4(522 381 453 451)
3(452 383 454)
4(384 524 455 453)
3(454 526 527)
3(384 527 457)
4(528 386 385 456)
2(387 529)
4(530 388 460 529)
3(461 459 390)
3(460 462 531)
4(534 461 463 532)
3(535 391 462)
5(465 392 394 535 393)
4(464 466 394 536)
5(395 537 465 467 538)
5(538 396 395 466 468)
3(467 469 398)
4(539 399 470 468)
4(400 540 469 471)
4(543 541 472 470)
4(471 473 400 544)
4(474 403 472 401)
3(473 475 404)
5(545 474 547 476 546)
4(406 477 475 404)
3(407 547 476)
3(548 550 479)
5(480 407 551 550 478)
3(410 479 481)
6(410 552 551 411 482 480)
6(553 411 483 552 481 554)
6(482 412 484 554 413 411)
6(555 413 554 483 485 414)
6(486 484 557 556 555 414)
6(485 558 414 487 557 415)
5(417 415 486 488 558)
5(487 489 558 418 559)
3(488 490 560)
4(419 561 420 489)
4(562 420 421 561)
4(562 421 493 564)
4(492 423 422 494)
3(564 493 495)
2(423 494)
1(566)
3(356 568 426)
3(427 356 568)
4(571 570 427 641)
3(1 501 429)
5(430 502 500 572 431)
4(501 432 573 503)
4(502 504 433 574)
4(434 574 503 575)
4(575 435 434 576)
3(576 436 435)
3(437 577 578)
4(509 579 437 578)
4(508 510 580 438)
3(509 440 511)
3(441 581 510)
3(582 513 441)
3(514 512 585)
4(443 513 444 585)
2(585 444)
4(445 587 517 586)
4(446 588 516 518)
1(517)
2(520 589)
4(519 592 448 521)
4(449 522 451 520)
4(452 592 523 521)
4(522 595 593 524)
2(523 454)
1(595)
2(596 455)
3(598 456 455)
2(457 599)
3(599 459 458)
4(459 601 600 531)
3(530 532 461)
4(531 602 462 533)
2(532 603)
3(462 606 535)
4(536 463 464 534)
4(535 537 465 606)
4(466 608 538 536)
5(467 609 537 539 466)
3(538 540 469)
4(541 539 470 610)
3(540 542 471)
4(614 541 612 613)
3(471 615 544)
2(472 543)
2(615 475)
3(616 475 618)
4(477 618 475 548)
5(618 478 549 547 619)
4(619 550 548 621)
6(549 551 478 622 479 621)
5(481 550 552 622 479)
5(623 622 481 482 551)
5(482 624 623 625 554)
6(484 625 482 555 483 553)
6(625 484 556 554 626 485)
6(626 628 555 627 485 557)
6(485 629 556 558 628 486)
6(486 559 557 488 487 629)
4(629 560 558 488)
5(561 559 489 630 631)
4(632 560 490 491)
4(632 492 491 563)
4(562 564 633 635)
4(492 563 565 494)
3(566 564 636)
2(565 496)
0()
3(497 569 498)
3(570 568 639)
4(640 427 569 499)
3(429 1 499)
4(501 643 642 573)
3(644 502 572)
3(504 644 503)
3(645 505 504)
5(647 505 646 577 506)
4(507 576 648 647)
4(648 508 507 579)
5(580 650 508 649 578)
3(579 581 509)
3(580 511 652)
4(512 652 583 653)
3(582 655 584)
2(583 585)
5(656 515 514 584 513)
3(656 516 587)
5(658 516 588 657 586)
4(587 589 517 659)
3(588 590 519)
4(591 589 660 661)
3(590 592 663)
3(522 591 520)
3(663 523 594)
2(593 666)
3(596 523 525)
4(595 597 667 526)
4(669 596 598 667)
3(597 527 599)
4(670 528 598 529)
3(530 670 671)
4(530 672 671 602)
4(603 601 672 532)
3(604 602 533)
4(674 676 603 605)
3(604 606 677)
4(534 607 605 536)
2(606 608)
4(679 537 609 607)
3(610 608 538)
3(609 611 540)
3(610 682 612)
3(611 613 542)
3(542 686 615)
4(614 545 543 616)
4(615 617 687 546)
4(687 618 689 616)
5(617 548 547 546 619)
6(689 549 620 548 690 618)
4(690 621 619 692)
6(622 620 692 693 549 550)
5(552 621 551 550 693)
5(552 553 693 694 624)
6(625 553 695 623 696 694)
6(624 555 554 696 626 553)
6(556 625 696 627 555 697)
5(628 697 699 556 626)
5(627 700 556 629 557)
5(559 557 628 700 558)
2(700 560)
3(632 701 560)
5(703 561 562 631 633)
4(703 563 634 632)
4(633 706 704 635)
3(636 634 563)
5(635 707 565 708 637)
1(636)
0()
2(569 710)
4(570 38 710 641)
2(499 640)
4(1 2 572 643)
3(3 572 642)
3(573 4 574)
3(575 4 646)
4(5 576 647 645)
5(7 576 646 648 577)
5(578 649 7 647 577)
3(651 581 582)
4(16 656 654 583)
3(655 586 585)
2(16 587)
4(18 587 17 659)
4(658 660 19 588)
4(591 593 662 664)
2(665 594)
4(26 597 596 668)
4(597 670 29 30)
3(669 600 599)
3(30 601 600)
4(601 673 31 602)
3(678 605 676)
2(677 37)
3(614 687 719)
5(688 619 617 690 722)
5(691 693 726 621 620)
6(692 694 623 621 726 622)
5(727 726 693 623 624)
5(624 727 696 729 728)
6(695 625 697 624 626 729)
5(729 627 696 698 626)
4(730 699 697 732)
3(698 627 733)
4(630 628 733 629)
2(733 631)
2(703 734)
5(702 632 704 736 633)
4(703 705 737 634)
3(704 739 706)
3(707 634 705)
5(706 740 636 741 708)
2(636 707)
1(741)
5(691 726 759 758 724)
5(725 694 692 727 693)
6(694 695 759 728 726 760)
6(761 729 727 762 760 695)
6(728 697 730 695 696 762)
4(698 729 762 763)
3(763 732 765)
4(731 733 698 766)
5(734 732 700 701 699)
4(766 702 733 735)
2(734 769)
3(703 769 737)
5(704 738 769 736 770)
3(737 771 772)
3(705 740 772)
5(739 774 707 773 741)
3(707 740 709)
1(774)
5(130 759 757 725 724)
5(727 758 725 130 760)
6(130 131 728 759 761 727)
5(728 131 133 762 760)
6(728 763 761 730 133 729)
5(731 133 762 764 730)
4(765 134 763 136)
4(764 766 731 137)
4(734 765 767 732)
3(766 768 137)
1(767)
5(140 735 770 736 737)
4(769 771 141 737)
5(770 142 772 738 143)
5(143 739 771 773 738)
3(772 740 144)
4(740 145 742 775)
2(774 146)
2(643 41)
3(38 39 1)
4(41 645 644 5)
4(571 0 500 642)
4(38 743 640 639)
3(642 78 40)
4(42 646 4 6)
5(0 640 710 743 77)
2(2 149)
3(0 78 77)
4(38 76 77 710)
4(43 7 45 6)
3(5 7 44)
4(79 218 78 40)
3(149 39 2)
4(148 38 39 743)
4(79 4 42 3)
3(218 77 76)
5(147 149 148 360 219)
5(44 648 647 6 8)
3(147 743 148)
4(84 44 46 83)
3(664 0 593)
3(11 675 747)
4(671 7 741 8)
4(30 763 765 29)
3(770 37 772)
4(699 35 771 769)
3(149 41 80)
2(744 10)
6(760 758 131 759 201 129)
2(749 16)
3(39 776 704)
2(8 672)
3(659 661 590)
3(46 779 781)
2(12 582)
2(665 663)
4(29 671 31 669)
4(780 708 43 44)
3(787 51 785)
2(661 663)
2(792 58)
4(780 47 709 782)
3(672 674 32)
4(801 799 65 729)
3(712 784 47)
3(55 791 719)
3(769 211 141)
3(783 785 50)
2(216 774)
2(7 46)
4(10 46 649 650)
5(48 11 650 47 9)
3(10 50 12)
4(651 13 11 653)
4(50 14 12 654)
3(15 13 52)
3(14 16 54)
3(658 54 55)
4(658 56 55 19)
4(57 659 18 20)
1(19)
3(59 661 22)
2(21 23)
1(22)
2(61 665)
3(26 62 64)
4(27 25 667 665)
2(26 28)
4(29 65 27 67)
5(30 28 669 68 668)
4(32 672 30 68)
4(31 33 673 69)
4(34 70 674 32)
3(33 35 71)
3(74 34 36)
3(75 675 35)
4(711 676 75 678)
4(9 45 47 8)
5(10 85 48 46 86)
5(10 49 47 86 87)
3(89 48 88)
3(11 13 51)
3(52 89 50)
4(91 51 53 14)
3(54 52 92)
3(17 53 15)
3(93 18 17)
3(18 95 94)
3(19 96 58)
2(57 96)
3(60 21 97)
3(100 59 61)
2(24 60)
3(63 25 100)
1(62)
1(25)
2(103 28)
2(104 67)
4(28 107 66 68)
4(67 31 29 69)
4(32 107 68 70)
4(108 71 33 69)
3(70 72 34)
3(71 73 111)
3(72 113 74)
3(114 35 73)
4(744 36 711 37)
4(43 151 82 80)
5(153 45 154 82 84)
5(45 85 154 83 155)
3(156 47 84)
4(156 48 47 87)
4(158 48 86 88)
2(87 49)
3(51 90 49)
3(91 89 160)
5(52 162 90 92 161)
4(53 163 91 93)
3(92 55 94)
3(164 56 93)
2(56 166)
4(97 57 166 58)
4(96 98 167 59)
3(97 99 168)
3(171 98 100)
4(60 99 62 101)
3(102 100 171)
4(172 103 101 174)
3(102 65 104)
4(105 103 174 66)
4(104 177 175 106)
2(105 107)
4(67 108 106 69)
4(178 70 107 109)
3(108 179 110)
1(109)
3(72 112 181)
4(111 184 182 113)
4(114 73 184 112)
4(113 115 74 744)
3(185 745 114)
3(117 745 187)
2(118 116)
4(117 190 189 119)
4(120 747 748 118)
3(119 121 190)
3(193 120 750)
4(750 194 123 193)
4(122 752 194 124)
5(194 754 125 753 123)
4(124 196 126 197)
5(754 127 125 756 755)
5(197 757 198 756 126)
5(198 200 757 129 199)
4(204 131 133 202)
4(204 764 133 135)
4(207 205 134 136)
3(139 137 208)
1(138)
3(140 770 212)
2(213 771)
3(215 773 143)
2(216 775)
4(221 80 152 81)
3(151 153 223)
4(152 83 224 154)
6(225 84 83 153 224 155)
3(225 154 84)
4(86 226 85 157)
2(156 158)
4(229 159 157 87)
3(158 160 230)
3(159 90 161)
4(162 91 231 160)
4(91 233 161 232)
3(234 164 92)
4(94 163 235 165)
1(164)
4(95 236 167 96)
5(97 237 238 168 166)
3(167 98 169)
3(170 168 239)
3(169 171 240)
4(99 172 170 101)
4(173 242 102 171)
4(172 245 243 174)
4(104 102 175 173)
4(174 105 245 176)
3(246 248 175)
3(178 105 249)
3(177 108 179)
3(178 180 109)
3(179 181 251)
2(180 111)
2(252 112)
3(253 184 255)
4(185 183 113 112)
4(184 115 256 186)
2(187 185)
5(258 116 257 188 186)
2(189 187)
4(188 261 118 260)
4(118 120 261 191)
2(190 261)
3(262 193 263)
5(121 265 194 192 122)
5(193 124 122 195 123)
3(196 194 265)
5(268 195 125 197 267)
4(127 268 196 125)
5(268 128 199 127 269)
5(269 200 198 128 271)
5(201 199 128 272 129)
6(200 131 130 129 202 272)
4(272 132 201 131)
2(204 273)
4(132 134 205 203)
4(204 206 275 135)
4(205 278 277 276)
4(135 279 278 208)
4(209 136 207 138)
3(210 208 279)
3(209 211 281)
3(140 282 210)
2(282 141)
4(283 142 214 285)
3(215 143 213)
4(214 216 286 144)
4(215 145 217 146)
1(216)
3(220 218 150)
3(221 289 219)
4(151 291 220 222)
2(221 292)
2(293 152)
4(294 225 153 154)
4(296 154 224 155)
3(156 296 227)
2(226 228)
3(227 229 299)
5(158 299 300 230 228)
4(231 229 301 159)
3(230 161 232)
4(231 302 233 162)
4(304 234 162 232)
3(233 163 305)
2(164 306)
2(306 166)
3(307 167 308)
4(239 167 308 309)
3(238 240 169)
4(239 241 310 170)
4(242 311 240 313)
2(172 241)
2(313 173)
3(314 245 316)
4(173 246 244 175)
3(245 247 176)
2(246 319)
2(176 320)
2(250 177)
3(249 321 251)
4(252 250 322 180)
3(251 253 182)
3(183 252 323)
3(324 326 255)
5(256 183 326 254 327)
4(185 255 257 327)
5(187 327 328 258 256)
4(259 187 328 257)
3(260 258 329)
4(259 331 189 261)
5(262 189 190 260 191)
4(263 261 331 192)
5(262 333 264 334 192)
4(265 263 335 334)
4(266 193 264 195)
2(265 267)
5(266 339 268 338 196)
6(196 269 267 198 197 339)
6(199 268 339 270 340 198)
4(342 269 340 271)
3(270 272 199)
5(200 273 202 201 271)
4(343 203 272 274)
4(275 344 273 346)
3(276 205 274)
4(275 277 347 206)
5(349 276 347 206 348)
3(206 350 207)
4(207 280 350 209)
3(279 351 281)
3(352 210 280)
3(353 211 212)
3(353 213 284)
4(283 285 354 356)
3(284 286 213)
3(357 215 285)
1(358)
1(358)
3(220 360 290)
2(289 361)
3(361 221 292)
4(291 293 362 222)
3(292 294 223)
4(224 363 295 293)
3(294 296 365)
5(366 226 295 225 297)
2(296 366)
1(367)
3(369 229 228)
4(229 301 370 371)
4(302 300 372 230)
3(301 232 303)
1(302)
4(305 374 233 376)
4(304 306 234 377)
4(305 307 236 235)
3(306 237 378)
4(238 378 379 237)
3(238 379 310)
3(380 240 309)
4(241 381 312 382)
3(311 384 313)
4(241 243 314 312)
4(244 384 313 315)
3(386 316 314)
3(315 244 317)
1(316)
3(388 319 389)
4(247 391 318 320)
2(248 319)
3(391 250 322)
4(321 392 323 251)
4(322 253 324 394)
5(254 395 323 325 394)
3(324 396 326)
5(327 254 397 255 325)
5(326 257 398 255 256)
4(398 258 257 329)
5(259 399 328 400 330)
2(329 400)
4(402 260 262 332)
3(333 331 403)
3(405 263 332)
3(406 263 264)
2(264 336)
2(406 335)
3(407 338 409)
2(337 267)
5(267 340 410 269 268)
5(339 341 270 411 269)
3(340 414 342)
4(270 343 341 414)
3(273 342 344)
4(343 415 274 345)
4(418 344 416 346)
2(274 345)
4(418 277 276 348)
4(419 347 421 277)
3(277 421 350)
4(351 278 349 279)
4(352 350 422 280)
5(353 424 351 281 425)
4(352 283 282 354)
4(355 425 284 353)
4(354 356 426 428)
3(355 357 284)
4(429 286 358 356)
4(357 359 288 287)
2(358 430)
2(218 289)
3(291 431 290)
3(363 431 292)
3(433 294 362)
2(365 433)
3(366 364 295)
5(436 367 296 365 297)
3(366 368 298)
4(369 438 367 439)
3(368 299 370)
4(369 300 441 440)
2(300 441)
3(301 443 373)
1(372)
3(304 444 375)
5(374 446 447 445 376)
2(375 304)
2(305 448)
4(307 448 449 308)
4(308 449 380 309)
4(379 310 381 450)
3(451 311 380)
3(311 452 383)
3(382 385 455)
3(385 312 314)
4(384 456 383 386)
4(457 385 315 387)
1(386)
3(458 318 389)
3(461 388 318)
0()
3(319 392 321)
4(391 393 462 322)
3(392 465 464)
3(323 465 324)
3(324 466 465)
5(397 466 467 468 325)
4(398 396 468 326)
4(328 397 327 469)
3(329 469 470)
4(470 329 401 330)
2(400 471)
3(331 473 403)
4(474 402 404 332)
2(403 475)
4(333 476 477 406)
4(407 334 336 405)
4(406 337 477 408)
2(407 480)
3(481 410 337)
2(339 409)
3(412 413 340)
2(411 482)
3(485 411 484)
4(415 341 485 342)
3(416 414 344)
5(417 415 486 487 345)
4(489 416 418 488)
4(417 347 345 419)
4(418 489 420 348)
3(490 421 419)
5(492 349 422 420 348)
3(421 351 423)
3(492 424 422)
4(352 423 496 495)
4(352 426 354 496)
4(425 427 355 497)
3(426 498 428)
3(427 429 355)
4(357 500 428 501)
2(572 359)
3(362 361 432)
1(431)
3(502 363 364)
2(502 435)
1(434)
3(366 505 437)
3(438 436 506)
4(368 437 507 439)
4(368 509 438 440)
3(439 441 370)
5(511 370 442 440 371)
2(441 443)
4(372 514 444 442)
4(514 374 445 443)
4(516 444 515 375)
3(375 518 516)
2(519 375)
3(378 519 377)
4(450 519 378 379)
3(449 451 380)
4(521 381 452 450)
3(454 451 382)
4(523 454 525 524)
3(452 455 453)
4(456 454 526 383)
5(457 526 455 385 527)
4(456 458 528 386)
3(388 457 459)
3(458 460 529)
4(461 459 531 530)
4(462 460 532 389)
3(461 392 463)
2(462 533)
2(393 534)
5(393 466 394 395 535)
4(535 396 465 395)
3(538 536 396)
5(469 397 538 396 539)
3(399 468 398)
4(539 400 399 471)
3(470 541 401)
2(542 473)
3(402 544 472)
3(403 544 475)
5(476 545 547 474 404)
4(475 405 477 548)
4(478 407 476 405)
2(479 477)
5(480 478 549 550 551)
4(552 481 479 408)
3(409 480 482)
5(483 481 553 412 552)
4(555 482 554 484)
2(483 413)
3(556 413 414)
2(416 556)
3(557 416 488)
3(487 559 417)
4(417 490 560 419)
5(489 491 560 420 561)
3(562 490 492)
4(423 491 421 493)
2(492 563)
4(563 495 565 566)
2(494 424)
4(424 566 425 497)
4(496 426 567 498)
5(499 567 427 497 568)
3(498 570 500)
2(499 429)
2(571 429)
3(433 434 503)
3(504 502 573)
2(503 505)
3(436 574 504)
4(437 575 507 574)
5(576 438 577 506 508)
1(507)
3(510 439 580)
3(511 580 509)
3(512 441 510)
3(514 582 511)
2(514 583)
5(512 444 515 513 443)
4(514 586 445 516)
5(586 517 445 446 515)
4(518 587 516 589)
4(590 519 517 446)
5(448 518 449 447 520)
2(519 590)
3(451 591 522)
2(521 523)
3(592 453 522)
2(594 453)
2(453 596)
4(596 456 455 527)
4(528 597 456 526)
4(527 457 529 599)
3(600 528 459)
2(460 600)
3(460 602 532)
3(533 461 531)
4(534 603 532 463)
5(533 535 606 464 605)
4(534 536 466 465)
3(535 467 537)
4(538 607 609 536)
4(467 540 537 468)
4(541 470 468 540)
4(538 612 610 539)
3(539 542 471)
4(472 612 541 543)
1(542)
3(473 615 474)
4(475 615 546 616)
2(545 617)
2(475 619)
2(476 549)
3(619 479 548)
3(621 479 622)
3(623 479 552)
5(480 623 482 551 553)
4(482 624 623 552)
3(624 483 626)
4(483 556 626 627)
4(555 485 486 557)
4(487 627 556 558)
2(557 628)
3(560 629 488)
4(559 489 631 490)
1(490)
3(491 633 563)
5(562 494 634 564 493)
4(563 565 635 636)
4(494 637 567 564)
3(496 494 567)
5(565 498 566 637 497)
1(498)
3(570 638 640)
4(499 571 569 641)
2(570 501)
1(430)
1(503)
3(505 644 506)
4(576 644 506 645)
4(575 646 577 507)
4(579 576 507 647)
4(717 579 647 650)
3(580 577 578)
4(579 581 510 509)
3(651 582 580)
3(581 512 583)
3(584 513 582)
4(653 585 656 583)
2(584 586)
4(585 516 587 515)
4(517 657 586 588)
3(587 659 660)
2(517 660)
4(518 661 591 520)
4(521 592 590 661)
5(593 591 523 661 662)
4(592 594 662 663)
4(595 664 593 524)
3(594 596 667)
5(526 595 597 525 667)
4(596 527 668 598)
2(597 669)
3(670 528 600)
4(671 529 530 599)
2(671 602)
5(673 603 601 674 531)
3(602 604 533)
4(603 676 675 605)
3(604 534 677)
2(607 534)
3(608 606 537)
3(607 679 609)
3(608 610 537)
4(611 540 609 681)
3(610 613 682)
3(613 540 542)
3(614 612 611)
3(613 684 615)
4(614 545 544 616)
3(615 617 545)
4(687 618 616 546)
3(619 617 688)
4(549 618 547 620)
3(621 689 619)
3(550 691 620)
2(550 692)
4(693 551 553 552)
3(694 553 554)
3(626 694 696)
4(625 555 697 554)
3(555 628 557)
4(629 627 697 558)
4(628 630 559 699)
3(629 701 631)
3(630 560 632)
3(631 633 702)
4(562 703 632 634)
3(563 704 633)
4(564 704 706 636)
4(706 635 564 637)
4(565 638 636 567)
3(637 569 639)
4(640 707 708 638)
5(639 641 709 710 569)
3(640 570 711)
1(643)
1(642)
2(575 574)
1(575)
2(715 576)
3(577 716 578)
2(717 649)
4(651 720 723 648)
1(578)
3(581 649 652)
1(651)
3(584 724 723)
4(724 655 725 726)
3(656 727 654)
4(657 655 584 728)
3(658 656 587)
3(657 659 729)
4(732 658 731 588)
5(732 661 588 662 589)
4(660 590 592 591)
4(660 593 592 663)
4(733 664 662 593)
4(594 663 734 665)
3(664 736 666)
1(665)
4(738 668 595 596)
4(667 669 597 738)
4(670 739 668 598)
4(669 671 599 741)
4(670 672 601 600)
3(673 743 671)
3(672 602 745)
2(745 602)
2(746 604)
4(604 748 678 677)
2(676 605)
2(679 676)
5(608 751 749 678 680)
3(679 681 752)
3(680 610 682)
4(754 611 681 683)
2(684 682)
3(756 614 683)
3(756 687 758)
0()
4(685 617 760 688)
3(689 687 618)
4(688 620 761 690)
1(689)
4(763 621 764 692)
2(622 691)
2(623 766)
4(625 766 624 695)
2(694 768)
3(625 770 697)
4(698 626 628 696)
4(697 699 770 771)
4(698 772 629 700)
3(701 699 774)
3(702 700 630)
5(703 701 775 632 777)
3(702 704 633)
5(703 705 634 778 635)
3(781 704 779)
3(635 781 636)
2(639 781)
4(782 639 709 783)
4(708 640 785 784)
2(640 712)
1(641)
1(710)
0()
0()
2(646 716)
5(715 717 786 647 718)
4(716 648 578 718)
4(786 719 717 716)
3(720 718 789)
5(790 719 722 649 721)
5(794 790 722 792 720)
3(720 724 721)
2(653 649)
5(653 794 722 654 725)
4(654 795 724 794)
3(654 796 797)
4(798 655 728 799)
2(656 727)
3(658 730 799)
2(729 801)
2(803 659)
3(733 660 659)
4(732 734 803 663)
4(733 735 664 804)
3(734 806 736)
4(737 806 735 665)
2(736 738)
4(667 809 737 668)
3(809 669 740)
4(739 812 811 741)
3(740 670 742)
1(741)
4(814 672 813 744)
1(743)
3(673 746 674)
4(747 816 745 675)
4(746 819 748 818)
2(747 676)
2(819 679)
0()
3(679 822 752)
3(751 754 680)
4(825 822 823 754)
4(682 753 825 752)
0()
3(684 757 685)
4(825 756 826 758)
4(759 757 685 827)
2(758 760)
4(687 759 761 830)
4(830 689 762 760)
3(761 763 831)
4(691 832 762 764)
4(691 765 833 763)
4(834 766 764 767)
3(765 694 693)
3(768 765 835)
3(767 769 695)
3(770 837 768)
4(696 839 698 769)
2(839 698)
3(699 841 773)
4(842 772 843 774)
2(700 773)
3(702 843 777)
1(843)
3(702 778 775)
3(847 704 777)
3(705 847 780)
4(849 781 782 779)
5(705 782 780 707 706)
4(781 783 780 708)
4(851 782 708 784)
3(783 853 709)
1(709)
3(718 716 787)
2(789 786)
2(791 789)
4(787 719 790 788)
4(720 791 721 789)
3(788 790 792)
3(793 791 721)
3(794 792 795)
5(795 721 793 724 725)
4(794 793 796 725)
3(797 795 726)
3(798 796 726)
3(797 800 727)
3(800 729 727)
3(801 798 799)
3(800 802 730)
2(803 801)
4(733 802 731 804)
3(803 734 805)
1(804)
3(735 807 736)
2(808 806)
3(809 807 810)
3(739 808 738)
2(808 811)
3(812 740 810)
3(813 811 740)
3(812 814 743)
3(743 815 813)
2(816 814)
3(746 815 817)
1(816)
2(819 747)
4(749 820 747 818)
2(819 821)
3(822 820 823)
3(751 821 753)
3(824 821 753)
2(823 826)
3(757 753 754)
3(757 824 827)
3(826 828 758)
2(827 829)
2(828 830)
4(831 829 761 760)
3(830 832 762)
3(831 763 833)
3(764 832 834)
3(765 835 833)
3(836 834 767)
2(835 837)
3(836 769 838)
2(839 837)
4(838 770 840 771)
2(839 841)
2(840 772)
1(773)
4(775 844 773 776)
2(843 845)
2(844 846)
3(847 845 848)
3(778 846 779)
2(846 849)
3(780 848 850)
1(849)
2(783 852)
3(853 851 854)
3(852 784 856)
1(852)
1(856)
2(855 853)
5(37 712 679 744 75)
4(75 745 114 711)
4(679 745 713 711)
5(712 746 115 116 744)
2(747 745)
2(714 712)
4(746 119 714 748)
4(713 748 715 747)
5(749 714 119 715 747)
5(748 682 681 714 716)
3(748 750 716)
3(715 717 749)
2(81 83)
3(43 41 5)
5(122 749 717 121 751)
3(750 684 716)
2(750 718)
4(684 752 751 685)
2(218 76)
3(44 81 42)
3(719 123 718)
3(752 686 720)
3(79 151 81)
2(13 655)
3(753 687 719)
3(124 720 721)
4(579 10 651 9)
4(688 753 754 755)
4(124 755 721 126)
1(219)
2(29 667)
3(650 12 652)
3(36 674 676)
4(21 660 662 590)
4(664 26 24 666)
3(15 657 655)
3(648 9 579)
5(690 688 755 723 689)
6(754 756 722 723 721 126)
4(673 604 33 675)
4(613 717 718 683)
2(679 681)
4(608 712 711 680)
5(722 691 755 724 756)
2(680 715)
5(755 757 127 126 723)
2(613 718)
4(722 687 689 721)
2(682 684)
5(757 201 128 130 200)
4(604 37 675 677)
4(764 135 208 137)
5(692 725 723 690 724)
5(723 758 757 725 691)
3(611 715 683)
4(214 772 144 771)
6(201 761 130 132 760 202)
6(127 758 756 128 129 724)
5(722 620 691 689 619)
5(688 686 617 720 616)
4(136 767 765 138)
5(132 763 134 761 762)
4(684 685 612 542)
)


// ************************************************************************* //
