/*--------------------------------*- C++ -*----------------------------------*\
  =========                 |
  \\      /  F ield         | OpenFOAM: The Open Source CFD Toolbox
   \\    /   O peration     | Website:  https://openfoam.org
    \\  /    A nd           | Version:  8
     \\/     M anipulation  |
\*---------------------------------------------------------------------------*/
FoamFile
{
    version     2.0;
    format      ascii;
    class       vectorField;
    location    "0/lagrangian/kinematicCloud";
    object      angularMomentum;
}
// * * * * * * * * * * * * * * * * * * * * * * * * * * * * * * * * * * * * * //


1578
(
(-1.05934e-09 -9.11382e-12 8.10906e-11)
(1.24821e-09 2.55597e-10 -6.47284e-11)
(-1.37609e-09 -1.68983e-10 -2.30498e-10)
(6.20329e-10 2.2563e-10 1.32508e-10)
(3.10522e-09 7.91322e-10 -4.5474e-11)
(-2.91448e-09 -8.65338e-10 1.33706e-10)
(-1.48358e-10 -5.89463e-12 5.52739e-11)
(-4.62982e-09 3.17772e-09 -2.83205e-10)
(-2.2018e-09 1.40775e-10 2.03613e-10)
(4.81849e-10 3.88538e-09 -4.7129e-12)
(-3.95099e-10 -1.05307e-10 -6.23254e-11)
(8.55082e-10 -2.27145e-09 2.99677e-12)
(2.30542e-09 -2.04629e-10 -1.29817e-11)
(-2.2324e-09 1.39948e-09 -3.17712e-11)
(-3.7168e-11 -4.68672e-11 -2.53215e-11)
(-5.81922e-11 1.89275e-11 -3.30223e-12)
(-9.45269e-12 5.31065e-11 1.85621e-11)
(1.01656e-10 -3.19093e-11 -1.6142e-11)
(-9.36775e-11 -2.84613e-11 7.19161e-11)
(-2.67625e-10 6.62077e-10 9.54198e-11)
(-7.03051e-11 -7.27127e-12 1.28797e-10)
(2.21895e-11 -5.14817e-11 -8.39882e-11)
(8.40521e-11 6.57969e-12 -8.46172e-11)
(1.00161e-11 7.86412e-11 3.46551e-11)
(-1.35709e-11 -9.59145e-12 -6.02773e-12)
(1.10213e-11 -6.60067e-11 -1.55842e-11)
(-5.10832e-13 1.16878e-11 -1.00155e-10)
(1.23373e-10 4.04846e-11 8.29191e-11)
(-2.06408e-10 -2.92894e-10 -8.52086e-11)
(3.64925e-11 2.45926e-11 -3.55698e-11)
(-2.92171e-12 1.29989e-11 -1.20413e-11)
(4.35584e-11 8.21101e-12 -6.66735e-12)
(-4.91367e-11 -5.9146e-11 -2.9685e-11)
(8.55148e-11 7.43924e-11 2.01474e-11)
(-5.65909e-11 -3.98047e-11 -5.48583e-11)
(8.49594e-11 1.02749e-10 3.80784e-11)
(3.95431e-11 -6.98449e-11 1.59111e-12)
(-1.09724e-09 -6.05011e-11 -5.09926e-11)
(-8.31023e-11 1.18406e-10 -4.49122e-11)
(-2.88645e-11 8.80638e-11 -3.77038e-11)
(1.76612e-10 -6.0114e-11 1.22763e-11)
(7.12489e-11 -7.7528e-11 1.66575e-11)
(9.5822e-11 -8.7412e-11 4.87766e-11)
(6.77177e-11 6.13712e-11 -1.35639e-12)
(2.39725e-12 2.25058e-11 7.22047e-13)
(-2.80351e-11 6.02093e-12 2.83698e-12)
(-7.34558e-11 -5.02086e-11 -8.26326e-12)
(-5.00619e-12 4.95385e-11 3.59954e-14)
(2.05732e-11 -6.9319e-11 -4.07718e-12)
(-7.41348e-11 -6.34366e-11 -3.33571e-12)
(7.02475e-11 7.54902e-11 -1.52457e-11)
(-1.47176e-11 5.54759e-11 -5.37881e-12)
(4.70272e-11 -1.15433e-10 -3.40459e-12)
(1.3272e-10 4.03131e-10 -4.17906e-11)
(5.78142e-11 -1.33252e-10 -9.5144e-11)
(2.69678e-11 6.77867e-11 7.41581e-11)
(-5.02144e-12 4.33426e-11 -1.20547e-10)
(7.73018e-11 -6.58274e-12 7.74235e-11)
(1.07792e-10 1.48139e-10 -1.16581e-10)
(-6.20579e-11 -2.06377e-10 5.03055e-12)
(-1.41882e-10 2.85962e-10 -2.56373e-11)
(7.3259e-11 -1.91631e-10 -1.09674e-10)
(4.05573e-11 2.39534e-10 -2.01203e-13)
(-1.69942e-10 -3.47951e-11 -8.3562e-12)
(1.00699e-10 4.18562e-12 -6.10112e-11)
(1.20814e-10 -2.27678e-10 7.14143e-12)
(-1.6645e-10 -4.51187e-11 -3.91774e-11)
(1.88446e-11 -4.45813e-11 1.95686e-11)
(-1.64153e-10 1.44361e-11 -4.27291e-11)
(2.26191e-10 -2.05036e-11 -1.70629e-10)
(-1.63209e-10 -5.1774e-11 1.53404e-10)
(1.29432e-10 2.83486e-10 -4.11811e-10)
(-5.17147e-10 2.17465e-10 2.78234e-10)
(-1.20449e-10 1.14355e-09 -2.66383e-10)
(-7.96079e-10 -6.94238e-10 1.68258e-10)
(9.63068e-10 -2.68202e-10 1.7012e-10)
(2.91504e-10 5.18687e-11 3.13418e-10)
(-1.88662e-10 -1.40428e-11 -4.62664e-10)
(-1.45847e-09 -4.0048e-12 7.65344e-11)
(1.67901e-09 4.44218e-09 -4.28933e-11)
(2.86844e-09 -1.48086e-09 -2.01529e-10)
(1.11051e-10 1.94045e-12 2.93125e-11)
(8.19903e-10 -3.30383e-10 9.96216e-11)
(9.44137e-11 1.02938e-11 -3.33234e-11)
(-9.22479e-11 1.93187e-12 -1.9993e-11)
(-6.63034e-11 2.60409e-11 7.07299e-13)
(-1.55333e-11 -2.53881e-11 -9.67265e-12)
(-8.38542e-11 4.9114e-11 5.82133e-12)
(-3.67765e-11 3.44967e-11 1.11002e-11)
(6.73059e-11 -5.07146e-11 -2.56749e-11)
(-7.03739e-11 1.29078e-12 -2.22612e-11)
(5.72411e-11 2.53989e-11 5.23546e-12)
(-2.03936e-11 1.29785e-11 -1.46797e-11)
(3.06968e-11 -7.83465e-11 -3.92822e-12)
(-8.03545e-11 1.41678e-11 -2.30921e-11)
(-7.62104e-11 -4.23666e-11 4.46478e-11)
(-5.42727e-11 2.45732e-11 1.04613e-11)
(-4.207e-11 4.64075e-11 1.40624e-10)
(-2.16987e-10 -2.25289e-11 -6.31927e-11)
(1.76397e-11 -5.08063e-11 -5.28793e-12)
(-2.10628e-11 4.07703e-11 -1.55892e-10)
(1.94585e-10 3.44629e-11 -1.02154e-10)
(-3.90939e-14 -2.94097e-11 5.30455e-11)
(-1.18781e-10 1.95296e-10 1.16834e-10)
(2.05611e-10 1.88771e-10 1.28841e-10)
(-4.34659e-10 -3.42508e-10 -8.84174e-12)
(-5.05448e-11 7.96284e-11 9.69712e-11)
(5.4881e-11 1.82096e-11 -1.13938e-10)
(-1.11645e-11 -2.787e-11 -1.14162e-11)
(3.09821e-11 -4.35728e-11 -5.36049e-11)
(-1.33218e-11 -1.06391e-11 9.69291e-12)
(-3.39347e-10 -5.61105e-10 1.2089e-11)
(-6.37721e-10 8.65028e-10 -5.4817e-11)
(2.26613e-10 6.23036e-10 2.16922e-11)
(-3.44713e-11 -2.77799e-11 1.74468e-11)
(-1.19214e-10 3.47026e-11 -3.7486e-11)
(2.86817e-11 -6.6194e-11 3.26089e-11)
(-2.98784e-10 5.43155e-11 2.60296e-12)
(4.3074e-11 5.69664e-11 1.77556e-12)
(-2.56114e-11 -8.67278e-11 2.14059e-12)
(1.30607e-11 6.92554e-11 -5.34705e-12)
(-4.63607e-12 -3.2914e-11 -9.19481e-12)
(5.78596e-11 6.45013e-12 5.17292e-12)
(-1.96725e-11 -5.94111e-11 -1.54462e-11)
(-1.9828e-11 7.6909e-11 -3.74427e-12)
(2.18508e-11 -1.60668e-11 -6.01e-12)
(5.21843e-11 4.02144e-11 -7.63198e-12)
(-9.27499e-11 -5.8501e-11 1.22811e-11)
(2.88334e-11 -5.27333e-11 -3.55498e-12)
(1.37998e-11 7.4141e-11 5.21684e-11)
(2.00215e-11 -3.69462e-11 -5.86388e-11)
(8.83356e-12 -1.64108e-11 9.95795e-12)
(2.45868e-11 -8.29292e-11 -4.64191e-12)
(-1.63781e-11 2.49898e-11 -2.84794e-12)
(-2.1358e-10 -7.59763e-12 3.67212e-11)
(6.40015e-11 8.00325e-11 -6.13382e-12)
(4.12231e-11 -3.52662e-11 -7.68914e-11)
(-5.55508e-11 1.22352e-10 -8.09848e-11)
(-3.26375e-11 -4.29236e-11 -6.32166e-11)
(-1.11458e-10 -6.32381e-11 -2.12762e-11)
(-7.22407e-11 3.04845e-10 -3.24407e-11)
(-2.99508e-10 3.99021e-10 -4.31836e-11)
(1.34126e-10 -1.94006e-10 -1.73185e-11)
(2.64224e-10 -3.73809e-10 3.36709e-11)
(1.2194e-11 -1.62104e-10 -2.36994e-11)
(2.04236e-10 1.62323e-10 -4.13171e-11)
(7.2232e-11 -1.66688e-11 1.09542e-10)
(-1.802e-10 -1.54627e-10 3.95085e-10)
(1.7376e-10 3.68267e-10 -1.65122e-10)
(-9.81512e-11 -6.65995e-11 5.74767e-11)
(-1.70258e-10 -4.19098e-10 6.41751e-10)
(-1.00617e-09 8.78103e-10 -5.40994e-10)
(-2.17289e-10 -1.00166e-11 1.85703e-10)
(-2.67301e-10 -5.12363e-11 -2.22695e-10)
(2.23076e-10 -6.46506e-12 2.11198e-10)
(1.31361e-09 1.8352e-10 -2.42575e-09)
(-5.0561e-10 1.32634e-11 -1.35782e-11)
(-9.49479e-11 -2.75927e-11 1.98365e-10)
(5.79366e-11 6.50417e-11 -3.88651e-11)
(-5.53102e-11 -3.31041e-11 -1.06702e-10)
(2.07246e-10 -1.47903e-11 2.34533e-11)
(1.58923e-11 -2.49965e-11 1.16771e-10)
(-9.47288e-11 6.29911e-11 -8.17864e-11)
(6.84828e-11 -5.35345e-11 2.22715e-11)
(-8.54836e-14 -1.89003e-11 -4.57071e-11)
(-1.05094e-11 5.09008e-11 2.6573e-11)
(-4.10394e-11 1.61043e-11 -5.88612e-12)
(9.77374e-11 -6.27063e-11 -3.63821e-11)
(3.5084e-12 -3.45797e-12 -5.00479e-12)
(7.93394e-11 -1.43911e-11 2.29147e-11)
(1.50788e-11 -4.78884e-11 1.33654e-12)
(5.76638e-11 2.82259e-11 7.12271e-12)
(-4.55326e-11 -2.90045e-11 -1.01482e-11)
(8.3891e-11 1.30722e-11 -1.17088e-11)
(-1.74016e-11 -3.1184e-12 4.97496e-11)
(-1.82356e-11 5.98866e-11 8.39065e-11)
(2.07774e-11 -3.77471e-11 -1.21196e-10)
(4.29778e-10 4.09132e-10 9.85977e-11)
(3.10083e-11 -3.25075e-10 1.97323e-11)
(1.64789e-10 -2.32944e-10 -1.22492e-11)
(7.41246e-11 3.57381e-10 -9.88034e-11)
(-2.38431e-11 9.881e-11 1.93366e-11)
(3.98089e-10 8.62115e-10 -1.25616e-11)
(1.73405e-11 -4.19742e-10 1.16881e-10)
(-4.96555e-11 8.82722e-11 -3.4651e-12)
(1.58448e-11 -8.3376e-11 1.01861e-10)
(4.0913e-12 6.89531e-12 2.71297e-11)
(1.74926e-12 3.48797e-11 -5.11995e-11)
(7.02548e-12 3.80911e-11 -3.09385e-11)
(1.67723e-11 -3.40503e-11 4.6783e-11)
(1.16402e-10 2.21756e-11 6.37275e-12)
(3.16758e-10 -7.54049e-10 -2.05287e-11)
(-1.23455e-10 -4.39642e-11 -2.15692e-11)
(3.25148e-11 2.29433e-10 2.36388e-11)
(2.72731e-11 -8.19495e-11 -1.41633e-10)
(-8.73623e-11 1.92671e-10 1.09582e-10)
(1.10423e-09 -1.5465e-09 2.26389e-11)
(6.2377e-10 -1.07968e-09 -1.94257e-11)
(6.71681e-10 1.7465e-09 -9.17106e-11)
(3.32896e-09 -8.80846e-09 2.48959e-10)
(2.79014e-11 3.04927e-11 7.08847e-11)
(-3.35877e-11 -1.51921e-13 -1.64615e-11)
(2.67686e-11 1.98137e-10 2.4719e-11)
(-8.8696e-12 -3.49112e-11 4.83176e-11)
(5.10888e-11 -4.82431e-11 1.49431e-11)
(-2.59644e-11 2.02445e-11 -1.35675e-12)
(8.68757e-12 -1.02819e-10 2.28825e-11)
(-3.06177e-11 -3.6111e-11 -9.25002e-12)
(-1.67546e-11 -1.2066e-10 2.71428e-11)
(-5.37144e-10 -1.60158e-09 -1.59762e-12)
(4.18396e-13 8.50566e-11 9.90533e-11)
(-1.7061e-11 -5.18608e-11 -1.27666e-11)
(-6.952e-11 -4.43061e-11 2.67165e-12)
(1.02133e-10 4.05061e-11 3.42394e-11)
(8.8361e-10 2.40377e-09 1.22832e-11)
(-1.09389e-10 -6.49455e-11 3.77458e-11)
(6.90907e-11 1.98334e-11 5.81453e-12)
(-1.06633e-10 -1.19267e-10 -8.22272e-12)
(1.10083e-10 4.0111e-11 -3.12007e-11)
(-9.65564e-11 -1.4881e-10 -7.3394e-11)
(2.61976e-10 -9.94768e-12 -3.05175e-11)
(-1.51694e-10 1.25112e-10 -8.33991e-11)
(-1.95474e-10 1.24091e-10 -1.11598e-10)
(-9.00218e-11 1.44394e-10 6.76389e-11)
(-5.66788e-11 -3.92874e-10 -6.25606e-11)
(2.17288e-09 -6.6232e-09 -4.59783e-10)
(3.22083e-10 3.3252e-09 -1.76e-09)
(5.6066e-11 2.64532e-10 2.34229e-10)
(2.96539e-10 -1.19418e-09 -1.34963e-10)
(-2.24751e-10 3.17438e-11 -5.12891e-11)
(5.44042e-10 -2.11321e-11 -6.5404e-11)
(-5.7962e-11 -3.52706e-11 2.52725e-11)
(-2.15297e-10 -2.42236e-11 -4.68412e-11)
(-6.8842e-12 1.26236e-10 -1.44249e-10)
(-8.13845e-12 -7.51711e-11 6.66691e-11)
(8.28936e-11 -1.17578e-12 -1.03266e-10)
(2.16341e-10 5.39781e-12 -1.05535e-11)
(3.42128e-12 -1.58983e-11 1.55947e-11)
(-6.16521e-11 -3.47312e-11 -3.05977e-11)
(1.33113e-10 -4.01106e-11 3.65607e-11)
(-9.29133e-11 -2.28277e-11 -2.22385e-11)
(1.02329e-11 1.27526e-11 9.16409e-12)
(-1.45934e-11 1.986e-12 -1.82184e-11)
(2.74646e-09 -7.78663e-09 4.86305e-10)
(-2.6587e-09 7.03311e-09 8.0026e-10)
(2.16991e-11 1.80354e-13 -6.44131e-11)
(-7.66266e-11 1.37204e-10 -1.18908e-10)
(3.35176e-11 -6.99362e-11 -1.20075e-10)
(-2.52191e-14 1.12667e-10 3.34272e-11)
(-5.46613e-10 -1.88404e-10 2.03339e-12)
(-2.61571e-10 -1.08953e-09 -1.20153e-10)
(7.68963e-10 7.22407e-10 -7.85597e-11)
(4.59768e-10 6.46224e-10 1.75545e-11)
(-1.81128e-10 -7.46202e-10 -3.57209e-11)
(-1.9314e-10 5.26938e-11 3.18643e-14)
(1.19784e-09 2.44448e-09 -2.16404e-10)
(1.88794e-11 -1.29388e-11 1.42422e-10)
(-2.66215e-11 2.42255e-11 -7.75507e-11)
(1.50782e-12 -2.68249e-11 6.55055e-11)
(-2.03412e-11 3.00548e-11 3.34873e-12)
(-1.04161e-10 -5.25072e-12 -5.09907e-12)
(1.24294e-10 2.04668e-10 4.6444e-10)
(2.15736e-11 -7.01524e-13 2.11821e-11)
(-1.68759e-09 -1.69308e-10 1.45157e-11)
(-3.89151e-11 -1.70999e-11 -6.45379e-11)
(1.92438e-10 -2.68495e-10 3.64131e-11)
(-1.30987e-11 3.94897e-11 -9.66164e-11)
(-3.49571e-11 -1.68677e-10 -2.39098e-11)
(-4.29348e-11 1.21987e-11 -4.50741e-12)
(5.40801e-11 -9.8626e-12 -7.01589e-11)
(2.84219e-11 1.52732e-10 4.71216e-11)
(6.11822e-11 1.71962e-11 -7.37654e-11)
(-8.04831e-11 -4.28518e-11 1.45253e-11)
(3.99773e-11 8.16137e-11 -3.07385e-11)
(-4.71904e-11 -6.87054e-11 -1.0123e-11)
(7.55647e-12 1.37718e-10 -1.14421e-11)
(-1.48849e-11 -2.44096e-11 -2.92756e-11)
(1.2415e-10 5.85015e-11 6.47238e-11)
(2.3904e-11 4.44329e-11 1.87255e-11)
(2.25532e-11 6.56962e-11 -4.90958e-11)
(2.37767e-11 -4.99432e-11 -2.22138e-11)
(8.41836e-11 4.19404e-11 4.18628e-11)
(-9.36575e-11 -6.73115e-11 -3.48333e-12)
(-1.10944e-10 -5.71374e-11 -2.53278e-11)
(7.34022e-11 -3.36401e-11 -4.91797e-11)
(1.07352e-10 8.01163e-12 -3.67552e-11)
(1.00382e-10 4.63123e-11 8.77806e-11)
(-2.61214e-10 2.06405e-10 1.05632e-10)
(7.92529e-10 -2.89517e-10 -9.23471e-11)
(1.14464e-10 1.11375e-10 -5.94353e-11)
(-2.6376e-10 1.82721e-10 1.6892e-10)
(3.58121e-10 6.47777e-11 2.73745e-10)
(-2.15945e-09 -2.35539e-10 -1.42919e-10)
(-4.82314e-10 -6.72424e-10 -2.93873e-11)
(7.26298e-10 2.76689e-10 1.15871e-10)
(-3.78256e-09 8.0116e-10 1.97661e-10)
(4.87128e-10 -8.71037e-11 4.07314e-10)
(3.20802e-09 4.72979e-10 -3.83615e-10)
(-5.73776e-10 -1.28493e-10 -3.78433e-10)
(-2.01173e-10 -9.67943e-11 -1.58783e-10)
(1.699e-10 -1.35337e-10 2.25541e-10)
(-1.29117e-10 2.31901e-11 -6.07186e-11)
(-8.01579e-11 -4.18637e-10 4.09157e-11)
(2.32234e-09 1.48459e-10 -2.05318e-11)
(-4.59756e-09 7.52217e-10 -1.99634e-12)
(2.27493e-10 1.71312e-11 3.91567e-11)
(-1.8761e-09 1.76821e-09 1.66783e-11)
(-1.0966e-10 1.30784e-10 8.67916e-11)
(7.85359e-11 -5.17918e-11 1.27527e-10)
(2.781e-11 -1.65076e-10 1.28376e-10)
(1.682e-10 8.60994e-11 -1.48191e-11)
(-1.64365e-10 4.71938e-11 -3.56375e-11)
(9.23339e-11 -1.16527e-10 6.56901e-11)
(1.03467e-10 -5.13117e-10 -3.93899e-11)
(6.57039e-12 5.80898e-12 4.95924e-11)
(-3.46645e-09 1.02563e-08 -7.40241e-10)
(-2.75588e-11 -6.24173e-11 -4.79641e-11)
(3.58425e-09 -2.11882e-09 -1.56108e-09)
(3.92705e-09 -1.06407e-08 -6.50909e-11)
(2.09567e-10 9.00718e-10 -5.95088e-11)
(1.37243e-10 4.17315e-11 6.54457e-11)
(-1.0194e-11 -6.3011e-11 4.24883e-12)
(-2.54669e-09 -5.04612e-10 4.46113e-11)
(4.41649e-11 5.282e-10 9.05926e-12)
(-1.52469e-10 -1.43384e-10 1.17928e-10)
(1.33062e-09 2.61691e-10 -1.02066e-10)
(-4.44488e-10 -1.83989e-10 -8.06321e-12)
(1.17825e-09 6.98874e-10 6.72767e-11)
(1.73464e-10 -2.32511e-11 1.28522e-10)
(-1.14685e-09 9.86889e-10 -6.25897e-12)
(-1.78071e-09 5.22903e-09 2.36462e-10)
(-8.1524e-10 2.26082e-09 -7.52302e-11)
(1.85497e-09 -5.42862e-09 -1.74487e-10)
(3.48259e-11 -6.14793e-11 8.73139e-11)
(9.93367e-11 -5.91563e-10 1.47863e-10)
(1.18616e-10 2.45908e-10 2.67759e-11)
(-5.51577e-10 9.47395e-10 -2.93765e-10)
(1.13569e-11 1.1445e-10 -1.27316e-10)
(-7.28424e-11 -5.22005e-11 5.65072e-10)
(-1.17383e-11 -2.74237e-11 -1.46766e-10)
(2.4799e-12 3.63667e-11 3.72346e-11)
(8.88046e-11 1.52262e-10 -2.10897e-11)
(-7.43034e-11 -1.72127e-10 7.18261e-11)
(-2.51556e-10 3.02048e-10 1.39489e-10)
(1.7851e-11 2.31106e-11 -1.22881e-10)
(5.33578e-11 -7.15537e-12 1.46917e-10)
(3.11441e-10 -3.63601e-10 -1.16385e-10)
(-3.12993e-11 -1.63791e-10 1.6704e-11)
(-7.36425e-11 -7.88354e-12 -8.71853e-11)
(8.05587e-11 4.71815e-11 -2.31669e-11)
(-8.22237e-11 -4.69417e-11 2.06708e-11)
(4.14031e-11 2.78792e-11 -3.87428e-12)
(2.09605e-11 1.97322e-11 5.81263e-12)
(2.8976e-11 -1.05469e-10 -7.68747e-12)
(-1.21957e-11 2.17659e-11 1.4619e-11)
(1.51198e-11 5.6544e-11 1.73973e-11)
(4.82225e-11 4.29107e-11 -9.8825e-12)
(-3.97518e-11 -4.23962e-11 -8.97162e-11)
(-3.17649e-11 -1.25461e-12 6.91975e-11)
(2.93323e-11 1.31698e-11 -1.09693e-11)
(-3.10273e-10 -5.33172e-10 -3.18386e-11)
(1.03689e-10 9.27596e-11 -3.9294e-11)
(6.0455e-11 1.03417e-10 4.90824e-11)
(5.75861e-11 2.9069e-11 -7.27878e-11)
(-9.34194e-11 3.66503e-12 9.12953e-11)
(4.45043e-11 -4.46749e-11 -3.98132e-11)
(-4.72238e-11 3.66677e-11 5.54067e-12)
(2.02936e-09 2.56114e-09 4.58695e-11)
(-2.83677e-09 -2.25505e-09 -8.20065e-11)
(1.26583e-09 2.31122e-09 1.43576e-10)
(-4.28001e-10 -2.36033e-10 -8.72317e-11)
(2.196e-10 7.17858e-10 1.31536e-10)
(6.28271e-10 2.99507e-13 6.7552e-11)
(-3.35198e-10 -2.26227e-10 -1.72339e-10)
(2.53369e-10 -2.92218e-09 6.99342e-11)
(5.59562e-10 4.22387e-10 1.48332e-10)
(9.81417e-11 -3.26616e-11 3.30316e-11)
(-3.70062e-10 3.42647e-10 -1.20255e-10)
(2.48361e-10 3.15176e-12 1.63636e-10)
(4.50055e-09 -9.55781e-10 3.45253e-11)
(1.43949e-09 -1.2879e-09 -1.04695e-10)
(6.42856e-10 4.12872e-09 -4.5918e-11)
(-6.107e-10 -2.75933e-09 4.669e-11)
(2.82732e-10 1.05962e-09 7.82799e-11)
(-9.54001e-10 9.32357e-10 1.184e-10)
(9.43621e-11 4.84656e-11 7.24952e-11)
(1.57257e-11 -1.53061e-10 1.76292e-10)
(4.69388e-11 -5.40574e-11 -1.06967e-10)
(6.06623e-11 4.17484e-11 5.94768e-11)
(-8.14357e-11 5.94992e-11 6.26917e-11)
(7.35639e-11 -8.10635e-11 -6.30728e-12)
(2.94253e-11 -1.07969e-10 -2.97339e-11)
(-1.07405e-11 1.10804e-10 6.77792e-12)
(-3.91781e-11 -1.02866e-11 1.91019e-11)
(-9.43605e-09 1.54874e-09 3.00533e-10)
(-1.72309e-10 2.07524e-11 6.65333e-12)
(-4.44146e-11 -7.31958e-11 9.06712e-11)
(2.02624e-11 9.45722e-11 -1.19468e-11)
(-2.19441e-11 -5.47515e-11 3.54535e-11)
(5.55933e-12 5.75219e-11 5.38821e-11)
(1.77973e-10 -9.88815e-11 -1.35855e-10)
(-6.13831e-10 -9.15388e-10 2.7616e-11)
(-9.29517e-10 2.29737e-09 -1.20354e-10)
(2.06155e-10 -8.60073e-11 3.9226e-11)
(-1.05988e-10 1.05218e-10 2.71306e-11)
(1.73491e-10 -2.14499e-09 2.17851e-10)
(1.17981e-10 -1.14768e-10 6.14624e-11)
(2.47735e-10 2.68001e-11 -1.65372e-11)
(-2.59393e-09 5.03889e-09 6.86019e-11)
(-1.35432e-10 1.50477e-10 9.50776e-11)
(6.61085e-11 -3.47154e-11 -1.78911e-10)
(-1.75726e-10 -1.02139e-10 -6.84367e-12)
(1.29738e-09 -2.85086e-09 -3.81968e-10)
(2.60455e-09 -1.354e-10 -1.10506e-10)
(-3.13349e-09 3.16127e-09 3.93613e-10)
(-1.54878e-11 7.44129e-13 -4.97558e-11)
(2.31385e-10 1.85347e-10 1.2875e-10)
(8.30696e-12 -4.99724e-11 -1.51895e-11)
(-5.48175e-11 -2.89918e-11 -5.76214e-13)
(-1.82311e-10 2.42031e-10 1.96911e-10)
(-7.5698e-11 -7.28524e-11 2.3725e-11)
(8.49234e-11 5.46e-11 2.28066e-11)
(8.53695e-11 4.37587e-11 5.10675e-11)
(2.71849e-11 -1.18316e-11 8.95926e-12)
(-5.54384e-11 4.06237e-11 2.51035e-11)
(-2.04698e-11 -3.13065e-11 7.8953e-12)
(5.62552e-11 -1.86834e-11 -1.25713e-11)
(-1.52473e-12 -6.92706e-11 -1.85432e-10)
(2.58968e-11 7.18401e-11 4.38545e-11)
(7.77101e-12 8.1868e-11 3.23387e-11)
(-5.44446e-11 -8.19008e-11 -4.80617e-11)
(-7.02358e-11 -1.13591e-10 -7.20013e-11)
(-3.86209e-10 -6.53325e-10 4.65618e-11)
(1.59129e-10 -3.18563e-10 1.54813e-11)
(2.65021e-10 4.85175e-10 -3.98159e-11)
(-4.74408e-11 8.19532e-12 6.57817e-11)
(-7.3148e-11 -8.90239e-11 3.10593e-11)
(4.11432e-11 5.46831e-11 -5.38622e-11)
(-3.61465e-11 -4.19462e-11 -7.30845e-11)
(4.3885e-10 -6.22843e-10 3.5903e-11)
(2.43508e-10 7.01829e-10 1.5463e-11)
(4.42695e-11 -1.24294e-09 -5.71753e-11)
(-1.70626e-09 -8.29177e-10 -1.57485e-10)
(1.42337e-09 -1.70461e-10 3.00507e-10)
(-2.39556e-10 -1.32171e-10 3.56298e-11)
(2.33607e-10 8.24669e-11 -8.4909e-11)
(-3.52385e-10 1.44014e-10 -2.24651e-11)
(-4.13631e-10 -1.66292e-10 1.4443e-10)
(-1.65763e-09 -2.23075e-09 9.40668e-11)
(-6.53003e-10 4.6115e-10 8.29559e-11)
(-9.43313e-11 1.99148e-10 -1.68801e-10)
(2.97421e-10 2.42881e-10 1.59737e-10)
(-2.83093e-10 8.27487e-11 9.9093e-11)
(-5.40433e-10 3.98412e-10 -9.1146e-11)
(-2.0557e-11 -1.16135e-10 -1.40118e-10)
(-5.70176e-11 -7.37126e-12 8.86835e-11)
(-2.36925e-10 1.9829e-11 -9.96725e-11)
(4.70121e-09 2.00185e-09 2.78139e-12)
(-6.21312e-09 -1.80924e-09 1.80306e-10)
(1.35652e-09 -5.53774e-10 1.30206e-10)
(9.32111e-10 -5.27211e-10 -3.9592e-11)
(4.28843e-10 -8.48707e-10 -1.75505e-10)
(-4.57719e-10 6.2111e-10 -2.91036e-11)
(9.73032e-10 -8.84166e-10 -1.36625e-10)
(-8.47984e-11 2.14434e-11 -9.48798e-11)
(-2.82207e-11 -5.8535e-11 1.83109e-12)
(-1.04631e-10 1.68532e-10 -4.33012e-12)
(3.39571e-11 6.29174e-11 3.91846e-11)
(1.98194e-11 -9.63784e-11 8.02327e-10)
(9.2087e-11 -8.26425e-11 3.95978e-12)
(6.5095e-12 -2.06591e-11 1.9986e-11)
(-1.75825e-11 4.19766e-11 -5.97824e-12)
(1.6467e-10 2.08974e-12 -2.85314e-11)
(-1.08432e-10 -1.12789e-10 8.34196e-12)
(-1.34995e-10 1.89055e-11 4.01845e-11)
(6.60945e-11 1.39147e-11 6.01915e-12)
(4.45618e-11 6.61504e-11 4.47198e-11)
(2.63711e-11 -6.54253e-11 -5.84795e-11)
(6.93902e-12 -2.74985e-11 -6.0379e-11)
(-2.27146e-10 7.37885e-11 -8.39615e-11)
(8.83444e-11 7.88668e-11 -4.76042e-11)
(-1.97655e-10 -9.18835e-11 -5.61284e-11)
(2.32522e-10 -8.65283e-10 -1.04216e-10)
(-1.22703e-10 1.21448e-10 -2.77793e-10)
(8.13175e-11 1.65145e-12 8.64983e-11)
(-2.90884e-10 -5.86496e-11 -2.49966e-10)
(7.28179e-10 -2.06229e-09 3.18618e-11)
(1.37812e-10 -1.43546e-11 -1.68784e-10)
(1.6624e-10 1.76819e-10 -1.55514e-10)
(-2.62783e-09 -2.57312e-10 -1.41906e-10)
(2.59269e-12 3.54278e-11 2.39387e-11)
(2.05167e-10 2.07533e-10 -5.20195e-10)
(3.59179e-11 1.22487e-11 2.05894e-11)
(3.80935e-11 -1.82395e-10 -2.86242e-12)
(4.94882e-11 1.09588e-10 3.3619e-11)
(-1.0236e-10 -4.4618e-11 -5.32072e-11)
(-1.09118e-09 1.27393e-09 -1.36059e-11)
(-6.92436e-12 1.3408e-10 -5.45253e-11)
(1.88697e-11 -1.52735e-11 -1.04173e-12)
(-1.64904e-11 -2.97722e-11 2.16862e-12)
(8.8889e-11 1.34056e-10 -1.28829e-11)
(-9.60138e-11 -7.27689e-11 -8.5161e-12)
(2.20296e-12 1.20663e-10 4.8792e-12)
(7.22974e-11 9.01557e-11 -5.16159e-12)
(-4.55665e-12 -7.59127e-11 2.50595e-11)
(-1.54199e-10 -1.23363e-10 -1.26448e-11)
(2.44963e-10 1.00885e-10 3.48397e-11)
(-2.83603e-10 5.90822e-11 -2.78973e-11)
(2.70748e-10 -7.84494e-11 2.53697e-11)
(7.21025e-11 1.4439e-10 2.08888e-11)
(4.50409e-11 7.14639e-11 -1.00825e-11)
(3.33102e-11 -1.40259e-10 1.82324e-11)
(3.88984e-10 8.89404e-10 7.95747e-11)
(6.60584e-10 1.26272e-09 -1.6868e-10)
(-3.07303e-10 4.88139e-10 1.03917e-11)
(-9.83441e-11 -4.34926e-10 -1.08946e-10)
(5.88067e-10 -6.43787e-10 1.0728e-10)
(-6.72613e-10 5.15585e-10 -7.36668e-11)
(2.23544e-10 9.35539e-11 5.27681e-11)
(-9.74606e-10 -1.0098e-09 -1.01353e-10)
(-1.50934e-09 -2.25215e-09 1.95085e-10)
(-4.1001e-10 7.77148e-10 -1.47162e-10)
(2.16147e-10 -9.48491e-11 -9.5139e-11)
(5.36738e-10 -6.02017e-10 -6.39475e-10)
(4.17607e-10 -3.60122e-10 1.59412e-10)
(-3.20272e-10 -1.20031e-10 1.00518e-10)
(1.61467e-10 8.78349e-11 8.67759e-11)
(1.75318e-10 1.34154e-11 6.78072e-11)
(-5.16076e-11 -4.87346e-11 -1.25168e-10)
(-1.46731e-09 1.04387e-09 -1.79342e-10)
(-1.92227e-10 1.44911e-09 -1.99524e-10)
(-4.0027e-09 -2.06885e-09 1.4105e-10)
(-5.6783e-11 -9.12099e-10 6.59818e-11)
(1.49754e-10 -7.83004e-11 -7.84388e-11)
(-5.08269e-10 1.00288e-09 4.06904e-11)
(3.83502e-11 3.67573e-11 1.79297e-11)
(6.00569e-11 -2.18018e-11 4.53971e-11)
(-6.07891e-11 -4.02481e-12 -5.08973e-11)
(-6.91373e-11 3.98075e-12 -5.23234e-11)
(-8.75079e-12 -4.13334e-11 7.55004e-12)
(-3.96552e-11 6.65478e-11 -9.09841e-12)
(1.40746e-10 -7.43306e-11 -3.0986e-11)
(-3.81198e-11 -8.65036e-11 2.62125e-11)
(-6.32598e-11 -9.6773e-11 -1.34088e-11)
(-1.48405e-10 5.19037e-10 -3.64134e-11)
(-7.93486e-11 7.49432e-11 -3.88249e-11)
(-2.1788e-11 1.25126e-11 5.77981e-11)
(-1.04483e-10 -9.52527e-11 -5.71077e-11)
(-2.12621e-10 -3.65794e-10 1.17013e-10)
(-2.65422e-11 3.39787e-11 1.22495e-10)
(-1.43504e-11 -2.11251e-12 -1.45685e-11)
(1.08909e-10 1.4016e-10 -8.33398e-12)
(-3.06536e-10 4.49407e-10 -7.08386e-11)
(5.60466e-10 -3.25888e-10 -7.4291e-12)
(-1.22775e-10 -3.29414e-10 8.7025e-11)
(2.52691e-10 -2.14467e-11 -8.51865e-11)
(-3.34179e-13 -1.53229e-10 7.33286e-11)
(5.23039e-11 1.61236e-10 4.16279e-11)
(1.65269e-10 7.09249e-11 9.92159e-11)
(-8.82958e-10 1.80116e-09 -6.74049e-11)
(8.7787e-10 -1.80667e-09 6.20625e-11)
(-1.92612e-10 -4.61098e-11 2.09229e-10)
(2.19253e-10 3.29451e-11 -1.0243e-10)
(1.91815e-09 1.78319e-09 9.40401e-13)
(3.56436e-10 3.26307e-11 -6.26659e-11)
(-1.69561e-10 -3.2501e-10 4.86525e-10)
(-1.67943e-11 -1.77067e-11 -8.94627e-11)
(4.43452e-11 4.84939e-11 -3.25716e-12)
(-1.03297e-11 -8.00257e-11 -6.05923e-11)
(-3.01501e-10 -1.51775e-10 -2.53725e-10)
(4.81564e-11 1.019e-10 8.10862e-12)
(-6.85953e-11 -9.3502e-11 -4.83696e-11)
(-3.41631e-11 -1.05893e-10 1.61172e-11)
(3.42716e-11 8.6671e-11 1.56136e-11)
(-2.50563e-10 8.7927e-12 7.12083e-11)
(1.1814e-09 -1.31479e-09 2.15026e-11)
(5.0971e-10 1.27133e-09 3.57934e-11)
(-1.96061e-11 -1.15683e-10 -5.11374e-12)
(-1.70321e-11 1.75043e-10 1.95722e-11)
(-5.40689e-11 -1.99849e-11 -4.40828e-12)
(-5.36601e-11 -3.84681e-12 -8.53054e-12)
(2.22802e-12 1.07257e-10 1.29585e-12)
(-2.90987e-11 -6.02227e-11 -2.42767e-12)
(4.03398e-11 4.80178e-12 5.0353e-12)
(-6.33502e-11 -2.8879e-11 6.18582e-12)
(-8.42016e-12 -4.51436e-12 8.36104e-13)
(-2.29926e-11 -4.94523e-11 1.90392e-12)
(-3.04404e-11 1.73677e-12 -1.03789e-11)
(-4.30808e-10 -8.08554e-10 -2.21608e-11)
(1.06077e-10 2.4219e-11 1.12184e-12)
(-2.94439e-11 8.10771e-13 2.36368e-12)
(-6.07581e-11 -9.92984e-11 -7.79899e-11)
(1.07049e-11 -8.23429e-12 3.89678e-11)
(-4.60157e-09 -3.66886e-10 -2.27548e-10)
(-7.31355e-10 2.6773e-09 1.2929e-10)
(8.97892e-10 1.40231e-10 1.93027e-10)
(-1.72253e-10 2.44141e-10 2.05593e-10)
(-1.42869e-10 5.40009e-11 -1.85685e-10)
(1.41306e-10 -3.40961e-10 -9.60635e-11)
(8.40692e-10 -2.18262e-10 -1.95677e-10)
(-2.32881e-10 6.3918e-11 -9.83729e-11)
(-2.40046e-10 7.14978e-10 -1.02981e-10)
(3.28956e-10 2.31072e-11 -3.37113e-12)
(1.85822e-10 1.55636e-10 1.92866e-10)
(-2.68288e-10 -5.10722e-11 1.35454e-10)
(9.07002e-11 1.77272e-10 1.65748e-10)
(1.54517e-11 -3.92256e-11 -1.86288e-12)
(1.88786e-10 -1.74091e-11 -1.99079e-10)
(1.17002e-09 -1.25988e-09 2.33485e-10)
(-2.44366e-10 7.54224e-13 1.08484e-10)
(4.06456e-09 2.16202e-09 -1.6752e-10)
(-1.21701e-10 -7.15571e-11 5.07209e-11)
(-7.77782e-11 8.5837e-11 -3.70983e-11)
(9.44374e-11 -8.77569e-11 -2.70039e-12)
(-8.43717e-11 1.11824e-11 -2.23552e-11)
(4.60213e-11 6.56477e-11 2.03846e-11)
(-1.59971e-11 -3.13767e-11 -1.52785e-11)
(5.41209e-11 -1.27851e-11 -1.63249e-12)
(-1.57195e-11 5.18101e-11 2.502e-11)
(-3.57854e-11 5.02783e-11 1.10857e-11)
(8.61706e-11 -5.17087e-11 2.76822e-11)
(1.00985e-11 -3.14894e-12 3.86232e-11)
(3.42816e-11 2.36947e-11 -7.06275e-11)
(-2.24616e-10 -2.51127e-10 -8.34545e-11)
(2.53994e-10 2.33135e-10 -4.77333e-11)
(1.68661e-11 -1.11372e-11 -1.59122e-11)
(-5.26018e-11 1.34809e-10 -4.73583e-11)
(6.34906e-11 2.66659e-11 -1.06217e-10)
(-1.4528e-10 -1.36968e-10 3.69042e-11)
(1.45542e-11 -2.09965e-10 4.74332e-11)
(-1.48292e-10 -1.89346e-10 -1.78625e-11)
(-1.50245e-10 2.00271e-10 -5.47424e-12)
(4.54473e-11 -8.83299e-11 -1.41817e-11)
(1.28866e-10 -1.69211e-10 -3.23364e-11)
(-1.02532e-10 -8.0221e-11 6.37843e-11)
(6.2318e-11 1.60664e-10 -4.00383e-11)
(-8.7934e-11 -1.48257e-10 -7.93377e-11)
(-2.04538e-10 -1.31221e-10 -9.72568e-12)
(-2.86422e-10 1.76831e-10 -1.25743e-11)
(-2.97833e-10 -1.5127e-10 -1.04109e-10)
(4.20599e-10 1.59754e-10 2.35507e-10)
(-4.12661e-11 -1.01921e-10 2.66239e-11)
(2.34855e-10 -1.09935e-11 -2.51924e-11)
(-3.23756e-11 -1.1136e-10 3.99847e-11)
(4.40653e-11 1.32953e-10 -3.06293e-11)
(4.649e-11 7.25911e-11 -3.05105e-11)
(1.87679e-10 -3.2513e-11 -5.47061e-11)
(-1.11559e-09 3.8729e-10 1.08583e-11)
(9.55062e-10 2.19441e-10 -6.38372e-11)
(-4.28331e-10 -1.62178e-10 -6.02325e-12)
(1.1255e-10 -7.6442e-10 -1.95733e-11)
(1.12907e-10 2.97846e-12 5.86297e-12)
(3.98435e-11 -1.99383e-11 -8.8077e-12)
(3.58979e-11 -4.37087e-11 1.94078e-11)
(3.80589e-11 4.39845e-11 -3.85509e-12)
(-1.20848e-11 -3.49587e-11 6.88233e-12)
(-1.10947e-11 4.47052e-11 6.64149e-12)
(-1.95304e-11 -3.06607e-11 5.80153e-12)
(1.5531e-11 -6.41408e-12 1.88562e-12)
(-1.5106e-11 1.31295e-11 4.21622e-12)
(-6.44402e-11 6.63359e-11 1.97082e-11)
(8.2015e-11 1.40132e-12 -4.22215e-12)
(-2.77414e-11 -1.07537e-10 -5.53779e-12)
(-4.7838e-11 -7.4246e-12 -7.6015e-12)
(-3.42515e-11 7.60554e-11 1.6284e-11)
(-2.56191e-11 -5.34147e-11 3.20702e-11)
(1.78986e-09 5.02197e-10 -1.33797e-10)
(-2.59749e-09 -1.6105e-10 4.35042e-11)
(5.72617e-11 1.22544e-10 1.10451e-10)
(1.62867e-10 -9.78091e-11 1.17707e-10)
(-2.87531e-10 -4.36815e-11 -1.89955e-10)
(7.42755e-10 -1.12827e-09 -3.77956e-10)
(3.17983e-10 6.44546e-11 2.46533e-10)
(4.44954e-11 1.35156e-10 -1.69697e-10)
(-2.7277e-10 -3.27916e-11 -1.1243e-10)
(2.60623e-10 1.45776e-11 2.72977e-10)
(-3.9823e-10 2.09691e-10 4.63731e-11)
(3.38093e-11 -5.35409e-12 3.73825e-11)
(-5.8921e-11 6.46776e-12 1.31614e-11)
(-4.94905e-10 -6.63033e-11 -8.46469e-11)
(-1.56308e-10 2.54423e-10 -1.66699e-10)
(5.29159e-10 -2.13778e-10 -2.72811e-11)
(2.94483e-10 8.91168e-10 1.66334e-12)
(1.57528e-10 3.45462e-12 1.59343e-11)
(-6.5239e-11 6.00427e-11 1.46726e-11)
(5.66078e-11 -2.70314e-11 2.4979e-12)
(-5.01931e-11 -1.45947e-10 4.04346e-12)
(-6.76108e-11 1.60148e-11 -2.50473e-11)
(5.79731e-11 6.14365e-13 5.46272e-11)
(4.31181e-11 -6.70948e-11 6.67661e-11)
(-5.5362e-11 -5.02819e-11 3.605e-11)
(-7.98517e-12 -8.42973e-11 -7.86398e-12)
(3.06053e-11 1.1326e-11 -5.14332e-11)
(-4.63873e-11 8.0636e-11 2.47008e-11)
(-5.33995e-11 5.51358e-11 -2.72063e-11)
(-2.86105e-11 -6.2463e-11 8.38559e-11)
(2.2425e-11 -2.71641e-11 1.8701e-11)
(1.49687e-10 2.89987e-10 1.13607e-10)
(-9.55858e-10 -9.12389e-10 1.26285e-10)
(8.64712e-11 1.01982e-10 1.83284e-11)
(-9.20822e-10 -1.4372e-09 -1.28422e-10)
(7.36241e-10 9.75068e-10 -1.32274e-10)
(8.23865e-10 1.83324e-09 8.64294e-11)
(-1.05052e-09 -1.35388e-09 -2.89753e-11)
(1.21995e-10 1.36379e-10 4.8421e-12)
(-3.93555e-10 6.2758e-12 2.74406e-11)
(-5.91639e-11 -9.70651e-11 -5.24081e-11)
(-9.37357e-11 1.35922e-10 -5.32322e-11)
(1.79674e-10 -1.50615e-10 9.46317e-11)
(-2.61841e-10 -1.40347e-11 2.42212e-11)
(1.92149e-10 1.05054e-10 -8.51152e-12)
(-6.72207e-11 9.66985e-11 3.99207e-11)
(1.24564e-10 -1.10562e-10 8.85416e-11)
(-1.63464e-11 -1.00646e-10 -1.261e-10)
(7.14362e-10 -9.98139e-10 1.68122e-10)
(8.68475e-10 2.55919e-10 3.16498e-10)
(-9.44872e-10 1.14799e-09 -9.83756e-11)
(6.3679e-10 -2.94736e-10 -1.09248e-10)
(-2.30508e-10 -1.30727e-10 5.78488e-11)
(8.1404e-11 6.68368e-12 5.22412e-11)
(-1.95305e-11 -1.10929e-10 3.16002e-11)
(8.86254e-14 1.08653e-10 -3.38794e-11)
(-9.06189e-11 -1.31863e-10 4.37613e-11)
(5.34332e-11 2.08319e-10 -6.64207e-11)
(-2.1695e-10 9.35842e-11 -7.5494e-11)
(1.00577e-10 8.12356e-11 -7.67081e-11)
(7.27072e-10 5.79889e-10 6.22138e-11)
(3.69185e-10 -1.41207e-09 2.26321e-11)
(-4.54697e-11 8.30023e-11 3.24533e-12)
(-6.39265e-11 -8.30485e-11 3.27503e-13)
(-1.55887e-11 -1.7445e-11 -1.20151e-12)
(-1.03189e-11 5.31092e-11 -1.01765e-11)
(-4.53085e-11 -5.38152e-12 -5.60016e-12)
(-5.42786e-11 -3.14842e-11 -6.3693e-12)
(8.96697e-12 2.73262e-11 -1.64515e-11)
(1.62327e-11 -4.84043e-11 -5.60809e-12)
(1.3529e-11 5.07821e-11 9.63135e-13)
(8.79701e-11 1.83716e-11 -7.71042e-12)
(-5.70153e-12 -3.80132e-11 -2.09975e-12)
(6.8223e-11 -4.96735e-12 -1.0394e-11)
(8.08285e-12 1.67335e-11 4.85349e-12)
(6.09086e-11 4.72686e-11 -1.15211e-11)
(-2.60554e-11 -5.7922e-11 -2.26696e-11)
(3.86315e-11 3.46665e-11 -4.43527e-11)
(6.9135e-12 4.73879e-11 2.12515e-10)
(1.21672e-09 -1.02809e-10 -1.72684e-10)
(1.32822e-10 3.00784e-10 -1.62465e-10)
(-6.42498e-10 -6.35931e-10 -1.9082e-11)
(1.18174e-11 -1.08769e-10 -1.10386e-10)
(3.52709e-10 1.02812e-09 -7.76745e-12)
(1.29002e-10 1.40663e-10 1.52524e-10)
(-5.58266e-11 -9.80904e-10 1.36674e-10)
(8.03278e-10 -4.93299e-11 -3.47899e-11)
(-5.04064e-10 8.00289e-10 5.24169e-11)
(-1.75908e-10 1.19663e-10 9.53803e-11)
(-1.83909e-10 3.22925e-10 1.57948e-10)
(3.2867e-10 -6.36816e-11 2.88841e-10)
(1.03817e-10 -1.30681e-09 -1.44483e-10)
(5.0217e-10 6.57489e-11 -2.17709e-10)
(7.53465e-11 4.20842e-12 -3.45954e-11)
(1.61362e-09 3.57441e-10 -7.17342e-11)
(-1.07316e-09 3.66331e-10 4.55488e-11)
(-2.82042e-12 6.27105e-12 -5.39159e-11)
(3.37355e-11 -3.9097e-11 2.31908e-11)
(1.04639e-10 1.73768e-11 -2.52841e-11)
(1.24264e-09 -2.58123e-09 1.32002e-10)
(-9.69582e-11 7.12399e-11 -5.40358e-11)
(-7.26497e-11 7.41853e-11 -2.45822e-11)
(-7.09281e-12 1.42804e-12 -6.08045e-11)
(3.38355e-12 -6.91471e-11 7.26927e-11)
(8.00592e-11 -6.29442e-11 3.86202e-11)
(4.53487e-12 1.17344e-10 -5.34277e-11)
(-1.02855e-11 -9.90604e-11 1.19075e-11)
(2.44321e-11 8.68908e-11 -1.75636e-11)
(2.17622e-10 -4.46611e-10 -7.90435e-11)
(-1.29671e-10 -1.78145e-10 6.44098e-11)
(8.47572e-10 7.90083e-10 -6.43732e-11)
(-7.44361e-10 8.41878e-10 7.27448e-11)
(-1.21469e-10 -2.34881e-10 -8.41843e-11)
(3.28481e-11 9.57239e-11 8.2298e-11)
(3.86213e-09 8.47608e-09 -1.02669e-10)
(3.78607e-10 -2.03506e-10 -1.06362e-11)
(6.42459e-10 5.31226e-11 -1.05846e-10)
(-5.54211e-10 5.86957e-10 2.30448e-10)
(-1.08364e-10 -7.75847e-11 1.21926e-11)
(1.86304e-11 -5.25951e-10 -2.73804e-12)
(1.45726e-10 1.8974e-11 -6.52709e-11)
(7.41803e-10 2.82955e-10 -8.18744e-11)
(2.03909e-11 -1.80134e-10 -2.68535e-11)
(5.77781e-11 3.25081e-11 -9.89935e-12)
(-6.18006e-11 -5.82913e-11 8.50403e-11)
(-1.4634e-10 -2.27957e-11 4.72624e-11)
(-6.14347e-12 -8.7472e-11 -7.7843e-11)
(-7.40625e-11 -1.04359e-10 6.95049e-11)
(-7.39551e-11 1.74021e-10 -4.25712e-11)
(1.35518e-11 4.24307e-11 5.50685e-11)
(3.24264e-10 1.47077e-10 7.49326e-11)
(-2.81422e-11 -2.04284e-10 -5.19633e-11)
(5.37431e-12 1.69978e-10 -1.01328e-11)
(-1.03655e-11 -1.63461e-10 2.35437e-11)
(-8.44276e-11 7.04587e-11 -1.85375e-11)
(4.01587e-11 -1.61877e-11 2.86717e-11)
(4.24505e-11 -1.28375e-10 -1.29597e-11)
(-4.33832e-11 -4.29551e-11 3.64778e-12)
(6.61505e-11 7.22021e-11 -1.56266e-11)
(1.20182e-11 7.68109e-11 -2.185e-11)
(-3.88279e-12 -7.49761e-11 -4.53613e-12)
(-1.04879e-11 -9.4305e-11 4.45371e-12)
(4.30408e-11 7.7502e-11 -1.0137e-11)
(5.86334e-11 7.33719e-11 -4.76055e-13)
(1.50518e-11 -2.41075e-11 1.2848e-12)
(-1.65897e-11 -7.75638e-11 -1.87997e-12)
(2.93091e-11 3.90663e-11 -3.76231e-12)
(-4.44348e-11 4.50097e-11 -1.56922e-11)
(6.03186e-13 -5.95369e-11 -2.283e-12)
(6.21197e-11 8.3459e-11 -1.67937e-11)
(-4.57382e-11 -1.00795e-10 -2.45668e-11)
(-1.00715e-10 -1.97783e-11 -2.93774e-11)
(-3.57487e-11 -3.05911e-11 -5.47042e-11)
(-4.02082e-10 6.61332e-10 -1.19883e-11)
(-3.37569e-11 2.79621e-11 8.38186e-11)
(-3.71095e-11 2.13673e-11 8.04939e-11)
(7.24794e-11 -1.73767e-11 1.35398e-10)
(1.02262e-10 -6.91614e-11 -1.40273e-10)
(-2.50677e-10 4.63889e-11 -5.55413e-11)
(6.71342e-10 -6.01343e-10 -2.79125e-11)
(-9.02904e-10 1.11054e-09 -4.39862e-11)
(-9.3934e-10 2.17702e-10 -1.88066e-10)
(-4.45298e-10 6.83259e-11 1.46682e-10)
(2.34016e-10 -1.5345e-10 -9.71221e-11)
(-3.73301e-10 1.01667e-11 -2.97213e-11)
(1.35813e-10 1.65594e-10 7.70259e-12)
(-7.26852e-11 -2.73623e-10 -4.84854e-11)
(7.01021e-10 -2.77191e-11 -6.77486e-11)
(-6.95754e-10 8.94342e-10 -1.15678e-10)
(-1.1986e-10 -1.1202e-10 2.4957e-11)
(-4.60843e-10 -4.79345e-10 -1.21047e-10)
(7.11749e-11 3.81973e-11 5.6286e-11)
(3.41693e-10 8.13309e-11 8.30513e-11)
(2.94601e-11 -3.58132e-11 3.96241e-11)
(-1.64112e-10 8.66234e-11 -4.18534e-11)
(9.59945e-12 -2.68956e-11 3.65591e-11)
(2.09397e-11 -9.45672e-11 -1.36545e-11)
(-3.128e-11 1.24703e-10 7.84733e-11)
(7.42933e-11 1.07827e-11 1.86159e-11)
(5.97935e-11 2.35398e-10 2.22406e-11)
(-2.10627e-10 5.38656e-11 3.18209e-11)
(1.6525e-10 1.4774e-10 2.27272e-10)
(2.6397e-11 -6.61937e-10 -2.84813e-10)
(7.01414e-10 1.91329e-09 7.70657e-11)
(2.38994e-09 1.78744e-10 2.40304e-11)
(2.83908e-09 1.97327e-10 -2.87272e-11)
(6.29327e-10 -2.10789e-10 -1.15523e-11)
(-1.45146e-10 -3.55943e-10 -3.53336e-11)
(4.26075e-10 3.13449e-11 -6.57765e-11)
(-2.54253e-11 1.57446e-10 -1.05748e-10)
(-4.56146e-10 -7.81855e-11 1.18559e-10)
(-6.58053e-11 -6.65858e-11 -2.6644e-11)
(4.22064e-10 -4.07718e-11 -1.51258e-10)
(2.5656e-10 -3.1998e-11 -2.31125e-11)
(-1.42544e-09 -3.68789e-10 -1.15627e-10)
(-4.9634e-10 2.05561e-10 1.72637e-11)
(-1.69097e-10 -3.7937e-11 -1.59698e-10)
(-4.66106e-11 -1.18589e-10 7.03641e-12)
(-2.10593e-10 -1.30234e-09 -8.91801e-11)
(8.44592e-11 9.84176e-11 -4.42691e-11)
(1.74547e-10 1.31417e-09 1.78216e-10)
(1.63056e-10 -3.78864e-11 1.5481e-10)
(-8.40155e-10 -2.09716e-09 -2.91302e-10)
(2.78308e-11 -5.20206e-12 -3.1543e-11)
(-6.3427e-11 -4.67132e-11 -1.04079e-10)
(6.83931e-11 6.63499e-11 -5.77356e-12)
(-6.02951e-11 -1.21854e-10 -7.39814e-11)
(-5.17234e-10 -1.63792e-10 -4.25296e-11)
(-1.13183e-10 7.5858e-11 5.35361e-11)
(-7.24859e-12 -1.94362e-11 1.16655e-10)
(-3.79571e-11 9.90311e-11 -2.66582e-11)
(2.82954e-11 -6.90539e-11 6.23361e-12)
(5.04834e-11 4.80358e-11 4.17887e-13)
(-9.46887e-11 -3.591e-11 3.19112e-12)
(3.19155e-11 2.6637e-11 1.25499e-11)
(4.17442e-11 -6.51924e-11 1.04116e-12)
(7.8143e-12 -4.53694e-11 1.21979e-11)
(4.41269e-11 8.56168e-11 -1.4123e-11)
(-7.98162e-11 -7.05327e-12 -4.74559e-12)
(-1.25333e-11 -8.42648e-11 -3.70004e-12)
(5.7548e-11 9.02966e-11 -8.01142e-12)
(-2.99909e-11 4.63403e-11 -4.52891e-12)
(9.99214e-11 1.59269e-11 -6.41194e-12)
(-6.56135e-11 -9.62286e-11 -2.71574e-12)
(4.96348e-11 -5.07864e-11 1.7428e-12)
(9.79697e-11 1.39048e-10 -2.17586e-12)
(-1.41411e-10 -6.53602e-11 1.09761e-11)
(-3.29274e-11 5.26752e-11 8.38073e-12)
(-8.50763e-11 -1.12622e-10 7.44286e-11)
(-9.70708e-11 -1.35856e-10 -8.42826e-11)
(7.30887e-10 -3.99839e-10 9.35995e-11)
(-8.40164e-10 2.40824e-10 -7.31316e-11)
(5.12121e-11 1.28371e-10 -1.25149e-10)
(8.51256e-11 2.03934e-11 1.67908e-10)
(-1.5507e-10 1.2698e-10 -8.3331e-11)
(6.94701e-11 -9.19214e-12 -6.50192e-11)
(-7.86367e-11 -1.65928e-10 9.9095e-11)
(-8.92227e-13 6.67072e-11 -1.48554e-11)
(4.52246e-11 2.74066e-10 -1.46695e-10)
(3.79614e-11 4.80736e-11 1.5333e-10)
(1.25388e-10 -3.31193e-10 -6.5623e-11)
(3.83214e-11 5.18312e-10 3.82421e-11)
(3.44047e-10 -5.83716e-10 -8.00102e-11)
(1.62604e-09 -1.24245e-09 4.50958e-11)
(-3.02772e-09 2.48391e-11 8.47875e-12)
(3.36976e-10 1.12026e-11 6.99128e-11)
(-3.0126e-10 -8.459e-13 -5.31117e-11)
(-2.6474e-10 1.00794e-10 5.88388e-11)
(3.03209e-10 9.86493e-11 -7.5426e-11)
(5.0644e-10 2.41081e-10 -6.50432e-11)
(-3.84081e-10 -1.95236e-10 9.03039e-11)
(2.52381e-11 -1.28759e-10 3.13393e-11)
(-1.13367e-10 1.94645e-10 -2.73888e-11)
(-3.32505e-11 8.79465e-12 2.23807e-10)
(-8.26642e-11 7.25216e-11 6.57804e-11)
(-1.5228e-11 -4.60014e-11 -1.01329e-10)
(-2.46384e-11 9.64825e-12 -1.23113e-11)
(-3.33736e-11 5.56368e-11 -1.0307e-10)
(2.68971e-12 -1.64678e-11 1.26131e-10)
(-1.171e-11 -1.07196e-11 4.20376e-11)
(-3.70952e-11 -5.21713e-12 1.91917e-11)
(-8.74829e-11 -2.89255e-10 -8.41839e-11)
(4.78867e-13 -2.57379e-10 -5.97112e-11)
(-5.17052e-11 1.25438e-10 -1.86105e-11)
(6.52457e-10 1.06102e-09 -4.54503e-11)
(-9.29802e-10 -3.94048e-10 -1.11878e-11)
(-2.55872e-09 -2.13538e-09 2.42741e-10)
(-3.78318e-10 2.50178e-10 2.50635e-11)
(-5.84206e-10 -4.74123e-11 -2.68773e-11)
(3.83211e-11 -2.72628e-10 -1.70608e-11)
(-3.73786e-10 3.88425e-10 5.43236e-11)
(5.71452e-11 4.23009e-10 3.49927e-11)
(-3.2529e-10 -5.8932e-10 1.5814e-11)
(5.253e-11 -1.30015e-09 1.41934e-11)
(1.73613e-09 -6.50464e-10 1.31964e-10)
(-1.48921e-09 3.34961e-10 -6.07033e-11)
(-6.56013e-10 1.65717e-09 -4.80983e-11)
(1.43411e-10 -2.36708e-10 1.55418e-11)
(-5.9793e-11 9.59308e-10 -2.01012e-10)
(8.37965e-10 7.78788e-10 2.26318e-10)
(-4.37841e-11 -1.03607e-10 -4.15103e-11)
(6.02501e-10 3.04838e-10 4.65538e-12)
(-8.8795e-10 -4.26543e-11 1.3641e-10)
(-1.81966e-10 5.21019e-11 2.17726e-11)
(2.13438e-10 -1.61054e-10 -1.32719e-10)
(2.07032e-11 -3.31573e-11 2.2857e-11)
(-6.2891e-11 3.88857e-11 -4.13519e-11)
(-1.49709e-10 -2.66525e-11 -3.46114e-12)
(8.02304e-11 1.73384e-10 -5.62837e-12)
(8.80479e-11 -1.3075e-10 1.2959e-12)
(5.26192e-11 7.26262e-11 5.49558e-12)
(3.93094e-11 -1.30935e-11 2.67765e-13)
(-1.89225e-11 2.68376e-11 -2.09974e-12)
(4.36072e-11 4.14032e-11 4.09368e-12)
(-7.17074e-11 -8.38412e-11 -3.62265e-12)
(-5.03058e-12 -2.98385e-11 -2.93388e-11)
(-3.38642e-11 5.78889e-12 2.48327e-12)
(8.70895e-11 9.39164e-11 -4.95394e-11)
(-8.17017e-11 1.73161e-13 4.73798e-12)
(1.55378e-10 -1.74351e-10 -4.39119e-11)
(2.50951e-11 9.71658e-11 1.23799e-11)
(6.30904e-11 -7.0875e-11 -2.20884e-11)
(-7.21137e-11 -8.37163e-11 6.03285e-12)
(2.25108e-11 4.05015e-11 6.44348e-11)
(4.48601e-10 5.02564e-10 1.42862e-10)
(-1.6089e-10 -1.89606e-10 -9.35999e-11)
(5.05414e-10 -2.88834e-10 1.11872e-10)
(2.46962e-11 1.63706e-10 2.8051e-11)
(6.24378e-10 -1.13832e-12 6.7364e-11)
(-8.65131e-11 -1.80352e-10 -1.33574e-10)
(-1.17404e-10 1.96648e-10 1.11174e-10)
(2.83488e-10 -2.70899e-09 4.13478e-11)
(7.28123e-10 1.39712e-10 -1.75097e-11)
(4.84521e-09 -2.15947e-09 5.8259e-11)
(-1.29151e-10 -1.07415e-10 -2.45832e-10)
(3.4699e-10 -6.48371e-11 3.79694e-11)
(-1.34614e-10 -2.52397e-10 1.39594e-10)
(1.69174e-10 3.33112e-10 8.56688e-11)
(1.70588e-10 -3.9476e-10 4.71377e-11)
(-5.34207e-11 -1.52763e-10 2.79438e-11)
(3.37939e-11 2.22771e-11 9.9429e-11)
(5.34866e-11 1.09453e-10 1.46947e-10)
(3.62222e-11 -5.93705e-11 -1.52759e-10)
(5.45106e-11 8.27938e-12 2.65547e-10)
(2.41331e-11 6.66972e-11 -1.87039e-10)
(8.54742e-11 -5.90199e-11 1.99002e-11)
(1.8787e-11 6.05062e-12 -9.7809e-11)
(-2.58157e-10 -2.65507e-10 -3.33403e-11)
(1.52471e-10 1.24054e-10 1.62324e-12)
(1.15474e-10 1.00744e-10 -2.90518e-10)
(1.10059e-10 -1.5859e-11 -1.58674e-10)
(-2.16958e-10 7.42648e-11 7.06285e-11)
(-2.79442e-09 2.64917e-11 -1.57571e-10)
(-6.22869e-10 -4.79388e-11 -6.02992e-11)
(2.52839e-10 6.84214e-10 1.50803e-10)
(-2.00943e-10 -1.01494e-10 2.60104e-12)
(7.64701e-10 -1.03453e-10 4.44436e-11)
(2.24556e-10 -4.38793e-10 1.33181e-11)
(7.89535e-10 -2.11175e-10 1.11136e-11)
(-2.77512e-10 3.22724e-10 1.90217e-11)
(6.77589e-10 6.55589e-10 -1.02879e-11)
(9.88864e-10 6.96727e-10 -3.54633e-11)
(5.05681e-10 -1.47991e-09 -1.12633e-11)
(-1.61829e-09 -1.42394e-09 -2.29903e-11)
(8.69183e-10 -1.07978e-09 5.18256e-12)
(-8.29447e-10 1.20914e-09 3.23955e-11)
(1.11178e-09 6.73634e-10 -6.77912e-11)
(-2.48727e-09 -9.55188e-10 -3.48339e-11)
(7.03096e-10 -1.16809e-09 2.24955e-11)
(-1.40947e-09 7.85395e-10 -5.00522e-11)
(-4.59712e-11 1.38564e-11 -1.06176e-10)
(-2.84583e-10 1.4485e-09 1.50707e-10)
(2.11084e-10 -1.41633e-10 4.82399e-11)
(7.50585e-11 5.06318e-11 -9.06835e-11)
(-2.03675e-11 1.5231e-10 -2.92038e-11)
(-1.25418e-10 7.18911e-11 4.29735e-11)
(2.62392e-10 -1.95513e-10 1.46055e-11)
(5.45149e-10 -2.45419e-10 1.89358e-11)
(-4.65212e-10 4.31585e-10 -4.54166e-12)
(1.09955e-11 6.26268e-11 2.72231e-11)
(-3.38361e-10 -3.12018e-10 -3.89047e-11)
(9.88229e-11 1.05081e-10 -1.66487e-11)
(-1.23812e-10 -4.98896e-11 1.26747e-11)
(-6.59713e-11 5.42016e-12 5.44024e-12)
(1.00639e-12 -8.61618e-12 1.8637e-11)
(3.04893e-11 -2.71263e-11 -5.83957e-13)
(-3.10048e-11 -1.87605e-11 1.26213e-11)
(-2.17192e-11 5.71565e-11 7.9527e-12)
(2.29022e-12 1.77324e-12 3.27943e-11)
(-5.37346e-11 -1.67991e-10 5.85803e-11)
(2.91744e-10 -4.43845e-10 -3.30365e-11)
(7.93413e-11 -2.79173e-11 4.29421e-11)
(1.27971e-11 6.11594e-11 -2.49857e-12)
(6.87268e-12 -7.86321e-11 1.51543e-11)
(-3.85789e-11 4.83738e-11 2.24694e-11)
(-1.3443e-10 3.40524e-11 6.9871e-11)
(4.80589e-11 -5.6291e-11 2.13622e-11)
(-1.30687e-10 -1.15078e-10 -1.01545e-11)
(1.62968e-10 9.00695e-11 -3.9169e-11)
(-4.43694e-10 8.08009e-10 2.51781e-11)
(-5.94213e-10 -6.50045e-10 -5.25481e-11)
(-5.63337e-10 -9.45937e-10 6.47362e-11)
(3.65442e-10 6.85592e-10 5.86907e-11)
(4.81224e-11 5.37527e-10 -2.6813e-11)
(3.50442e-12 -6.90062e-10 -3.91955e-11)
(-1.60935e-09 -3.73836e-10 -1.37287e-10)
(-1.46332e-10 2.41138e-09 1.35154e-10)
(5.60322e-10 -9.7003e-10 -5.23959e-11)
(-2.43264e-09 6.29258e-10 -1.46466e-10)
(-2.61142e-12 6.1204e-10 8.18503e-12)
(-9.06334e-10 -4.99388e-10 3.14164e-11)
(7.93332e-12 1.09968e-10 -1.22737e-10)
(-2.76177e-10 1.23141e-09 2.50866e-09)
(1.35135e-09 1.03303e-09 -2.30729e-09)
(-5.20957e-10 -4.99858e-10 3.38932e-09)
(-1.05429e-10 -4.94484e-10 4.21017e-09)
(1.06445e-10 -7.68229e-11 -4.72537e-11)
(-2.07111e-10 -2.4179e-10 5.09639e-11)
(-1.88338e-12 -1.91347e-10 2.84278e-10)
(3.01323e-10 1.86201e-11 -2.61213e-11)
(-1.78009e-10 -1.46543e-10 -7.56596e-11)
(-9.66795e-11 4.52959e-11 -1.06559e-10)
(2.35876e-10 -1.2414e-10 -6.33827e-11)
(-2.41154e-10 -4.24215e-11 -4.92291e-10)
(-1.37374e-10 -1.62767e-11 -4.25617e-10)
(-1.3433e-10 8.9572e-11 8.74958e-11)
(2.4261e-10 4.83095e-10 1.80203e-10)
(-8.33684e-11 -3.39664e-10 1.66184e-10)
(3.5536e-11 1.42454e-10 -4.58273e-11)
(-9.17327e-11 3.87487e-11 1.80994e-10)
(-7.15821e-11 1.82655e-10 -1.66382e-10)
(-2.54194e-10 -1.78086e-10 8.90125e-11)
(1.19694e-11 -7.85742e-11 -2.99745e-10)
(3.94487e-10 1.78085e-10 -1.9373e-11)
(2.56969e-10 1.83171e-10 -2.14767e-10)
(-3.50657e-10 -5.37304e-11 -7.07406e-11)
(3.09344e-10 -3.11948e-10 1.58229e-11)
(-5.87952e-10 5.28768e-11 -1.00581e-10)
(3.13004e-10 3.63097e-10 7.80974e-11)
(-5.629e-10 1.15439e-09 4.66468e-11)
(9.10902e-10 -7.85658e-10 -5.53387e-11)
(-5.51057e-10 -1.16215e-09 -6.61558e-11)
(2.77882e-10 5.31181e-10 -2.14509e-11)
(-8.5979e-10 -9.91512e-10 -3.95002e-11)
(-2.78351e-10 -2.92458e-10 5.66408e-11)
(6.70281e-10 1.39535e-10 -2.67017e-12)
(8.83385e-10 6.729e-11 -4.11925e-11)
(1.68036e-09 -1.01755e-09 8.48266e-11)
(-2.58358e-09 4.6e-10 -1.86228e-10)
(2.17495e-09 1.28523e-09 1.63976e-10)
(2.86672e-09 -2.96343e-09 2.2486e-11)
(-1.52295e-09 9.53065e-10 -5.35569e-11)
(-5.36982e-10 9.87579e-10 4.47323e-11)
(-2.67826e-10 -8.87739e-10 1.93214e-11)
(-6.74698e-10 5.02055e-10 -3.4066e-14)
(-1.01821e-10 7.08758e-10 2.93546e-11)
(-1.23688e-10 7.22962e-11 7.9786e-12)
(1.85484e-10 7.1126e-11 4.65345e-11)
(1.86755e-10 -3.21553e-10 -4.01862e-11)
(2.9295e-10 -6.41038e-10 9.34612e-12)
(-1.82567e-10 8.84104e-11 -4.99078e-11)
(-1.53026e-11 1.45555e-10 3.67143e-11)
(1.2831e-10 4.83004e-11 1.8736e-11)
(-6.26424e-12 -8.35801e-11 -1.62112e-11)
(4.36618e-11 -5.95694e-12 1.38921e-11)
(-1.18243e-10 6.09023e-11 3.27491e-11)
(-7.28376e-11 2.81318e-10 8.16128e-12)
(3.01891e-10 -6.59192e-10 5.23624e-12)
(1.7391e-10 1.03638e-10 2.79686e-11)
(-2.49764e-10 2.53487e-10 2.81796e-11)
(-1.65201e-10 1.84467e-10 -2.24862e-11)
(3.97888e-11 9.9837e-11 7.76288e-14)
(4.34052e-11 -5.17978e-11 -4.4355e-11)
(1.37485e-12 -2.69585e-11 -4.98824e-12)
(1.81425e-10 -1.99303e-10 -3.21041e-11)
(1.21929e-10 -7.4691e-11 -1.48979e-11)
(1.06086e-10 1.73699e-10 -4.96428e-11)
(1.34962e-10 3.91783e-10 8.91904e-11)
(-2.08699e-10 -2.04522e-10 1.16442e-11)
(7.50133e-10 4.43799e-10 -9.84128e-11)
(-1.87858e-10 -3.6706e-10 -5.51908e-11)
(8.1116e-10 -1.08238e-10 6.95739e-11)
(1.56552e-09 5.5454e-10 -1.53889e-10)
(3.44422e-11 -1.35818e-11 -1.68436e-12)
(1.4553e-09 -1.10948e-10 9.43184e-11)
(-1.49454e-09 8.15509e-11 -2.54813e-11)
(9.23372e-12 1.70818e-10 -1.72022e-10)
(-2.3121e-11 -2.44147e-10 9.46343e-11)
(3.09281e-10 -2.3388e-10 1.72747e-10)
(-2.85167e-10 -2.95709e-10 1.76975e-10)
(7.11453e-10 -5.53727e-12 8.23844e-10)
(1.86427e-10 -5.29374e-12 1.15967e-10)
(-7.44685e-11 2.73797e-11 -1.00529e-10)
(-2.47181e-09 -1.04547e-09 1.28549e-08)
(4.5717e-10 -1.62259e-10 -2.85559e-09)
(2.69804e-10 -4.2043e-10 -5.70676e-10)
(1.18262e-10 -4.59602e-10 1.37561e-10)
(-2.80151e-10 9.93606e-10 -3.8883e-10)
(-7.60654e-11 5.04334e-10 -1.05157e-10)
(2.99148e-10 -1.0419e-09 -1.04409e-10)
(-5.40037e-10 -3.92256e-10 -2.46316e-12)
(3.5447e-11 8.79021e-10 1.21769e-10)
(-2.24998e-10 5.20872e-10 9.09439e-11)
(2.15434e-10 -5.58217e-10 -1.40014e-10)
(-1.0354e-10 3.36114e-10 3.56443e-10)
(-9.53261e-11 1.6718e-10 2.15934e-10)
(5.26993e-10 9.58995e-11 -3.62062e-10)
(-2.77378e-10 -6.05949e-10 -2.25842e-10)
(-1.07368e-10 2.39358e-10 -4.89946e-10)
(-1.51343e-10 2.40329e-10 -7.1468e-12)
(-2.05789e-10 -8.49809e-10 -1.88715e-10)
(2.59308e-10 1.34361e-10 8.18425e-11)
(-8.1864e-11 3.56437e-10 1.33842e-10)
(-1.39459e-10 -2.88024e-12 7.92898e-11)
(-1.74893e-10 -3.69231e-11 -6.19278e-11)
(3.76195e-10 2.19642e-11 -6.0357e-11)
(5.63936e-10 -1.9641e-10 -1.75962e-12)
(1.4988e-10 3.70421e-11 -5.43469e-12)
(-4.06898e-10 -6.10131e-11 8.20449e-12)
(2.56311e-10 -3.10693e-11 5.74431e-11)
(-1.03607e-10 -4.70939e-11 -6.50653e-11)
(1.1168e-10 4.82574e-11 4.02521e-11)
(2.7978e-10 -6.89793e-11 -2.04219e-11)
(-1.70232e-10 -1.55334e-10 1.58508e-11)
(-1.62966e-10 2.50333e-10 4.80319e-11)
(-3.73618e-10 6.23757e-11 3.6665e-11)
(-1.63445e-10 -2.51996e-11 4.32081e-11)
(1.41948e-10 -1.93011e-10 1.00624e-11)
(1.35055e-09 1.22501e-09 5.79256e-11)
(-9.61887e-10 -6.74376e-10 1.91821e-10)
(5.98711e-10 1.01655e-09 -2.23673e-10)
(6.71222e-10 -5.88925e-11 -7.73232e-11)
(3.7979e-10 -2.94873e-10 4.5303e-11)
(-8.85479e-10 -1.81541e-11 1.08425e-10)
(-3.3697e-11 9.30207e-11 -3.03465e-11)
(1.27312e-10 -2.69834e-11 2.20942e-11)
(2.9556e-10 -5.18308e-11 1.80469e-11)
(1.87243e-10 7.54198e-11 -2.04956e-11)
(7.42841e-10 1.34095e-10 3.63564e-12)
(-8.48247e-10 -3.86496e-11 -4.79213e-12)
(-2.37103e-10 1.55563e-10 4.40265e-11)
(-7.78775e-11 -3.05773e-10 -7.48651e-11)
(-5.38245e-10 -2.96468e-10 5.71679e-12)
(-6.31915e-12 -1.24748e-10 -3.32676e-11)
(-1.0321e-11 -1.64762e-10 3.7481e-11)
(1.16956e-10 2.94274e-11 -3.39043e-11)
(1.27086e-11 1.47862e-10 5.84896e-11)
(7.57526e-11 6.17964e-11 -8.6154e-11)
(2.29407e-10 4.36586e-10 1.19243e-10)
(-6.81673e-10 6.74745e-10 -1.88041e-11)
(7.99615e-10 -5.70082e-10 1.02626e-10)
(-4.30243e-10 -1.86224e-10 7.38799e-12)
(7.79456e-10 2.25139e-11 -1.38069e-09)
(-1.11289e-10 2.00687e-10 -2.48375e-12)
(-9.96867e-11 -1.616e-11 9.01655e-12)
(-7.60183e-11 -8.73923e-11 1.28156e-10)
(1.21234e-10 4.80499e-11 2.14314e-11)
(-1.3037e-10 -2.3203e-11 1.16138e-10)
(-4.83301e-10 -4.82433e-10 -9.72787e-11)
(-7.19479e-10 1.04532e-10 8.2551e-11)
(-8.80904e-11 -1.15352e-10 3.62067e-11)
(1.55335e-09 1.52407e-10 1.07011e-10)
(-4.11555e-11 -5.11571e-11 -2.55131e-11)
(1.61884e-10 2.43876e-10 1.37705e-11)
(-2.0058e-10 -1.63421e-10 1.32545e-10)
(8.84536e-10 -2.73689e-11 -1.51999e-10)
(2.63397e-09 7.63845e-10 -2.68021e-09)
(-2.30674e-09 -2.63399e-09 2.62432e-09)
(2.61093e-09 -9.13856e-10 2.74643e-09)
(-2.20724e-09 2.14129e-09 -2.69584e-09)
(-3.06869e-10 3.54551e-10 -2.07712e-13)
(2.19193e-10 -6.56024e-11 1.85899e-10)
(4.98225e-10 -5.90874e-10 1.64108e-10)
(7.01684e-10 4.58831e-10 9.35146e-11)
(1.09872e-10 -2.57787e-10 -3.30333e-11)
(1.95231e-10 -5.5398e-10 -5.68347e-11)
(1.5048e-10 1.26173e-09 -1.24602e-10)
(-8.76294e-10 -3.26543e-10 5.7301e-11)
(1.37173e-09 -2.47018e-09 2.30784e-10)
(1.78761e-12 -1.67287e-10 -1.06907e-10)
(-1.14304e-09 2.65568e-09 -3.18653e-10)
(-2.97588e-10 6.41837e-10 1.49119e-10)
(4.14575e-10 4.64154e-11 -1.10265e-10)
(6.04513e-11 -2.85792e-09 -2.92989e-11)
(-5.6576e-10 -1.95528e-10 -2.80093e-10)
(-4.48318e-11 7.01928e-10 1.40512e-10)
(3.73417e-12 -1.83705e-10 -4.47429e-11)
(3.53788e-10 2.58162e-10 8.72377e-11)
(-1.44873e-09 -2.32913e-09 -1.74581e-10)
(9.99589e-10 8.74847e-10 1.34103e-11)
(-9.18964e-10 -8.64069e-10 -5.26331e-12)
(1.0567e-09 8.75687e-10 -1.68072e-10)
(6.97396e-10 2.36229e-10 3.54745e-11)
(9.56328e-12 -7.18022e-10 -1.39676e-13)
(-2.58598e-10 2.3694e-10 -1.46625e-11)
(1.75981e-10 6.32838e-10 -1.00449e-11)
(-7.18837e-10 3.85969e-10 9.37319e-11)
(5.15484e-11 2.79149e-10 -6.04363e-11)
(1.9183e-10 -3.37971e-10 -1.2289e-10)
(-1.1002e-10 4.06001e-10 -1.749e-11)
(-3.10678e-10 -5.28117e-11 -1.17883e-11)
(2.31577e-09 2.24028e-09 -3.3345e-10)
(-2.67916e-10 -1.72373e-09 1.18253e-10)
(-5.88438e-10 2.91111e-10 1.98601e-11)
(8.37044e-10 -6.75495e-11 1.84675e-10)
(-1.28494e-10 -1.36995e-10 -1.02769e-11)
(4.0708e-10 -8.39474e-10 -5.11442e-11)
(-5.80594e-10 8.87611e-10 -3.36751e-11)
(-3.08535e-10 -1.07819e-09 4.4455e-11)
(4.04648e-10 -6.74555e-11 -1.59326e-11)
(-4.05382e-10 1.75751e-10 -1.04024e-10)
(2.27256e-10 1.4657e-10 1.00072e-10)
(7.26383e-11 -3.50863e-10 1.11204e-10)
(4.9483e-10 2.57768e-10 -1.36276e-10)
(-4.41263e-10 6.14335e-10 -1.59253e-11)
(5.90891e-11 -3.66733e-10 8.55572e-11)
(6.75703e-10 4.0239e-10 -7.30002e-11)
(-4.75798e-10 -3.93131e-10 -4.10509e-11)
(-1.06336e-09 3.48364e-10 1.81016e-10)
(-1.30126e-09 -4.93346e-10 -4.86394e-11)
(6.43108e-10 7.31605e-11 1.18876e-11)
(9.29896e-11 4.50246e-11 3.54245e-11)
(7.17562e-11 2.09243e-10 1.84712e-10)
(-2.23464e-10 1.31456e-10 -1.49556e-10)
(3.62034e-11 -1.65142e-11 -1.57476e-11)
(3.85722e-11 -9.04277e-11 -8.55473e-11)
(-9.25061e-11 3.12937e-11 -7.30851e-12)
(-1.13843e-10 1.08692e-10 2.81123e-11)
(7.64784e-11 -2.6505e-10 2.51222e-11)
(1.09543e-09 -3.26579e-10 1.71882e-10)
(3.31767e-10 4.32291e-10 -1.3912e-10)
(-9.98024e-10 4.52598e-10 -1.80596e-10)
(1.42029e-10 2.72245e-10 1.42419e-10)
(-5.43207e-10 7.40352e-11 -5.37452e-11)
(1.63891e-11 -2.317e-11 6.40571e-12)
(7.40463e-10 -9.49246e-10 9.9839e-11)
(1.07349e-10 -4.48307e-11 -1.14149e-11)
(6.48955e-11 2.62728e-11 1.06012e-10)
(3.83916e-11 2.02963e-11 -2.50759e-11)
(3.39858e-10 -1.84612e-10 -8.21763e-13)
(2.9524e-10 6.31409e-10 3.14154e-11)
(-8.00329e-10 8.14926e-11 5.08168e-11)
(3.90757e-10 -2.62917e-10 -6.65447e-12)
(4.96069e-10 7.5357e-10 -6.454e-11)
(-6.81572e-10 -6.70069e-11 -6.33888e-11)
(1.06567e-09 1.35563e-09 -2.59079e-09)
(1.06361e-09 3.55271e-09 3.58052e-09)
(-1.68986e-10 9.75753e-10 -8.02405e-11)
(2.62234e-09 -1.88777e-09 2.94828e-09)
(5.4776e-10 6.35535e-10 2.53918e-10)
(-1.0787e-09 3.81687e-10 -3.8749e-10)
(-5.46091e-11 3.70565e-10 -1.5736e-10)
(5.96989e-10 -1.37316e-09 3.33534e-10)
(-3.16262e-10 -5.08188e-10 2.07661e-11)
(6.51997e-11 2.35424e-10 -1.43523e-11)
(8.97632e-10 -2.79118e-11 -1.3482e-11)
(1.14459e-09 3.83612e-10 1.09443e-10)
(6.22314e-10 -8.42116e-10 -8.51385e-11)
(1.22645e-09 5.65108e-10 -9.54695e-12)
(-6.93047e-10 3.23792e-10 -7.63883e-11)
(-2.34925e-10 7.63098e-10 2.28426e-11)
(5.8815e-11 -3.47828e-10 5.593e-11)
(3.2652e-10 -6.00343e-10 -1.04578e-10)
(-2.5712e-11 1.05114e-09 -5.02149e-10)
(-3.96104e-10 -2.07514e-10 1.14941e-10)
(-1.23802e-09 -1.12237e-09 -1.83287e-10)
(1.12757e-09 2.26673e-09 2.05509e-10)
(4.69983e-10 7.85536e-10 -2.63837e-10)
(-1.32658e-09 -1.30032e-09 2.03305e-10)
(3.77797e-10 3.95742e-11 -2.56302e-10)
(-8.87758e-10 5.99111e-11 2.95429e-10)
(1.2342e-09 1.66044e-09 -1.51533e-10)
(3.82553e-10 -1.99531e-09 -8.14819e-11)
(9.96737e-10 -1.22911e-09 -1.95991e-10)
(-2.19081e-10 2.39315e-10 5.93266e-11)
(4.25994e-10 1.07881e-09 3.44602e-11)
(3.00175e-11 -2.37384e-10 9.37992e-11)
(-1.66126e-10 -1.31928e-09 -1.51663e-10)
(3.39142e-10 1.57259e-09 1.1332e-10)
(-2.23334e-09 -1.15859e-09 2.67755e-10)
(1.34056e-09 4.15302e-10 -1.42596e-10)
(-1.20646e-10 4.10966e-11 -1.65716e-10)
(-3.16716e-10 -2.97126e-11 4.87893e-12)
(-5.11457e-10 -2.92294e-10 -1.33369e-09)
(-5.03869e-10 1.07708e-09 -1.35764e-09)
(-1.84445e-09 1.24398e-09 1.94701e-10)
(1.23148e-09 2.0695e-10 -4.85109e-11)
(-3.69592e-10 -9.53538e-10 1.00086e-10)
(-5.14607e-10 6.67535e-10 -8.07461e-12)
(5.97312e-10 -3.7543e-10 1.12173e-10)
(4.08866e-10 1.196e-10 -1.57113e-10)
(-9.07327e-10 -5.36812e-10 5.37968e-11)
(5.70231e-11 2.4432e-10 3.57692e-11)
(-5.20244e-10 1.00566e-09 -6.08966e-11)
(-1.03207e-09 -5.58006e-10 4.87332e-11)
(4.84572e-10 -1.54534e-09 1.25358e-10)
(-4.77698e-10 1.1958e-09 -2.27834e-10)
(9.4653e-10 -1.21353e-09 1.35622e-10)
(2.23989e-10 2.8126e-12 -1.61483e-11)
(4.23983e-10 5.20683e-10 1.49646e-10)
(1.0083e-09 3.40639e-10 7.27639e-11)
(-3.93966e-10 1.92105e-10 -8.73772e-11)
(7.71689e-10 -5.07498e-10 3.68537e-11)
(-1.0642e-09 -4.64052e-10 -4.94265e-11)
(-6.64274e-10 3.29082e-10 8.60474e-11)
(2.75852e-10 3.74443e-10 -2.36473e-11)
(-1.33679e-10 -1.24181e-10 -9.3987e-11)
(-9.42768e-11 -1.70085e-10 8.81747e-11)
(1.01531e-10 -2.19808e-10 -1.0287e-10)
(-5.6069e-10 2.69796e-11 1.72485e-11)
(5.86623e-10 2.94233e-10 8.9546e-11)
(3.47351e-10 -8.91036e-10 -2.89605e-11)
(-8.89499e-10 8.54668e-10 8.77257e-11)
(-8.46096e-10 -1.21698e-10 -3.01409e-10)
(5.95478e-11 -1.13935e-09 -1.85027e-10)
(9.68932e-11 9.80084e-11 7.91708e-11)
(3.40146e-10 -3.88967e-11 2.53193e-11)
(4.11222e-10 -1.34503e-10 3.04344e-09)
(-4.20008e-10 8.11425e-12 -2.32148e-09)
(-9.6294e-10 -2.66772e-10 -3.63187e-09)
(-1.05623e-09 -2.34696e-10 3.04518e-09)
(1.42537e-09 -6.49897e-10 -3.10575e-09)
(-4.93784e-10 -4.90066e-11 2.89742e-09)
(4.87456e-10 6.36969e-10 -2.71342e-09)
(4.40472e-10 -1.51373e-09 6.58458e-10)
(-7.11504e-11 1.69342e-09 3.90762e-10)
(-6.66976e-10 6.73024e-10 -2.12833e-10)
(-4.00321e-10 -5.70094e-10 -1.14106e-10)
(1.26309e-10 -1.26597e-10 1.08036e-09)
(-1.00517e-09 -7.06176e-10 -2.10128e-10)
(-9.8296e-11 1.17251e-09 1.65526e-10)
(-5.96119e-10 3.23132e-10 -9.68144e-11)
(-8.15189e-10 5.80451e-11 -1.024e-10)
(-1.66173e-09 -1.46394e-11 -4.23784e-12)
(-7.7437e-10 6.66188e-10 -1.11716e-11)
(-7.0019e-10 -3.39019e-10 -2.67226e-11)
(-3.93757e-10 -5.03638e-10 8.32757e-11)
(-5.57179e-10 -9.08325e-11 5.72895e-11)
(1.39673e-09 7.83567e-10 -4.17069e-11)
(-2.68588e-10 -3.83581e-11 3.25297e-10)
(1.3454e-10 4.7892e-11 5.53112e-10)
(-6.42751e-11 1.51395e-09 3.51538e-10)
(-6.1942e-10 -1.48023e-09 -1.24886e-10)
(1.9601e-10 -8.54073e-10 7.51311e-11)
(7.19627e-10 -5.59649e-10 -1.14746e-10)
(7.83635e-10 5.27404e-10 -3.78233e-11)
(-5.48311e-10 8.37908e-10 -1.33855e-10)
(-7.76679e-10 -5.58719e-10 1.08486e-11)
(-2.38662e-10 -4.00391e-11 -6.65131e-12)
(-4.13649e-12 1.53597e-10 1.52373e-11)
(-7.11219e-10 -1.17232e-09 -2.52301e-10)
(1.45181e-09 1.53818e-09 -4.68979e-10)
(-9.09271e-10 -4.77526e-10 7.16314e-10)
(1.74247e-10 -1.19096e-09 2.87869e-10)
(-7.49817e-10 2.08494e-10 -8.24342e-11)
(3.56043e-10 -3.69049e-10 -2.29997e-10)
(-1.02878e-09 1.87986e-10 2.95452e-10)
(1.62971e-09 -1.35024e-11 -1.50944e-10)
(3.01775e-10 -1.72087e-10 -9.56471e-10)
(7.49141e-10 7.49099e-10 2.20677e-11)
(2.86129e-10 -4.73568e-10 -1.07071e-11)
(-4.83591e-10 9.82046e-11 -1.15683e-10)
(-2.96317e-10 -3.68213e-12 -1.78373e-10)
(6.5596e-10 1.37184e-10 -2.47143e-11)
(-3.37609e-11 1.597e-11 1.23024e-10)
(9.7146e-10 -8.64756e-10 -1.14077e-11)
(-7.10697e-10 -1.69304e-10 -3.54356e-10)
(-1.08772e-10 2.74063e-10 -1.77109e-10)
(-4.96402e-10 4.47289e-10 -1.08591e-10)
(-1.50836e-09 4.59207e-10 -1.18407e-10)
(-7.91099e-10 -4.03958e-10 -7.39335e-11)
(5.74606e-10 6.10543e-10 -1.1394e-11)
(2.0157e-10 5.12652e-11 1.05381e-11)
(6.15999e-10 -1.28493e-10 -7.08583e-11)
(-9.05277e-12 -4.95405e-10 -3.4779e-11)
(6.13789e-11 -1.50686e-10 1.47129e-10)
(-2.17884e-11 -2.19236e-11 -1.58525e-10)
(1.30163e-10 8.0347e-10 -4.11389e-11)
(-2.59878e-10 -4.2264e-10 -3.54562e-11)
(2.2567e-10 -4.48811e-10 7.91499e-11)
(2.53626e-10 7.64954e-11 5.21879e-11)
(1.63556e-10 5.24713e-11 -8.46441e-12)
(-1.06002e-10 7.44327e-11 -8.80002e-11)
(-1.55967e-10 -9.26164e-11 2.25639e-11)
(4.69612e-10 -1.64917e-10 1.41536e-10)
(1.02977e-09 6.32545e-10 2.12526e-10)
(-7.3998e-10 -9.51147e-10 2.41743e-10)
(1.28194e-09 2.64592e-10 1.39459e-10)
(-6.65389e-10 6.31273e-11 -1.73786e-10)
(1.90575e-10 -3.3964e-10 -1.58414e-10)
(-5.42589e-10 9.94504e-11 -9.54851e-11)
(4.38564e-10 -1.76217e-10 8.68492e-11)
(2.20861e-10 -3.92701e-10 4.4202e-12)
(5.72181e-10 -4.3086e-12 4.82148e-09)
(1.8176e-10 -2.6895e-10 2.21735e-09)
(-4.66767e-10 9.72995e-11 -1.88958e-09)
(-1.80683e-10 1.47092e-11 2.45561e-09)
(4.3155e-10 5.1645e-10 -6.86465e-10)
(-2.163e-10 -4.83527e-10 4.62556e-10)
(4.51834e-11 -4.0319e-10 7.36929e-10)
(4.70997e-10 -1.25326e-10 -4.42373e-10)
(3.08696e-10 -2.24387e-11 -9.05444e-10)
(1.0027e-09 4.21333e-11 -2.97953e-11)
(-1.72545e-10 -1.64238e-10 -1.6456e-10)
(1.19122e-09 1.09305e-10 -1.42731e-11)
(2.76855e-10 1.91453e-10 -2.0031e-10)
(1.37676e-09 -2.9957e-11 1.57469e-10)
(2.39279e-10 -2.31148e-10 -1.38158e-10)
(8.2365e-10 -6.86777e-10 1.0642e-12)
(-2.8705e-10 7.2824e-11 7.81975e-11)
(6.7946e-10 -2.86742e-10 7.27655e-11)
(-5.56148e-10 1.50207e-10 -2.15452e-10)
(-1.16286e-10 -7.32021e-10 -3.47294e-10)
(-2.0452e-10 -7.13364e-11 4.55165e-10)
(-8.19978e-10 1.71997e-10 -6.48691e-10)
(-2.68543e-10 4.83973e-10 3.71537e-10)
(-8.36725e-10 -3.17209e-10 -2.21649e-10)
(2.67618e-10 -8.99835e-11 1.53127e-10)
(6.29463e-10 9.46773e-11 3.68861e-11)
(-4.4207e-10 -3.8343e-10 -1.07971e-10)
(2.1972e-10 7.27082e-11 1.99184e-10)
(2.63054e-11 8.01615e-10 1.21082e-10)
(5.74218e-11 -4.55725e-10 8.75121e-11)
(1.30822e-10 -7.93459e-10 3.76709e-10)
(8.99187e-10 4.77342e-10 -1.48238e-10)
(2.26737e-10 -2.82716e-10 -2.41722e-10)
(2.51584e-10 -3.16623e-10 -1.51638e-10)
(1.32437e-10 -2.17862e-10 4.42216e-10)
(8.68158e-10 4.64593e-10 4.56217e-10)
(6.98669e-11 2.02081e-10 -8.26306e-10)
(5.19847e-10 1.3623e-10 5.50397e-10)
(2.45768e-10 -8.81413e-12 -3.58744e-10)
(1.21292e-10 -7.82097e-10 -2.87694e-10)
(1.237e-10 -5.78776e-11 1.19397e-09)
(-8.85622e-10 3.59282e-10 1.95366e-11)
(2.86209e-11 1.57326e-11 -1.15863e-09)
(-5.39602e-10 -3.41943e-10 2.29604e-10)
(-1.43662e-11 -4.27781e-11 3.85306e-10)
(3.44541e-10 7.64771e-11 3.34025e-10)
(-2.83178e-11 3.12755e-11 1.66682e-10)
(2.31197e-10 -3.48975e-11 6.17523e-10)
(-5.24202e-11 -2.55411e-12 -3.72937e-10)
(2.3926e-10 -1.03462e-10 2.23583e-10)
(2.2543e-10 3.837e-10 4.36849e-10)
(3.82372e-10 -6.55015e-11 1.65398e-10)
(7.11356e-10 1.18775e-10 7.6622e-11)
(6.94756e-10 -7.04701e-10 -1.96342e-10)
(8.58453e-11 -5.67016e-10 -1.0872e-10)
(3.8331e-10 3.80206e-10 -3.05055e-11)
(-2.05892e-10 1.01798e-10 -4.46829e-11)
(1.59147e-10 5.33742e-12 5.84654e-10)
(7.31636e-11 -7.08378e-12 -6.31327e-10)
(2.42677e-10 -7.98016e-11 2.97867e-10)
(-1.2314e-09 9.37458e-11 -2.27892e-10)
(6.7432e-10 4.56606e-10 3.01368e-10)
(8.76869e-10 -2.57595e-10 1.7569e-10)
(-1.94739e-10 -3.16768e-11 -1.42764e-10)
(-4.67581e-11 -1.36529e-10 1.91033e-10)
(6.95079e-11 8.97874e-11 1.9468e-10)
(-2.54973e-10 2.0642e-10 -2.06964e-10)
(3.29297e-10 5.40421e-11 6.32245e-12)
(-2.95588e-10 -6.3103e-11 -9.01088e-11)
(-1.31898e-10 5.59668e-11 7.68844e-11)
(1.0907e-10 -1.4565e-10 -7.37329e-11)
(9.0071e-11 -2.21e-10 1.36464e-09)
(1.28755e-10 -7.42757e-11 -2.20425e-09)
(6.36065e-10 2.22909e-11 1.97476e-10)
(1.46706e-10 -2.17246e-11 1.56357e-11)
(1.40389e-10 -6.3957e-11 -8.40057e-11)
(-1.26128e-10 -1.43853e-11 -8.65052e-09)
(2.22581e-11 2.20085e-11 -2.6461e-09)
(2.16979e-10 1.26636e-10 2.25915e-09)
(-1.81857e-12 3.93714e-12 1.9009e-08)
(-2.81488e-11 6.43944e-13 -3.14348e-08)
(2.20486e-11 -2.30146e-10 -1.2996e-09)
(-1.48256e-10 -2.70292e-11 1.48108e-09)
(-7.77674e-11 -2.40542e-11 3.1646e-10)
(3.32317e-10 -3.1059e-11 1.57563e-10)
(-4.63928e-11 -5.93227e-11 8.48256e-10)
(6.86542e-11 1.25381e-11 2.99881e-09)
(-7.83504e-11 1.88062e-10 9.07821e-10)
(-6.90665e-11 -5.33284e-11 1.70433e-10)
(4.36697e-11 -3.17597e-11 1.46248e-11)
(-8.48624e-11 -7.51269e-11 7.4889e-10)
(-3.99606e-10 -1.10537e-10 5.79769e-09)
(-1.25569e-10 -6.92899e-11 5.49577e-09)
(7.14073e-11 -2.71224e-11 5.08697e-09)
(3.37205e-10 2.71102e-11 4.63082e-09)
(7.54566e-11 2.80743e-11 2.53421e-09)
(1.0887e-11 3.6857e-11 -1.07676e-09)
(1.25698e-10 3.41915e-11 -2.95524e-09)
(3.91423e-10 -1.92897e-10 1.55612e-09)
(4.35606e-10 2.49522e-10 1.20543e-09)
(-4.15717e-11 1.04821e-10 -2.4905e-09)
(7.13833e-10 -5.55527e-12 8.57453e-11)
(1.57338e-10 -9.03081e-11 -1.87528e-09)
(-2.02642e-10 -4.3189e-10 4.11785e-10)
(4.05557e-10 6.58253e-11 6.45356e-09)
(-1.84921e-10 3.11822e-10 2.54562e-10)
(8.46157e-11 -8.62459e-12 1.82944e-09)
(1.49627e-10 -7.49505e-12 7.13352e-11)
(2.0284e-11 -7.14312e-12 8.97723e-11)
(-7.25882e-10 8.55547e-11 1.2935e-11)
(3.37066e-10 2.87262e-11 -9.84395e-11)
(-2.11621e-10 1.09392e-10 -6.59768e-10)
(-4.40445e-11 -5.97363e-11 1.28399e-10)
(-1.8295e-10 -1.56027e-10 1.16663e-09)
(1.12608e-10 -6.4004e-12 4.38023e-10)
(1.64034e-11 9.12551e-11 -1.37347e-09)
(-2.95451e-10 -1.80481e-10 2.89298e-09)
(-6.88868e-11 -1.49335e-10 -2.19792e-10)
(-1.088e-10 1.27285e-10 -3.07501e-10)
(-4.29862e-10 -1.8761e-10 1.02356e-12)
(-7.50478e-11 -2.44892e-11 -3.19823e-10)
(1.12427e-10 8.48683e-12 9.48058e-11)
(1.88898e-10 3.39626e-11 8.47585e-11)
(1.759e-12 -8.11557e-11 5.22862e-10)
(1.00562e-10 2.1272e-11 -6.84456e-10)
(3.49691e-10 -1.01655e-10 -2.96105e-09)
(-3.15422e-11 -2.09704e-11 -2.47877e-09)
(-2.41833e-11 9.25079e-11 1.63159e-09)
(-3.08668e-10 8.6828e-11 3.52031e-09)
(3.19474e-11 7.35149e-12 -2.40104e-08)
(1.77616e-10 -1.11853e-10 3.48768e-09)
(-2.0843e-10 1.91779e-10 -4.99106e-10)
(3.10878e-11 5.29972e-11 1.86446e-08)
(3.437e-11 2.04625e-11 -1.25047e-11)
(7.67731e-11 1.0846e-10 -1.93372e-11)
(1.22731e-10 1.83048e-10 -6.61815e-10)
(1.36497e-10 -1.06614e-10 -4.49512e-09)
(-2.47396e-11 -6.53599e-11 -5.13667e-09)
(-1.30755e-10 -6.4235e-12 -3.60312e-09)
)


// ************************************************************************* //
