/*--------------------------------*- C++ -*----------------------------------*\
  =========                 |
  \\      /  F ield         | OpenFOAM: The Open Source CFD Toolbox
   \\    /   O peration     | Website:  https://openfoam.org
    \\  /    A nd           | Version:  8
     \\/     M anipulation  |
\*---------------------------------------------------------------------------*/
FoamFile
{
    version     2.0;
    format      ascii;
    class       vectorField;
    location    "0/lagrangian/kinematicCloud";
    object      f;
}
// * * * * * * * * * * * * * * * * * * * * * * * * * * * * * * * * * * * * * //


1578
(
(0.000165677 0.000614705 -0.000116986)
(-2.13212e-05 0.000754404 -2.4968e-05)
(-0.000176783 0.00141375 0.000663039)
(0.000138949 0.0011635 -0.00055066)
(-0.000222296 0.00105171 -6.995e-05)
(0.00017109 0.00156687 0.000191564)
(-0.000263734 0.00116073 7.91312e-05)
(-0.000253535 0.00119015 1.48292e-05)
(-0.000192449 0.0010442 1.22496e-06)
(0.000243241 0.00111706 -0.000279514)
(0.00012057 0.0013258 -9.07844e-05)
(0.000231907 0.0014182 7.89003e-05)
(0.000250016 0.00148808 3.84054e-05)
(-0.000282479 0.00123702 -2.46389e-05)
(-4.38748e-05 0.00155989 -1.22581e-05)
(-8.72201e-06 0.00107222 1.3314e-05)
(-3.54594e-06 0.0010033 6.44416e-05)
(0.000314001 0.000819118 3.57125e-06)
(7.71194e-05 0.000800567 -7.23114e-05)
(0.000313869 0.00100354 -2.01226e-05)
(0.000224509 0.00114111 -6.90968e-05)
(-4.13767e-05 0.00122198 -3.55047e-05)
(9.93229e-05 0.00131484 -9.96408e-05)
(0.000469736 0.000995809 4.36988e-05)
(4.57097e-05 0.000938662 -0.000234874)
(-0.000121921 0.000625205 -0.000603403)
(-9.04302e-05 0.00110864 -0.000771632)
(0.000122215 0.00135512 -0.00043578)
(-3.21808e-05 0.000899826 -0.000415382)
(0.000130931 0.000845087 -0.000128846)
(0.000269872 0.000928814 -0.000124722)
(-7.0623e-05 0.00106453 3.32684e-05)
(0.000103499 0.00118528 -1.5697e-05)
(6.03258e-05 0.00110955 -8.97098e-05)
(2.16941e-05 0.00115304 -7.14035e-05)
(0.000116288 0.0010921 -4.14825e-07)
(2.7012e-05 0.00131916 -6.21318e-05)
(0.000244466 0.000698925 -6.50145e-05)
(0.00015905 0.00101496 0.000112635)
(0.000170747 0.00100922 2.65227e-05)
(-0.000224399 0.00104507 -9.51525e-06)
(2.76925e-06 0.00106017 -3.96167e-05)
(0.00010996 0.0010664 2.22383e-05)
(-3.10982e-05 0.00106746 5.99614e-05)
(5.95024e-06 0.001108 -2.44208e-06)
(0.000149967 0.000830758 -5.74973e-05)
(-1.7788e-05 0.000784089 -0.000190777)
(0.000102434 0.00102556 3.86493e-05)
(4.41179e-05 0.00117842 6.73466e-05)
(0.000146062 0.000974451 -5.28474e-05)
(0.000457969 0.00122664 0.000100879)
(0.00027583 0.00102612 -1.22006e-05)
(2.23618e-05 0.00113778 -0.000110045)
(0.000438277 0.000963426 0.000229147)
(-0.000177877 0.00109958 2.37314e-05)
(5.03691e-05 0.000846833 -0.000283351)
(0.000192782 0.00113189 -0.000176453)
(0.00039355 0.00134362 0.000237542)
(-4.22335e-05 0.00170277 0.000208212)
(-0.00060568 0.000321848 0.000119273)
(0.000497342 0.00100064 -0.000793319)
(-0.000395342 0.00115834 -0.000113145)
(-0.000891015 0.000339816 -0.000154795)
(-0.000957794 -5.68705e-07 5.53943e-05)
(0.00029612 0.000149171 4.57169e-05)
(-0.000673051 0.00118492 -0.0002452)
(0.000749356 0.000849593 6.29849e-05)
(0.00100997 0.00207966 9.82862e-05)
(0.000510987 -0.00011792 -0.000101282)
(-0.00171718 0.00304964 -8.36357e-05)
(-0.000890218 0.000317994 7.22915e-05)
(0.00189006 -0.00262114 0.000242058)
(-0.00181022 -0.000437387 -5.57752e-05)
(-0.00135361 0.00214551 -0.00010727)
(0.00291188 0.00311193 -0.000313093)
(0.000132325 0.0027355 -0.00222322)
(0.000229329 0.00242918 -2.55757e-05)
(0.000640656 -0.00111815 0.000721321)
(-0.000281446 0.00106213 -0.000183628)
(-9.40155e-06 0.000680447 0.000363811)
(0.000345602 0.0017261 0.00028007)
(0.000524193 0.00132518 -0.00024033)
(8.01334e-05 0.0015955 1.15144e-06)
(-0.000562528 0.000693368 -4.09895e-05)
(0.0002079 0.000332967 -2.65198e-05)
(4.71107e-06 0.00133946 0.000255589)
(0.000131376 0.000982366 9.73144e-05)
(0.000362927 0.00117609 1.77149e-06)
(0.000319248 0.00104835 8.61879e-05)
(-4.23701e-05 0.001308 0.000185312)
(0.000190659 0.000981456 -3.8442e-05)
(0.000388302 0.00141686 1.01649e-05)
(0.000369757 0.0012483 -5.94807e-05)
(0.000290558 0.00110326 -8.24024e-05)
(0.000113837 0.00115675 0.000136831)
(0.000615256 0.000222053 -8.83007e-06)
(0.00016619 0.00114475 3.39007e-05)
(-6.09369e-06 0.00124191 0.000239751)
(-0.000327604 0.00110823 9.94927e-05)
(-0.000216603 0.000876265 3.4227e-05)
(0.00026884 0.000820812 -0.000229654)
(0.000194219 0.00122141 0.000319369)
(-0.000268382 0.00119799 0.000164867)
(-0.000503148 -0.000121625 0.000800546)
(-8.18089e-05 0.0012414 -0.000405272)
(0.000144899 0.000841611 0.000252279)
(0.000129382 0.000941065 0.000364324)
(0.000164213 0.00108965 -0.000500502)
(0.000194457 0.000856044 -0.000198344)
(0.00014405 0.000729636 0.000633464)
(-0.000123713 0.000972344 2.11554e-05)
(-0.000196053 0.00110955 -3.18546e-05)
(-3.22689e-05 0.00121784 6.94629e-05)
(0.000165924 0.00108395 6.98419e-06)
(0.000119996 0.0010056 7.59368e-05)
(-0.000112907 0.0010428 9.00164e-05)
(-1.01754e-05 0.00113903 -3.10971e-05)
(-7.12544e-05 0.00122811 3.18755e-05)
(-9.74053e-05 0.00111648 1.25828e-05)
(-2.40817e-05 0.000986204 -4.81694e-06)
(-9.65064e-05 0.00093923 -0.000170176)
(-3.12961e-05 0.000874689 0.000224644)
(0.000106189 0.000909505 -0.000370787)
(-7.86685e-05 0.00112205 -0.000180682)
(0.000204564 0.00124375 -0.000406152)
(0.000129599 0.00107935 0.000134419)
(-2.94395e-05 0.00117328 -4.03872e-05)
(-6.98344e-05 0.00137361 -6.02775e-06)
(2.08283e-05 0.0011073 7.24392e-05)
(-0.000435021 0.00144929 3.22817e-05)
(-5.44885e-06 0.00114696 -4.76119e-05)
(6.73808e-05 0.00106572 -0.000106114)
(-0.000187548 0.00163524 0.000102648)
(-0.000439333 0.00138917 -5.64056e-05)
(-0.000503266 0.00153895 -1.44955e-05)
(-0.000666224 0.00112782 0.000289386)
(-0.000346844 0.000544112 -9.33855e-05)
(1.53197e-05 0.000987435 -0.000125351)
(-0.00106945 0.0015669 -0.000229601)
(-0.000704506 0.000351185 -0.000319875)
(0.000173138 0.000984612 -0.000215011)
(0.000920803 0.000577037 -8.78855e-05)
(0.00111715 0.00127342 -5.71799e-05)
(-0.000707411 -0.000365536 -6.1961e-05)
(-0.0012566 0.000409842 7.28608e-05)
(0.000375722 0.00161061 2.23603e-05)
(0.000386374 0.000539221 0.000238807)
(-0.000894265 0.0023463 7.90329e-06)
(0.0013044 0.00195964 -0.000769307)
(0.000372013 0.00143077 -0.00115128)
(0.00226515 0.00107996 -0.0021624)
(0.000170703 0.00132915 -0.00173451)
(-0.000657788 0.00269686 0.000381927)
(-0.00211277 0.00418208 -0.000317334)
(0.00202292 0.00111983 -0.000174174)
(-0.00287891 0.00432748 0.000516439)
(-0.000871767 0.00122771 -6.26361e-05)
(0.00340513 -0.00114364 -0.000465896)
(-0.000858386 0.000790334 -3.62894e-05)
(-0.000277329 0.00165445 1.33183e-05)
(0.000351438 0.000898229 8.75352e-05)
(1.4123e-05 0.00139186 -2.79415e-05)
(-0.00033485 0.00152754 -0.000233415)
(7.94646e-05 0.000921672 -0.000104125)
(-4.01337e-05 0.00135567 -4.6731e-05)
(-0.000512741 0.00102987 -0.000125753)
(0.000423765 0.000854111 0.000116959)
(1.52323e-05 0.00117721 1.5417e-05)
(0.000342277 0.000816769 0.000201567)
(0.000373248 0.000954249 -0.000183443)
(0.000153288 0.000998074 -0.000238865)
(0.000372959 0.00104361 1.49934e-05)
(-6.21399e-05 0.000834601 4.11858e-05)
(-0.000546939 0.000996073 -7.03173e-05)
(0.000202861 0.00108192 4.03641e-06)
(-0.000188543 0.00080903 -7.12475e-05)
(-0.000818613 0.00162976 -0.000194779)
(-0.000609664 0.00101687 -0.00028882)
(-0.000177828 0.00105851 -0.000135119)
(0.00137503 0.00090131 0.00142414)
(-4.50533e-05 0.000460155 0.000662613)
(2.71356e-05 0.00131135 0.000215536)
(0.000335577 0.000887828 0.000876971)
(-0.000371472 0.000932208 -0.000167751)
(-0.000362859 0.0016473 -0.00077395)
(0.000203701 0.00125461 -8.87512e-05)
(0.000220813 0.00101194 0.000122302)
(0.000267428 0.0012182 -0.00010631)
(-3.48731e-05 0.000907471 -5.41568e-05)
(0.000268262 0.00105262 -0.000121857)
(0.000298321 0.00101917 -0.000126014)
(0.000349913 0.00110787 -3.80823e-05)
(0.00013815 0.00158499 -4.62982e-05)
(-0.000196786 0.00138314 7.15089e-05)
(2.90405e-05 0.00120808 -2.79729e-07)
(-1.0147e-05 0.00109086 1.93005e-06)
(-0.000196033 0.00103099 1.46341e-05)
(-7.49569e-05 0.00118108 3.65039e-05)
(-2.93848e-05 0.000899448 -1.27238e-05)
(-7.6659e-05 0.00110129 -1.8159e-05)
(9.59509e-05 0.000787498 7.64568e-05)
(0.000174446 0.000840327 -5.03177e-05)
(-0.000180885 0.00120586 0.00021483)
(-1.94154e-05 0.000898656 0.000120097)
(0.000338636 0.00118444 2.3434e-05)
(0.00037473 0.00096091 -5.17366e-05)
(0.000258479 0.000990126 3.08684e-05)
(2.99167e-05 0.00110087 -3.77264e-05)
(6.47717e-05 0.00103587 -2.66833e-05)
(-0.000226707 0.00144604 -2.78803e-05)
(3.24891e-05 0.00132772 0.000165116)
(-0.000212555 0.00108008 -5.15314e-05)
(0.000713118 0.000601298 -9.50359e-05)
(1.06437e-05 0.00076337 -5.6648e-05)
(0.000116647 0.0011884 2.98535e-05)
(-9.20791e-05 0.00143521 6.17186e-05)
(-0.000582853 0.000965871 -5.18099e-05)
(-0.000262207 0.00145809 5.39371e-06)
(-0.000131097 0.000940859 -0.000275387)
(0.000266544 0.00244725 -0.000176096)
(-0.000850646 0.00128546 0.000101802)
(0.00083116 0.000990834 -0.000194306)
(-0.000356163 0.001129 0.000302748)
(0.00223928 0.00121417 2.12507e-05)
(0.000412907 0.000868671 -1.20206e-05)
(-4.33804e-05 -3.86993e-05 0.00012405)
(0 0 0)
(-0.00233304 0.0016369 -0.000125907)
(-0.00308194 0.00274243 0.00121691)
(-0.00161565 0.00582135 7.93214e-05)
(-0.00063035 0.00154278 -0.000119079)
(0.000789642 0.00163475 -0.00018684)
(-0.000807493 0.00118843 -5.41591e-05)
(-0.000911436 0.000741403 -8.1309e-05)
(-0.000425531 0.000978125 -0.000284202)
(-0.000218238 0.000894088 -0.00016178)
(0.000270995 0.000921547 1.6006e-05)
(0.000152606 0.000955651 4.30633e-05)
(0.000118514 0.000954852 -0.000147451)
(-6.35018e-05 0.00114768 7.58231e-05)
(0.000155802 0.000967908 1.02694e-05)
(0.000115589 0.000943007 4.88786e-05)
(-1.62831e-05 0.001063 4.56664e-05)
(-0.000228753 0.000854025 1.0989e-05)
(-0.000204538 0.000798005 -6.57759e-05)
(0.000480755 0.00108995 -0.000147226)
(-0.000103357 0.00128702 6.51096e-06)
(6.63276e-05 0.00137775 8.07773e-05)
(-0.000147293 0.00112786 5.75296e-05)
(0.00064658 0.00103887 0.000184029)
(3.39313e-05 0.00116346 -7.84339e-05)
(-0.000416751 0.00130442 0.000448696)
(0.000400928 0.000724452 0.000324577)
(-0.000494198 0.00173436 0.000357144)
(0.00032723 0.00103754 -2.92218e-05)
(-0.000227284 0.000516825 0.000131529)
(0.000291976 0.000857206 5.78869e-05)
(0.000262195 0.00132229 -9.30579e-07)
(0.000196892 0.00135917 1.11552e-05)
(0.000212061 0.000991453 -7.77854e-07)
(0.000263642 0.000940867 -0.000137514)
(0.000714737 0.000751501 -1.05668e-05)
(6.35296e-05 0.0010654 -4.09938e-05)
(3.20476e-06 0.000629034 -1.02983e-05)
(-2.47134e-05 0.0009439 3.12684e-07)
(0.000597217 0.00101556 -2.44647e-05)
(0.000127374 0.000987018 -8.51383e-05)
(-0.000123598 0.000919982 -2.50612e-05)
(7.5313e-05 0.00112921 -3.6135e-05)
(-0.000169669 0.000928447 1.49058e-06)
(-0.000325761 0.00117213 4.30967e-05)
(6.45036e-06 0.00105478 4.07601e-05)
(-0.000113863 0.000896178 -1.91996e-05)
(0.000378529 0.000965188 0.000111405)
(0.000171959 0.000878859 0.000109353)
(-0.000148856 0.0007909 8.89752e-05)
(0.000276212 0.00094649 -3.81813e-06)
(-0.00019921 0.00103474 -1.81098e-05)
(0.000109571 0.00118848 5.66691e-05)
(-0.00011514 0.00113795 -2.93499e-05)
(-0.000241336 0.00097068 -3.11847e-05)
(0.000588105 0.00126396 -0.000257986)
(7.36002e-05 0.00120886 -6.63653e-05)
(-0.000121478 0.00124946 0.000150585)
(0.000225026 0.00135239 7.03687e-05)
(-0.000422308 0.00162156 -0.000176626)
(-0.000506996 0.000771537 -0.000105655)
(-0.000670531 0.00124719 8.94476e-05)
(3.15996e-05 0.000343603 -6.36084e-05)
(-0.000234667 0.00230642 -9.62298e-05)
(0.000147205 0.000952375 -0.000213013)
(3.71385e-06 3.67843e-05 -8.8761e-06)
(-0.000205391 0.00165818 -2.27582e-05)
(0.00136537 0.00159091 -3.56028e-06)
(4.38732e-05 0.00147325 0.000139499)
(-0.000725937 0.000442775 -0.000416233)
(0.001733 0.000879684 0.000233777)
(0 0 0)
(-0.00122445 0.000745716 -0.000304176)
(0.000188432 -0.000304373 -0.000344409)
(-0.00264415 -7.32978e-05 -0.000765414)
(-0.000395324 -0.00116375 -9.78734e-05)
(-0.000822981 0.0017317 5.97352e-05)
(0.000959371 0.00202188 5.02467e-05)
(-0.000243909 0.00111416 3.15434e-06)
(0.000223999 0.00133494 1.96819e-05)
(-0.000126784 0.00132198 -1.41191e-05)
(-0.000351111 0.000894356 -3.54619e-05)
(4.79921e-05 0.00103108 -4.50543e-05)
(-0.00012018 0.000932332 -0.000108658)
(-5.27349e-05 0.00124972 -0.000105508)
(-0.000357895 0.00141837 8.54569e-05)
(0.000246536 0.000931077 -5.12239e-06)
(8.50254e-05 0.00166566 -6.31334e-05)
(-0.000399041 0.00106946 5.27748e-05)
(8.69174e-05 0.000862971 -0.000187079)
(-0.000167511 0.000807896 -3.15973e-05)
(-8.51023e-06 0.000886156 -3.84105e-05)
(-4.32298e-05 0.00105807 1.07708e-05)
(0.000353686 0.000703379 -0.000503045)
(1.41099e-05 0.000835712 -0.000255199)
(0.000164927 0.0012711 -8.49575e-05)
(-5.61079e-05 0.000194755 5.10569e-06)
(-0.000241183 0.00123548 0.00022805)
(-0.00039255 0.00100056 -2.56617e-05)
(-0.000168731 0.000818619 0.000229113)
(-9.59798e-05 0.00108935 0.000320214)
(-0.00013242 0.00102202 -9.36352e-05)
(0.00014098 0.00138464 -1.74952e-05)
(9.06141e-06 0.000605956 5.04327e-05)
(6.10835e-05 0.00126956 -6.53125e-05)
(-0.000288106 0.00104042 -4.07698e-06)
(0.0002987 0.00103745 0.000277037)
(-0.00013026 0.00123736 -4.11024e-05)
(0.00012437 0.000955335 0.000170465)
(-0.000264306 0.00109929 -3.60621e-05)
(-0.000165907 0.000475449 -4.4166e-05)
(0.000171602 0.0011342 -2.82841e-05)
(0.000158572 0.00103658 -3.54319e-05)
(0.000433147 0.000537097 7.15242e-06)
(-0.000287169 0.000976345 -9.99633e-05)
(-0.000132192 0.00102426 8.62567e-05)
(-0.000321794 0.000755297 0.000117151)
(0.000354463 0.000526884 3.93152e-05)
(-0.000677246 0.00110622 -9.54576e-07)
(-9.51962e-05 0.00105088 -0.000141703)
(-3.52321e-05 0.000391966 -0.000120297)
(8.87874e-05 0.00129624 -7.04168e-05)
(-0.000123879 0.000914784 4.32716e-05)
(-0.00026416 0.00133706 4.01483e-05)
(-0.000124839 0.00167847 0.000128015)
(0.000270351 0.000972693 -3.05257e-05)
(0.000103563 0.000820071 -0.000101261)
(0.000150951 0.000868266 5.91224e-05)
(0.000123254 0.000999899 0.000104817)
(1.40249e-06 0.00120248 0.000145154)
(-0.000178369 0.000946206 8.57707e-05)
(0.000114889 0.000695435 -0.000175853)
(0.000132952 0.00134395 -0.000279032)
(-0.000317189 0.00128397 -0.000470718)
(-9.73793e-05 0.00108929 -2.21907e-05)
(0.000233588 0.000936276 7.33239e-05)
(-0.00010485 0.0011661 4.69595e-05)
(-7.88992e-05 0.000406053 -9.61096e-05)
(0.00039894 0.00125317 -0.000224192)
(0.000195495 0.000771393 1.43088e-05)
(0.00031321 0.000817013 -8.19918e-05)
(-0.000296076 0.00117557 4.5669e-05)
(-0.000224248 0.000834004 -0.000146925)
(-0.000121689 0.000808948 -0.000124369)
(-0.000755693 0.00238492 0.000119083)
(0.00039692 0.000899332 0.000597579)
(-0.0004926 0.000468987 0.000276026)
(-0.00134742 0.000428706 0.000322328)
(0.000242182 0.00279446 0.000326251)
(0.000389408 0.00137053 0.000179916)
(0.000853911 0.00429954 0.000125452)
(-4.58713e-05 0.00102534 -0.000120896)
(-0.000197008 0.00122708 -0.000170034)
(-0.000183628 0.000521565 -8.39054e-05)
(0.0001428 0.00114289 3.68788e-05)
(-0.000432422 0.00131112 5.98912e-05)
(-0.000331689 0.000716685 8.70766e-05)
(-0.000267045 0.001006 2.12467e-05)
(0.000412544 0.00148703 0.000278752)
(0.000210421 0.00161267 7.48223e-05)
(-0.000533372 0.000801575 0.000107265)
(4.95416e-05 0.000853664 6.09021e-05)
(-0.000475022 0.00127394 0.000135016)
(0.000120364 0.00134926 8.31793e-06)
(0.00012914 0.00133311 -7.04893e-05)
(-0.000348387 0.00135482 5.48419e-05)
(4.51176e-05 0.00125697 8.61335e-05)
(-4.86406e-05 0.00063472 -0.000114445)
(-0.000424476 0.00102082 7.73165e-06)
(0.000136429 0.000787901 2.14202e-05)
(0.000393311 0.00168392 -0.000184558)
(0.000211366 0.000726133 9.00775e-05)
(0.000194724 0.000685816 -0.000198115)
(0.000130695 0.000881247 1.66675e-05)
(0.000191592 0.00105197 4.09421e-05)
(5.69374e-05 0.000978017 -1.85698e-05)
(-2.62374e-05 0.00110259 -8.54011e-05)
(2.18068e-05 0.000757894 -7.4495e-05)
(3.65024e-05 0.0012599 -6.8996e-05)
(-0.000143575 0.00115123 3.44975e-05)
(-1.77317e-05 0.000979885 2.24825e-06)
(-6.52981e-05 0.00107372 -5.12142e-05)
(-0.000151733 0.00115944 -0.000132127)
(0.000128528 0.000735231 1.56777e-05)
(-0.000415913 0.000859028 -2.05264e-06)
(-1.11868e-05 0.000893694 -1.61418e-06)
(7.4098e-05 0.00102701 -2.97116e-05)
(6.38289e-05 0.0012857 0.000128884)
(0.000325112 0.00105347 -1.48072e-05)
(0.000166901 0.00115007 -9.24421e-06)
(0.00015572 0.00101932 2.37719e-05)
(-0.000291624 0.000964573 -9.77646e-05)
(0.000598791 0.000943968 4.33025e-05)
(0.000270267 0.00129674 0.000140726)
(-0.00044241 0.00150956 0.0001283)
(0.000187543 0.00120127 -5.29114e-05)
(0.000237449 0.00125978 6.08489e-05)
(-0.000213181 0.00126938 6.72108e-05)
(-3.79728e-05 0.000993994 1.39939e-05)
(-0.000100581 0.000794903 -6.3894e-05)
(0.000210839 0.00107499 3.64935e-06)
(0.000219403 0.00174769 0.000204405)
(4.38168e-05 0.00086795 -0.000261632)
(9.72638e-05 0.00105664 -3.76457e-05)
(-7.20612e-05 0.000917044 -7.09421e-05)
(6.62098e-05 0.00105902 -0.000149779)
(0.00032847 0.00178067 -0.000568497)
(0.000237488 0.000677354 -0.000260176)
(5.93914e-05 0.0015745 -0.000402183)
(-0.000100579 0.000958833 -7.7667e-05)
(-3.59381e-05 0.000800703 -2.68248e-05)
(-0.000301645 0.00112649 7.39526e-05)
(0.000108252 0.000991396 9.58349e-05)
(-0.000143615 0.00114834 0.000484349)
(-0.00024083 0.000987866 -6.49985e-05)
(-0.000225729 0.000898962 0.000202416)
(-0.000191399 0.000841183 -4.72492e-05)
(8.72802e-05 0.00101017 -9.52151e-05)
(6.55077e-05 0.0008492 7.50596e-05)
(0.000572047 0.00182914 9.63153e-06)
(0.000338541 0.00125951 0.000109217)
(-0.000326753 0.000298447 -1.04169e-05)
(0.000975365 0.000949151 -2.09337e-05)
(-0.000173053 0.000931693 0.000392814)
(0.000160049 0.000845389 6.33522e-05)
(-0.000825396 0.000456999 -0.000109973)
(0.000155358 0.000876262 -0.000259249)
(0.00247882 0.000931806 -9.0847e-05)
(0.00077682 0.00219522 0.000240401)
(-0.00162594 -0.00195055 5.54535e-05)
(0.000374423 0.00116621 1.86049e-05)
(6.09946e-06 0.00119705 -0.000275671)
(-0.000417484 0.00105116 9.75133e-06)
(5.36827e-05 0.00148176 -0.000722283)
(-3.60266e-05 0.00118979 -0.000391003)
(-0.000173189 0.000987704 9.4191e-05)
(0.000556442 0.000934358 4.48904e-05)
(0.000188792 0.000927338 0.000265101)
(-0.000266223 0.00121967 3.3595e-05)
(4.57523e-06 0.00114109 0.00010114)
(-0.000296596 0.000899237 3.80971e-05)
(-0.000522032 0.000892476 0.000130872)
(0.000317036 2.76931e-05 -5.25849e-05)
(-0.00021638 0.000821801 -0.000154001)
(-4.70979e-05 0.000758962 -3.90035e-05)
(0.000445966 0.000981354 -3.80875e-05)
(-0.000178483 0.000690469 0.000188535)
(-0.000196544 0.000791696 4.97703e-05)
(0.000422793 0.000934135 -0.000448111)
(-0.000171517 0.000604955 -7.79821e-05)
(9.64995e-05 0.000559687 9.53355e-05)
(0.000328468 0.00115138 0.000118143)
(0.000383121 0.000123913 4.44031e-05)
(1.64956e-05 0.000917664 1.75574e-05)
(0.000272375 0.000446403 0.000218986)
(0.000151631 0.00150721 8.96673e-06)
(-0.000690053 0.00101166 -3.08468e-05)
(-0.000538165 0.000565427 -4.04075e-05)
(-0.00085291 0.000874279 4.9142e-05)
(-3.90001e-06 0.00157181 -9.88072e-05)
(9.73994e-05 0.00127155 5.25224e-05)
(-0.000375928 0.000296034 -1.35897e-05)
(9.15609e-06 0.000894884 -2.2523e-05)
(0.00011621 0.00167777 2.32217e-05)
(-0.000359503 0.00139693 9.51292e-06)
(-0.000338008 0.00236507 -0.00016808)
(0.000457874 0.000994851 -8.53578e-05)
(0.000487259 0.0014367 0.000145332)
(5.90145e-05 0.00106432 3.22606e-05)
(0.000229306 0.00137609 -0.000177656)
(0.00056972 6.35191e-05 -6.65935e-06)
(0.000527456 0.000908852 6.25591e-06)
(-0.000164416 0.00134104 3.38528e-05)
(-6.7648e-05 0.00130542 8.74909e-05)
(-1.12594e-05 0.000986539 -1.64813e-05)
(1.75692e-05 0.00111625 3.03728e-05)
(-0.000319779 0.000928524 -6.0449e-05)
(6.11057e-05 0.000915121 -1.4815e-06)
(0.000290617 0.000992158 2.32542e-05)
(-0.000316744 0.000937783 -0.000316907)
(-0.000265378 0.000920957 1.24579e-05)
(0.000201749 0.000678006 0.000166392)
(0.000328116 0.00105312 5.91307e-05)
(-0.000149166 0.000908266 -1.03297e-05)
(-5.73648e-05 0.00128364 -0.000171437)
(-0.000345235 0.00100733 -2.7784e-05)
(2.79676e-05 0.000977032 9.41892e-05)
(0.000165644 0.00066272 0.000325943)
(5.77196e-05 0.00046636 0.000105671)
(-0.000135063 0.000918152 1.54941e-05)
(-7.15748e-05 0.00103588 0.00029119)
(0.000107289 0.000870391 2.59267e-05)
(0.000262242 0.000801436 0.000191076)
(-0.000605145 0.00106722 -0.00042565)
(-0.000588528 0.00172344 0.000168416)
(-0.000656558 0.00124994 0.000257381)
(-0.000480801 0.000933708 0.00043136)
(0.000309333 0.00148485 -0.000420325)
(-0.00103976 -0.00197912 -0.000110457)
(-0.00239286 0.00136067 -0.000667579)
(-0.000664562 0.00170657 4.96458e-05)
(-0.00010918 0.00118366 0.000113329)
(-0.000109407 0.00105707 -7.62641e-05)
(6.65937e-05 0.0017476 -0.000319695)
(0.000202387 0.000904849 -0.000204179)
(-0.000157615 0.00188635 0.000179599)
(0.000294669 0.00123714 0.000354283)
(-0.000249029 0.0015626 0.00017335)
(0.000102994 0.000890944 -6.53305e-05)
(-5.595e-05 0.00124185 -1.94646e-05)
(-0.000127622 0.00124014 8.87315e-05)
(9.99955e-05 0.00131161 -0.000132663)
(-0.000298936 0.000811017 0.000119029)
(-0.000266129 0.00146416 -7.68602e-06)
(0.00014211 0.00133522 -3.96036e-05)
(9.64447e-05 0.00129188 -0.000150849)
(0.000215831 0.00155286 2.2411e-05)
(0.000241534 0.00100106 -2.13474e-05)
(-0.000598074 0.00115838 0.000160024)
(6.69695e-06 0.00152155 0.000224839)
(-6.10671e-06 0.00152553 3.95555e-05)
(-0.000195262 0.000643298 -0.000310601)
(-0.000648002 0.00132316 6.02727e-05)
(-2.08672e-05 0.000576005 -9.61901e-05)
(-4.6959e-05 0.000763949 0.000183732)
(-0.00022098 0.000854683 6.95222e-05)
(3.35229e-05 0.00173629 -9.67403e-07)
(-0.000113117 0.000888432 1.79602e-06)
(-0.00057195 0.00131804 -3.38729e-05)
(0.000757393 0.00126095 -0.000109454)
(5.75799e-05 0.00088401 -0.000254475)
(1.63288e-05 0.00111205 -5.16595e-05)
(-0.000442714 0.00130294 -0.000120038)
(-0.000194288 0.0010881 -0.000123884)
(0.000513156 0.00100049 2.93163e-05)
(-0.000653113 0.000747856 -0.000270222)
(0.000289988 0.00065808 -0.000452602)
(0.00058367 0.00158619 9.55821e-05)
(-3.20566e-05 0.00114001 -2.88413e-05)
(0.000359212 0.00115816 6.25793e-05)
(-0.000242208 0.000555295 -1.33193e-05)
(-0.000570448 0.000280352 0.000113525)
(-4.27912e-05 0.000302693 5.05345e-05)
(-0.000556518 0.00177476 -6.57385e-05)
(-0.000257885 0.0012604 -0.000108389)
(-0.00015876 0.00109919 -0.000124255)
(-1.34422e-06 0.00104847 0.000104682)
(0.000753451 0.000925323 0.000179371)
(-0.000247624 0.00141739 0.000106273)
(-0.000168658 0.00101954 8.66536e-05)
(-0.000196788 0.0015439 -5.38177e-05)
(-4.30995e-05 0.00102884 -5.05857e-05)
(-0.00016554 0.000893556 -9.94978e-05)
(1.9018e-05 0.000654109 -8.49153e-05)
(0.000206273 0.000912438 -1.69495e-05)
(0.000402532 0.000927637 8.50526e-05)
(0.000231636 0.00094971 6.98832e-05)
(0.00029178 0.000774529 9.37073e-05)
(0.000112293 0.00105761 0.000114148)
(0.000197097 0.00089971 5.90538e-05)
(0.000141259 0.00102344 0.000161028)
(-9.43427e-06 0.00125805 -0.000169146)
(-0.000291773 0.00125669 -6.73012e-05)
(-0.000153435 0.000925834 -5.9491e-05)
(0.000107844 0.00109062 -0.000130448)
(0.000236559 0.000934524 -5.71306e-05)
(-0.000163977 0.000970667 5.17212e-05)
(0.000279605 0.000692167 4.63491e-05)
(0.000744194 0.00117208 -5.02562e-05)
(-0.000841375 0.00074234 -2.3671e-06)
(0.000424222 0.00115713 -0.000464548)
(-0.000421578 0.0014662 -5.83233e-06)
(0.000414846 0.000963767 4.20064e-05)
(0.000368165 0.000798462 0.00031467)
(0.000330177 0.000647712 -0.000323456)
(-0.00147783 0.00232515 5.37745e-06)
(-0.000540521 0.0009985 -0.000280893)
(-0.000828684 0.0011265 0.000159467)
(-0.000823042 0.000196007 -0.000158736)
(-0.000123689 0.00144629 9.52837e-05)
(-0.000227892 0.00112763 0.000184239)
(-0.000274484 0.00154368 2.3536e-05)
(3.8915e-05 0.00145652 4.75202e-05)
(0.000361949 0.00126923 -0.000109584)
(5.16044e-05 0.00163042 5.61061e-05)
(-1.60214e-05 0.00182734 -0.000301895)
(0.00049837 0.00144957 -3.66254e-06)
(0.000478349 0.00132129 5.14194e-05)
(0.000253641 0.00152567 3.76593e-05)
(-1.58694e-05 0.000921445 9.78585e-06)
(0.000237008 0.000919308 9.51592e-06)
(-0.000304848 0.000968447 -1.06128e-05)
(-0.000180897 0.0012734 0.000183265)
(0.000154266 0.00140613 -5.38334e-05)
(1.15181e-05 0.00143006 -6.58126e-05)
(9.79207e-05 0.00147897 -2.15894e-05)
(0.000153559 0.0014637 7.54463e-05)
(0.00019697 0.00150762 -0.000171731)
(0.000128208 0.0015296 -3.40102e-05)
(0.000120652 0.000691642 7.59589e-05)
(0.000131753 0.000985579 0.000184999)
(-0.000569131 0.00126926 -0.000122503)
(-0.000359046 0.00127326 9.39603e-05)
(0.000321699 0.00120092 9.26673e-06)
(-4.73503e-05 0.000915749 0.000179564)
(6.60404e-05 0.00086459 0.000172065)
(0.000227187 0.000870235 -0.000132427)
(-0.000178336 0.000986758 0.000245223)
(-4.2237e-06 0.000834865 -0.000381364)
(-0.000135869 0.000925566 -4.27748e-06)
(-0.000411468 0.00137632 0.000214584)
(-4.12691e-05 0.00126207 6.25902e-05)
(-7.11052e-05 0.00102583 -3.83036e-05)
(0.0001792 0.00125805 -0.000124902)
(0.00059264 0.00101732 -5.55192e-05)
(0.000211476 0.00107087 -2.43323e-05)
(0.000648993 0.000173932 1.66779e-05)
(0.000536774 0.00126332 -0.000107138)
(0.00022396 0.000824916 -0.000101209)
(-0.000174457 0.00130812 0.000139818)
(-5.62053e-05 0.0019319 0.000135869)
(-0.00115517 0.00122391 0.000231378)
(-0.000334086 0.000961952 -0.000116506)
(-0.000483467 0.00119495 -8.83645e-05)
(-0.000134909 0.0011892 -0.000190608)
(-0.000463294 0.00066604 -0.000197953)
(0.000412799 0.000513729 -0.000451201)
(-1.46784e-05 0.000706549 -0.000115298)
(0.000100653 0.000770221 0.00013734)
(6.60855e-05 0.000846895 1.48465e-06)
(6.40068e-05 0.000877041 -5.9472e-06)
(5.69329e-05 0.00104815 3.07301e-05)
(-6.01344e-05 0.0011382 7.8618e-05)
(-6.85689e-05 0.00126637 5.61426e-05)
(-6.2559e-05 0.00124658 -4.9149e-05)
(0.000135455 0.000964064 9.79719e-06)
(0.000353621 0.000760855 2.92403e-06)
(-9.75892e-05 0.000743474 -1.91063e-06)
(-7.91176e-05 0.000922584 0.000151328)
(-0.000183925 0.00116996 0.000325067)
(5.42957e-05 0.00123364 -0.000323615)
(-0.000424489 0.00110678 7.45902e-06)
(-6.78458e-05 0.0017445 0.000189167)
(0.000205765 0.000415665 0.000303974)
(0.000223893 0.00115463 -1.91013e-05)
(-0.000265175 0.0030182 3.55147e-05)
(-0.000448757 0.00218434 -0.000543802)
(-0.000683236 0.00157922 -1.52035e-05)
(5.03079e-05 0.00116639 0.000161205)
(0.00102758 0.000771534 2.06263e-05)
(0.000790319 0.00108767 0.000266673)
(5.79996e-05 0.000727866 -2.74863e-05)
(0.000343019 0.000797832 9.44522e-06)
(-8.94073e-05 0.000557612 -2.58151e-05)
(0.000599119 0.00097357 -7.88924e-05)
(-0.000266039 0.00127242 -5.91427e-05)
(-9.77673e-05 0.000392656 -1.10019e-05)
(0.000106872 0.00150632 0.000388241)
(-0.000159449 0.0012662 -2.0836e-05)
(0.000142939 0.00111992 0.000141487)
(-0.000555022 0.000983621 -0.000122117)
(0.000403357 0.00113508 -2.09065e-05)
(-0.000174374 0.000852589 -9.15277e-05)
(0.000191107 0.00129542 1.97641e-05)
(0.000610782 0.000885134 6.47743e-05)
(-0.000211665 0.00130714 7.80411e-06)
(-0.000412818 0.0011956 3.1789e-06)
(-0.000197266 0.00159368 -0.000221354)
(-0.000248501 0.00144222 0.00013319)
(5.69308e-05 0.00103345 -0.000148591)
(-8.0368e-05 0.00121511 7.86562e-06)
(-0.000174828 0.00106667 -1.00772e-05)
(0.000217495 0.00165098 7.79166e-05)
(0.000272075 0.00129046 -0.000131423)
(-0.000568788 0.00155398 -4.6636e-05)
(-0.000170836 0.00125006 4.18087e-05)
(-0.000279994 0.000659169 -0.000151329)
(6.90697e-05 0.000837906 8.11843e-05)
(6.18419e-05 0.00123012 0.000123926)
(0.00127361 0.00106027 -7.06965e-05)
(0.000391887 0.000943259 0.000238442)
(-0.000114794 0.000563949 0.000695413)
(-1.49759e-05 0.000871782 0.00020571)
(-8.4119e-05 0.00134955 8.86972e-05)
(-0.00019545 0.00130729 -2.60755e-05)
(-0.000148327 0.00115927 3.94551e-05)
(-0.000395163 0.00156329 -1.67633e-05)
(-0.000465886 0.00111803 4.24335e-05)
(-0.000224835 0.00154103 -5.73462e-06)
(-0.000716917 0.000564187 7.41403e-05)
(-0.000127223 0.000694562 -9.16805e-05)
(-0.000269609 0.000704045 -5.4474e-05)
(-0.000575779 0.000797608 -7.44547e-05)
(-0.000147072 0.00148672 -1.48511e-05)
(8.04083e-05 0.00107397 9.70171e-05)
(0.000112188 0.000975768 -3.10142e-05)
(0.000361628 0.00114511 6.18452e-05)
(0.000109454 0.00133978 0.000255596)
(-0.000415917 0.000771612 6.5941e-05)
(0.000219135 0.00142342 0.000191874)
(-0.000255833 0.00130675 0.000159906)
(0.000481077 0.00117628 0.000381501)
(0.000459278 0.000828831 -0.000307773)
(0.000264791 0.000808951 -0.000109688)
(6.04865e-05 0.000868105 0.000214727)
(1.30322e-05 0.000925623 0.000132742)
(6.27183e-05 0.000840789 -6.02599e-05)
(-3.92056e-05 0.00104985 0.000137834)
(3.12633e-05 0.000989198 0.000180435)
(-7.40659e-05 0.00102038 -1.07227e-05)
(-7.28046e-05 0.00115092 0.000122102)
(-0.000141818 0.000954141 6.2679e-05)
(1.94408e-06 0.00112993 8.30235e-05)
(-0.000132532 0.000991542 -9.37052e-05)
(-0.000405465 0.00103559 0.000266069)
(-0.000117598 0.00111743 0.000126006)
(-0.000181793 0.000889708 0.000202133)
(0.000196273 0.00117213 4.18451e-05)
(2.71321e-05 0.000950812 -3.21932e-05)
(-0.000108594 0.00140244 -0.000157602)
(-1.74845e-05 0.00134906 -8.46254e-05)
(0.00113514 0.00110486 -2.63436e-06)
(1.21325e-05 0.00163288 -0.000126425)
(-0.000443505 0.000884002 -0.00015277)
(0.000126497 0.000950754 -0.000222291)
(0.000224057 0.000881404 2.06548e-06)
(-6.15537e-05 0.000619651 -0.000279254)
(-0.000229919 0.00090728 -0.000279163)
(-0.000874848 0.00189663 -0.000316246)
(-0.000202947 0.000517023 0.000103157)
(-0.000369092 0.00199507 -0.0001273)
(-0.000318712 0.00109206 -1.10366e-05)
(-4.02417e-06 0.000379493 -0.000310619)
(-4.50449e-05 0.00104765 0.000244873)
(0.000514973 0.00115191 -8.56924e-06)
(5.45859e-05 0.000959693 -6.67021e-05)
(4.49204e-05 0.00111516 -0.000112268)
(0.000126635 0.000729999 -0.000117019)
(-0.000149839 0.000781996 -7.38745e-05)
(-0.000274775 0.000922449 -3.5455e-05)
(-0.00048275 0.000790036 -3.28467e-05)
(-0.000507875 0.00104598 -0.000159154)
(-0.000479044 0.00109775 2.52144e-05)
(-0.000423497 0.000876926 5.45168e-06)
(4.19847e-05 0.00119603 -5.17416e-05)
(-0.000263716 0.00101151 8.89393e-05)
(-0.000394171 0.00120541 6.29484e-05)
(-1.62544e-05 0.000862915 5.30432e-05)
(0.000698137 0.0010326 -9.74553e-05)
(0.000288952 0.000848511 -9.22415e-05)
(0.000289222 0.00108995 1.23089e-06)
(-0.000350587 0.000930852 -1.40723e-05)
(3.82896e-05 0.00101269 3.46617e-05)
(0.000550617 0.00142951 8.32147e-05)
(-0.00118377 0.00112036 1.64804e-07)
(0.000350901 0.000692672 0.00012851)
(0.00166182 0.00124836 -0.000151184)
(0.000445684 -0.000447054 -0.000268131)
(0.00112043 0.00031322 -0.000105142)
(0.000452353 0.00316223 -0.000314776)
(0.000212806 0.00120744 0.00017632)
(-0.00030828 0.000986981 8.65659e-05)
(-0.000237981 0.00135004 0.000164344)
(6.25965e-06 0.000927618 0.000262659)
(5.08983e-05 0.000975828 5.80034e-05)
(0.000243199 0.000908295 0.000106271)
(-0.000153649 0.00140257 -9.69865e-06)
(-0.000510208 0.00134872 -4.84443e-05)
(-0.000624884 0.000971226 3.61274e-05)
(-6.51635e-05 0.00143535 5.54143e-05)
(0.000351422 0.000943429 5.34342e-05)
(-0.000111325 0.000958922 9.49073e-05)
(0.000446699 0.00094354 4.13043e-05)
(-5.4056e-05 0.00119508 0.00011129)
(0.000340727 0.00166604 0.000115686)
(0.000223524 0.00122795 0.000272336)
(0.000100987 0.00110605 -4.42582e-05)
(-8.173e-05 0.001064 3.15441e-05)
(0.000107624 0.00093134 -0.000165766)
(7.42479e-05 0.0010548 -2.98956e-05)
(9.94861e-05 0.00103192 -6.83936e-05)
(1.53546e-05 0.00122805 -0.000121745)
(0.000162538 0.00101131 -3.19642e-05)
(0.000251288 0.00104758 -2.89242e-05)
(0.000190795 0.000969906 0.000112908)
(0.000102543 0.000973353 0.000163163)
(2.96108e-05 0.000988186 1.70581e-05)
(-0.000103598 0.00106835 -1.24899e-05)
(9.74876e-05 0.00104906 -0.000221153)
(0.000151776 0.00106498 4.02343e-05)
(-3.59012e-05 0.00110315 -0.000159159)
(-8.44295e-05 0.0012954 0.000147111)
(0.000232447 0.000961597 3.04878e-05)
(0.00044791 0.000919183 2.85668e-05)
(-7.94268e-05 0.0014203 0.000209187)
(-0.000225988 0.00111237 -0.000173525)
(-0.000154701 0.000376415 0.000161266)
(-0.000191114 0.00117461 -0.000229875)
(-0.000219069 0.000877287 0.000125751)
(0.000387922 0.000587483 -5.02203e-05)
(0.00067127 0.00102403 -0.000217272)
(0.000554485 0.00147346 -0.000206263)
(0.00030108 0.000927667 -1.74425e-05)
(-0.000202032 -0.000314118 7.16942e-05)
(8.26257e-05 0.000559941 0.000177425)
(3.51224e-05 0.000584571 0.000139377)
(-0.000115341 0.00113913 -7.65849e-05)
(0.000313232 0.00120388 -0.000326288)
(-0.000697626 0.0020897 -3.85321e-05)
(-0.000423125 0.00144723 -0.000214707)
(-0.000112795 0.00122349 -2.12864e-05)
(-0.000491013 0.000772063 -7.48458e-05)
(-0.000523947 0.000610223 -5.54803e-05)
(-1.8535e-05 0.000684178 -0.000147368)
(-0.000512926 0.00152952 -1.46151e-05)
(0.000221162 0.00212923 -0.000141542)
(-0.000174256 0.00119215 2.40861e-05)
(-0.000263145 0.00120158 -7.94156e-05)
(0.000215779 0.000434134 5.3942e-05)
(-0.000488562 0.000570356 8.73384e-05)
(-0.0003745 0.000696769 -3.88392e-05)
(0.000182906 0.00125133 8.31227e-05)
(-4.05781e-05 0.00143454 -0.000240698)
(-0.000223872 0.00145187 -0.00023257)
(0.000374929 0.000672394 -0.000116746)
(0.00116232 0.00126018 -9.81291e-05)
(0.000606979 0.000373341 -0.000234441)
(0.00114007 0.00157687 -0.000516051)
(-0.00114561 0.000897676 9.9511e-05)
(-0.000472009 0.00175121 -0.000287308)
(-0.000489091 0.00128845 -1.2461e-05)
(-0.0004266 0.00120523 -5.69979e-05)
(-0.000645748 0.0012097 1.4057e-05)
(-0.00052586 -0.000633508 -5.21372e-06)
(-0.000187711 0.000672609 -2.44098e-05)
(-0.000105607 0.000566869 0.000245364)
(7.37349e-05 0.00105082 8.4275e-06)
(0.000203845 0.00125356 0.000122366)
(-0.000101455 0.000994731 0.000104761)
(0.00020763 0.000910891 0.000155543)
(-0.000169907 0.00101568 -2.68398e-05)
(0.000135264 0.00086048 0.000325583)
(-9.64657e-05 0.000883284 0.000185259)
(2.3601e-06 0.00102581 6.55813e-05)
(-3.75116e-05 0.000869299 4.39402e-05)
(-0.000125081 0.00094701 -8.31268e-05)
(5.04897e-06 0.00118136 -6.33931e-05)
(-8.37484e-05 0.000880213 5.10212e-05)
(0.00034773 0.000999102 -3.37799e-05)
(-3.73372e-05 0.000695104 0.00010922)
(0.000304167 0.00114867 -9.5526e-05)
(2.69716e-05 0.00121693 -1.15568e-05)
(-0.000239165 0.00098719 -5.33153e-05)
(-0.000146287 0.000958141 -5.599e-06)
(2.07059e-05 0.00116417 6.82483e-05)
(-2.34927e-05 0.00106729 0.000107123)
(-0.000395436 0.00103487 0.000114693)
(0.000126571 0.00115916 8.14342e-05)
(-0.000199095 0.00118192 7.01864e-05)
(7.65947e-05 0.00115093 0.00014103)
(8.34713e-05 0.000984307 6.12018e-05)
(0.000148749 0.000954361 0.000143344)
(8.83326e-05 0.000990126 0.0001216)
(0.00012239 0.000936105 0.000104954)
(-5.06489e-05 0.000994105 0.000191285)
(-0.000328837 0.00118981 -6.20079e-05)
(-5.25385e-05 0.00140369 -0.000173998)
(-3.72537e-05 0.00108723 -0.000149306)
(0.000395882 0.000864054 -7.43292e-05)
(0.000108494 0.00121703 -2.51106e-05)
(7.90071e-05 0.0011299 2.14223e-05)
(0.000172806 0.00110596 -0.000336671)
(-0.000212073 0.00167216 -8.03212e-05)
(-0.000153707 0.00102626 -3.22095e-05)
(-0.000827638 0.000792018 3.58504e-05)
(-0.000501375 0.00156669 0.000137195)
(0.000250081 0.00156357 0.000100138)
(0.000390976 0.00111611 8.39505e-05)
(0.000163305 0.000681238 0.000210794)
(-9.50774e-05 0.00136459 2.57108e-05)
(-0.000278611 0.000912444 1.74153e-05)
(4.2267e-05 0.000798875 -8.89113e-05)
(-0.000385741 0.0022657 -0.000182514)
(-8.26524e-05 0.000392983 -6.25817e-05)
(0.000458275 0.00143175 0.000139021)
(5.78868e-05 0.000538947 -3.42137e-05)
(4.14952e-05 0.00155204 -0.000112189)
(0.000378865 0.00110601 -0.000304296)
(-0.000497459 0.00115984 0.000343162)
(-0.000355635 0.00141934 5.88986e-05)
(3.68331e-05 0.00128455 6.03987e-05)
(0.00058456 0.000578504 0.000108168)
(0.000716832 0.000520487 0.000255579)
(0.000628742 0.000672322 4.20486e-07)
(2.85032e-05 0.000448233 7.22733e-05)
(-0.000244764 0.000533184 -0.00016969)
(-0.000509762 0.000671027 8.21711e-05)
(7.58894e-05 0.00192121 -0.000242476)
(-0.000171362 0.00224233 0.000215213)
(-0.000187266 0.00214598 -6.28985e-05)
(0.000483569 0.000997396 -0.000123411)
(-0.00011029 0.000722802 1.521e-05)
(-0.000494341 0.000837348 6.03943e-05)
(-0.000652559 0.00173219 2.18852e-05)
(-0.00139197 0.000964168 0.00015226)
(-0.000684357 0.00123013 -0.000118735)
(9.75161e-05 0.0023447 -2.15361e-05)
(-0.000252073 0.00120659 0.00042924)
(-0.000331091 0.000672053 -9.36322e-05)
(0.000558839 0.00098878 3.00144e-05)
(0.00038817 0.00115385 0.000196808)
(0.000285364 0.00149484 -0.000163045)
(0.000908702 0.000713645 9.97987e-05)
(0.000947925 0.000437298 0.000165531)
(0.000198584 0.00126045 3.52481e-05)
(-2.65735e-05 0.00156006 -3.59436e-05)
(-0.000515 0.00148042 -0.000121986)
(-0.000195398 0.000526605 -0.000144965)
(-0.000135242 0.00123342 0.000234799)
(4.35563e-05 0.00115128 0.00011469)
(-9.65369e-05 0.00107436 9.25816e-05)
(-0.000176962 0.000937493 0.000119722)
(0.000311066 0.00110654 -3.29232e-05)
(-7.96821e-05 0.000880864 0.000170049)
(-0.000213492 0.000879083 0.000276149)
(5.76871e-07 0.0012683 -0.000300098)
(0.000452117 0.00137369 -0.000152492)
(3.28118e-05 0.000997486 -0.000382518)
(-0.000310461 0.00090774 -0.000283032)
(-0.000347528 0.00121575 5.66711e-05)
(-0.000326943 0.001138 0.000161463)
(-0.000293904 0.00119979 -2.89629e-05)
(-9.34745e-05 0.00120773 0.000308202)
(6.79976e-05 0.0010839 0.000148973)
(6.85273e-06 0.00109413 0.00166597)
(-0.000106739 0.00106027 3.74495e-06)
(4.49026e-05 0.000993659 -0.00141345)
(-7.5494e-05 0.00118832 -0.000119113)
(5.00742e-05 0.00115278 -1.66216e-05)
(4.37875e-05 0.00082697 -0.000305285)
(2.41963e-05 0.00110161 -0.000169686)
(0.000223123 0.00120842 -0.000343447)
(-5.28734e-05 0.00113417 3.62949e-05)
(0.000243715 0.00142108 -0.000252691)
(0.000316526 0.00062567 -4.73377e-05)
(0.000526021 0.000242954 0.000160507)
(0.000320368 0.00104807 0.000164667)
(5.63427e-05 0.00125056 -3.92184e-05)
(0.000173825 0.00147317 -9.25639e-05)
(0.000125741 0.00163323 2.45835e-05)
(-1.37109e-05 0.00131189 -0.000142738)
(-0.000328193 0.00157722 0.000183828)
(-0.000439455 0.00173668 -0.00010876)
(6.36355e-05 0.00241666 -0.000162171)
(-0.000166838 -0.000359658 0.000167425)
(-0.000330689 0.00151338 -0.00014904)
(0.00161186 -5.34205e-05 0.000150741)
(0.000514483 0.00130503 -7.91376e-05)
(-0.000760642 0.000819358 -3.10635e-05)
(-0.000123006 0.000768231 -2.93415e-05)
(-0.000283447 0.00152704 -0.000163783)
(-0.000290543 0.00130596 0.000267659)
(-7.68751e-05 0.00205323 -4.92061e-05)
(0.000440338 0.000886254 -0.000755733)
(-0.000430477 0.00131348 0.000169296)
(-0.000448892 0.00142434 -0.000171984)
(7.43512e-05 0.00146843 3.79389e-05)
(0.000507227 0.0011217 -9.50289e-05)
(-0.000965098 0.000282087 -0.000195901)
(-0.000310301 -0.000579245 -0.000118105)
(0.000104851 0.00235207 0.000103417)
(-0.00071796 0.000977479 0.00024712)
(9.42572e-05 0.00149466 7.68811e-06)
(0.000312701 0.000821106 0.000188563)
(-0.000360944 0.00136528 -0.000111159)
(4.24246e-05 0.00131609 0.000198339)
(-0.00011962 0.000824804 3.66192e-05)
(0.000508107 0.00101554 6.5539e-06)
(-0.000175217 0.00109962 0.000138139)
(0.000179694 0.000886046 -8.29986e-05)
(-0.000121552 0.00139265 0.000169829)
(0.000117643 0.00178296 -0.000238855)
(4.55196e-05 0.0016161 3.62733e-05)
(6.3466e-05 0.00245251 -0.00010407)
(-0.000245929 0.000787397 -7.1489e-05)
(0.000226181 0.00113551 1.68376e-05)
(0.000252999 0.000929823 0.000111692)
(-0.000158069 0.00135137 0.000531669)
(-8.42434e-05 0.00154231 0.000448596)
(9.96163e-05 0.00152271 0.000126097)
(1.54543e-05 0.00117007 0.000181703)
(-3.27666e-05 0.00107497 5.04475e-05)
(0.000320955 0.00102016 -0.000267906)
(-0.000366801 0.00106473 0.000155581)
(0.000218066 0.0011258 5.85851e-05)
(-0.000174285 0.00104459 -0.000342717)
(2.30458e-05 0.00114986 -7.41255e-05)
(0.000105937 0.0011672 -0.00045684)
(0.000448722 0.00104716 -0.000132066)
(-0.000270768 0.00128105 -0.00010783)
(-0.000274244 0.00114526 -0.00012316)
(0.000448413 0.00106369 0.000252383)
(-0.000326111 0.00109918 9.68766e-05)
(-0.000446301 0.00111446 4.65454e-05)
(-0.000207571 0.0010109 2.83966e-06)
(8.41276e-05 0.000810054 -1.45124e-06)
(-0.000267876 0.000970224 6.51003e-05)
(-0.000316021 0.00117569 -0.000254698)
(0.000283247 0.000869294 -0.000169998)
(-0.000477793 0.00114195 -0.000235526)
(-0.000194223 0.00102237 0.000244044)
(-1.10585e-05 0.00117203 0.00016223)
(0.000114194 0.0012707 0.000202144)
(0.000133172 0.00115787 5.01339e-05)
(0.000433722 0.00113199 -0.000168723)
(0.000165216 0.00120154 -0.00037396)
(0.000192367 0.000891651 6.36381e-05)
(-0.000145844 0.000799816 8.95137e-05)
(0.000485458 0.00103524 0.000405541)
(-0.000315798 0.000907193 0.000135999)
(0.000749902 0.00107047 0.000633596)
(0.000624622 0.00106979 -8.57815e-05)
(-4.21852e-05 0.000756664 4.1229e-05)
(0.000156131 0.000647399 2.84864e-05)
(-0.000115289 0.000974858 -0.000114141)
(-0.000395901 0.0012958 0.000233002)
(-0.000627399 0.00163139 0.000227693)
(-0.000121649 0.00145656 0.000236244)
(8.0638e-05 0.000339599 1.39338e-05)
(-0.000419102 0.00168293 -6.40788e-05)
(0.000220175 0.000878118 3.21612e-05)
(0.000145864 0.00129769 -0.000187034)
(0.000337477 0.000925284 -9.09403e-06)
(-0.0016083 0.00258313 -5.96447e-05)
(-0.00130642 0.0025573 -2.20922e-05)
(-0.00031999 0.00090866 -1.75104e-05)
(-0.000338007 0.00136529 -0.00045887)
(0.000210317 0.000488115 -0.000362755)
(-0.000684622 0.00129819 -0.000298793)
(3.48257e-05 0.00102925 -9.15639e-05)
(-0.000240948 0.00106311 0.00031453)
(0.000825316 0.00133115 -0.000179279)
(0.000133242 0.00162501 0.000421229)
(-0.000549272 -0.000578572 3.21709e-05)
(0.00217592 0.00334435 -0.00032115)
(5.34582e-06 0.00132762 -7.29292e-05)
(-0.000264314 0.000674455 -0.000305314)
(0.000405097 0.000948658 -4.63669e-05)
(-0.000340286 0.00183993 -0.000290011)
(0.00113884 0.000777934 -5.39127e-05)
(-0.000257313 0.000694487 -0.000128596)
(0.000911851 0.00186357 0.000109049)
(-7.34238e-05 0.00102513 -0.000150756)
(0.000191496 0.00139809 -4.08176e-05)
(-8.94472e-05 0.00219523 9.94657e-05)
(3.58261e-05 0.00102236 -0.000146489)
(0.000297457 0.000678529 3.84577e-05)
(8.60119e-05 0.000888906 -9.47468e-05)
(-0.000411218 0.000925725 0.000108745)
(0.000674263 0.00133034 0.000237203)
(-0.000311826 0.0012065 4.44704e-05)
(-4.2582e-05 0.00113631 0.000100772)
(5.79459e-05 0.0015372 4.8175e-05)
(-0.00024296 0.00164016 0.000258676)
(0.000103935 0.00121215 -5.51569e-05)
(0.000182459 0.00139062 4.73162e-05)
(-0.000228452 0.00138395 0.000343154)
(0.000281046 0.00163386 -0.000616373)
(-0.000409163 0.00141932 0.000492951)
(3.24481e-05 0.00161214 0.000449841)
(0.000124835 0.00139326 0.000967263)
(-0.000779851 0.0012497 -0.000220255)
(-0.000380741 0.00125363 -0.000469126)
(0.000199689 0.00117165 -0.000422003)
(-5.1668e-05 0.00114009 8.70971e-05)
(-0.000223616 0.00117309 8.22536e-05)
(-0.000377605 0.00108767 -1.32852e-05)
(-0.000246884 0.00043374 0.000312921)
(-0.000227889 0.00062068 -1.30302e-05)
(-9.22832e-05 0.000952813 0.000502046)
(-0.000105667 0.000955316 -8.30993e-05)
(1.54513e-05 0.000891481 -3.72631e-06)
(-0.000222111 0.000771772 -0.000133453)
(-0.000197687 0.000657753 -9.84681e-05)
(0.000234747 0.000692717 1.92023e-05)
(-0.00124016 0.00142977 6.58682e-05)
(0.000591205 0.00114209 -0.000864335)
(-0.00011173 0.00103251 -0.00023003)
(-0.000396183 0.000913868 0.00039473)
(0.000266458 0.00118721 9.22551e-05)
(0.000144499 0.00105386 0.000249792)
(-0.000250836 0.00130126 -0.000228908)
(-0.000287676 0.00126285 3.89999e-05)
(0.000369093 0.00140573 6.34421e-05)
(0.000371668 0.00171018 -4.92873e-05)
(-0.000309133 0.00176189 -0.00026475)
(9.04231e-05 0.000983253 -0.000108898)
(-0.000557823 0.000793169 4.33691e-05)
(-5.13252e-05 0.001151 1.04138e-05)
(-7.34312e-05 0.000696547 -9.56367e-06)
(0.000485255 0.00069097 -0.000366495)
(0.000525311 0.00090772 -0.0002415)
(0.000227766 0.000492979 2.35115e-05)
(0.000395272 -0.000348621 0.000218673)
(0.000161263 0.000663811 0.000176415)
(-0.000529503 0.00048863 2.85553e-05)
(-0.000192041 0.000822261 0.000147609)
(-0.00055618 0.0011938 -0.000134926)
(-0.000329072 0.00100989 0.000125068)
(0.000508195 0.00132725 -2.0957e-05)
(4.47315e-06 9.57259e-06 -1.14844e-06)
(2.32345e-05 0.000291017 -4.75493e-05)
(0.00041405 9.99458e-05 0.000128984)
(-4.15099e-05 0.000280824 6.0329e-05)
(0 0 0)
(0.000173515 0.0017077 0.000405127)
(-0.00159985 0.000631169 4.67152e-05)
(-0.00213568 0.00108837 0.000499068)
(-0.000338558 0.00014336 -4.47641e-05)
(-0.000726554 0.000215216 0.00079654)
(-3.87583e-05 4.51469e-05 -0.000165253)
(0.000506507 -6.19153e-05 -0.000292029)
(0.000462113 0.00138751 -0.000584342)
(0.00221904 0.0034022 -0.000875792)
(-0.000396925 0.000352721 -0.000169644)
(-0.000389562 0.00154893 3.68715e-05)
(-0.000612755 0.00141601 6.22479e-05)
(0.000233643 0.00109223 -0.000389742)
(0.000704881 0.00219495 8.27005e-06)
(-0.000272604 0.00158877 -7.27457e-06)
(0.000746405 0.000825937 -6.93331e-05)
(-0.000905116 0.00105144 0.000123693)
(-0.000446422 0.00110979 5.87299e-05)
(-0.000581359 0.00169042 0.000252908)
(-0.000238821 0.00157494 0.000184098)
(-0.000437396 0.000669426 -1.10648e-05)
(-0.000721205 0.0013086 1.70891e-05)
(0.00036607 0.000364927 -6.33758e-05)
(5.15612e-05 0.000392364 -9.23338e-05)
(-0.000204543 0.000555616 7.73343e-05)
(-0.000353415 0.000632531 2.75745e-05)
(6.04159e-06 0.000840426 -0.000149838)
(0.000178286 0.000972739 0.000156158)
(-4.13306e-07 0.000922764 -0.000453928)
(0.000275744 0.00090279 -0.000311661)
(0.000182062 0.00120941 0.000691402)
(-0.000199371 0.000955074 0.000889437)
(0.000251518 0.000630217 0.000184)
(-6.02785e-05 0.00123604 0.000915176)
(-0.000352781 0.00094445 2.19564e-05)
(-7.27738e-05 0.00121677 9.29567e-05)
(-0.00105507 0.00100558 -0.000433048)
(-6.77882e-05 0.000785172 -0.000243005)
(-0.00145802 0.00145076 9.85709e-05)
(1.66122e-05 0.000948983 0.00033981)
(-0.000310211 0.00041203 0.000377205)
(0.000785229 0.00097878 -5.76825e-05)
(1.31486e-05 0.00116628 1.70416e-05)
(0.000231446 0.000604253 -0.000197265)
(0.00017467 0.0014043 -0.000155327)
(0.000334627 0.000745736 -4.36584e-05)
(0.000283313 0.000805872 -0.000164659)
(0.000502844 0.000893259 -0.000204711)
(0.000336628 0.000506994 -0.000264772)
(0.000280498 0.00144298 0.00103397)
(0.000538808 0.000423239 0.000632925)
(0.000190123 0.000685026 0.000551687)
(7.23454e-07 0.00180948 0.00316691)
(-0.000244044 0.000923075 9.09288e-06)
(-1.95763e-05 0.000772416 -0.000583615)
(0.000354339 0.000795122 -0.00198204)
(-0.000337226 0.00147339 -2.61526e-05)
(-0.000167868 0.000980879 -1.06094e-05)
(-0.000101645 0.0013389 0.000433365)
(-0.000659415 0.000879783 -5.86357e-05)
(0.000628167 0.000739512 0.000141667)
(0.000107991 0.000900836 -5.68958e-05)
(-8.75358e-05 0.00107756 0.000244618)
(0.000231906 0.000732365 0.000172777)
(9.6023e-05 0.000801963 0.000149598)
(0.0002296 -0.00059758 0.000197138)
(0.000412374 0.00124479 -5.48796e-06)
(9.63078e-05 0.00101427 7.14479e-05)
(-0.000354862 0.00165411 -1.94178e-05)
(0.000226844 0.000513231 -0.000129046)
(-0.00030411 0.00146847 -6.12009e-05)
(0.000735311 0.000956471 -0.000213428)
(-0.00193118 0.00141 9.95201e-05)
(8.26954e-06 0.000590552 -0.000581902)
(0.00201802 0.000859767 -0.000497439)
(-0.00124385 0.000482745 0.000109175)
(0.000578975 0.00158491 0.000398327)
(0.00106985 0.00192444 -0.000144742)
(0.000628147 0.00157757 0.00068068)
(0.000577817 9.69221e-05 7.65849e-05)
(0.000508587 0.000949055 -0.00138016)
(-0.000411491 0.00132148 -0.000418888)
(-0.000539622 0.000835085 -0.000391948)
(-0.000488402 0.00138118 0.000186628)
(0.000555855 0.000864191 0.000214118)
(-0.000837902 0.0016545 0.000120684)
(0.000351408 0.00105921 -0.000190978)
(0.000796412 0.00143915 -7.55157e-06)
(-0.00128608 0.000224773 -4.9075e-05)
(0.000168762 0.00106143 3.51975e-05)
(-0.000605208 0.00218726 1.67423e-05)
(0.000241961 0.000910718 -3.10829e-05)
(-0.00074908 0.00246478 0.000127268)
(0.000367676 0.00123948 -3.22651e-05)
(0.000229746 0.000971114 7.05943e-05)
(0.000234746 0.00221211 0.000282878)
(-0.000261488 0.00184207 8.03703e-05)
(-0.000484188 0.000540327 4.30548e-05)
(0.00164261 0.00247854 2.04685e-05)
(-5.61807e-05 0.000485419 -0.000366671)
(-2.48187e-05 0.00071716 4.1597e-05)
(-0.000142959 0.00136799 -4.17793e-05)
(0.000650686 0.00160871 -0.000907992)
(0.000998248 -0.000308048 4.03764e-05)
(0.000770979 0.000454311 0.000190788)
(0.000104244 0.00115555 -0.000428532)
(-0.000202503 0.00210206 0.000428811)
(0.00180568 0.00250526 -0.000165322)
(0.000394126 -0.000273271 -0.000220567)
(0.00161314 0.000850903 0.00021371)
(-0.000285464 0.00122611 9.90205e-06)
(0.000401643 0.00141818 -7.15922e-05)
(-1.9772e-05 0.0016401 2.08928e-05)
(0.000270472 0.00168853 5.89508e-05)
(0.000174257 0.00112464 1.54255e-05)
(-0.00023235 0.000871459 -0.000124747)
(0.000806296 0.000891671 0.000210868)
(-1.68044e-05 9.56248e-05 -0.000275081)
(0.000249044 0.000667922 -2.12807e-05)
(0.000484729 0.000919283 0.000408962)
(0.000616036 0.00154625 0.000503316)
(0.000469542 0.00131154 0.000178703)
(-0.000136102 0.000961235 0.000848424)
(-0.000549575 0.00120748 -0.000356466)
(-0.00067814 0.000127476 -0.00180909)
(-0.000285565 0.000369629 -0.000657675)
(-8.55557e-05 0.00133655 0.000122783)
(-0.00041325 0.000700814 -4.27394e-05)
(-0.000632017 9.5853e-05 0.00112623)
(-9.15865e-05 -0.000102055 0.000795809)
(-0.00089683 0.00118761 0.000197238)
(-0.000256792 -2.87909e-06 7.30037e-05)
(0.000422618 0.000700355 0.000143788)
(-0.000833645 0.000942213 0.000242533)
(-0.000433593 -7.688e-05 -4.79978e-05)
(-0.000528338 0.000904722 0.000168767)
(-0.000308747 0.00193103 -4.35787e-06)
(-0.000562847 0.00102705 -0.000192966)
(-0.000169493 0.000319926 -8.89995e-05)
(-1.65867e-05 0.00106758 -4.3911e-05)
(-0.000454874 0.000427379 -0.0002835)
(0.00201658 0.00232534 0.000117661)
(0.000845574 0.000193007 6.31335e-05)
(0.000390187 0.00150705 0.00012786)
(-0.000206525 0.000941073 -7.94634e-05)
(-0.000455893 0.00232339 5.19452e-06)
(3.51979e-05 0.00142697 5.92125e-05)
(1.15214e-05 0.00111611 -8.2053e-05)
(0.000813171 0.000947491 -0.000213727)
(0.000483493 0.00161336 0.000112586)
(-0.000498448 0.00269066 4.34402e-05)
(0.00100753 0.00261251 8.50435e-05)
(-0.000731912 0.000994436 0.000447127)
(-0.000237215 0.000684077 -2.2494e-05)
(0.000376238 0.00383155 0.00050395)
(-0.00014218 0.00262941 0.000952938)
(-0.000150145 -0.000204149 -8.83819e-05)
(0.00232036 0.00163066 0.000264632)
(0.00077191 0.00215887 -0.000172268)
(0.000742892 0.00147704 -7.15518e-06)
(-0.00154061 0.00118579 0.000488848)
(-0.000681503 0.000121355 0.000772775)
(-0.00035411 0.000659906 -8.19826e-06)
(0.000351143 0.000731267 -0.000289781)
(-0.000189397 0.000876253 -8.18335e-05)
(0.000256135 0.000457737 -1.23834e-05)
(0.000713622 0.000353175 4.71668e-05)
(0.000640581 0.0011204 -1.41189e-05)
(0.000306274 0.00112249 -3.91039e-05)
(-0.000576266 0.00137895 -0.000195154)
(0.000498881 -0.000128409 8.86866e-05)
(-5.56522e-05 0.000738005 4.93077e-05)
(0.000101772 0.00095412 8.09328e-05)
(-0.000188089 0.00148375 -7.74483e-05)
(0.000445202 0.00127307 -0.000122217)
(-0.000563565 0.000994014 -0.000217993)
(-0.00117857 0.0001363 -0.000327369)
(-0.000241496 0.00127155 -3.74698e-07)
(0.00128358 0.00061486 -0.000288007)
(0.0015203 0.00198949 0.000102406)
(-1.85467e-05 0.00124404 0.000666553)
(0.000500392 0.000449536 -0.000354423)
(-0.000170817 9.02176e-05 0.0021376)
(-0.00137079 -0.00101867 0.00115161)
(0.000388822 0.00396542 0.00129384)
(-0.00291508 0.00274012 7.26512e-05)
(1.96989e-05 0.00188122 0.00108967)
(0.000299269 0.000540462 -0.000850325)
(0.000197096 0.000551299 9.43602e-05)
(0.000144589 0.00132737 -1.5831e-06)
(-0.000479776 0.00193851 -0.00136243)
(-0.000698745 0.00218271 3.36702e-05)
(-0.000934089 0.00242359 2.83602e-05)
(-0.00115226 0.00139762 0.000281484)
(-0.000732085 0.00143426 -0.000333953)
(-0.000357276 0.000917304 -0.000358219)
(-0.000814123 0.000332745 -1.85127e-05)
(0.000529396 0.000623369 -0.000361271)
(0.00164463 0.00190284 1.27938e-05)
(0.000797506 0.00272318 0.000912175)
(-0.000802191 0.00198659 -0.00350682)
(-0.000998513 0.00145518 0.00124773)
(0.000579965 0.000957748 0.000966386)
(6.49641e-06 0.00096713 0.000806844)
(-0.000668544 0.000539098 0.000258198)
(0.000401777 -2.03037e-05 -0.000612198)
(-0.000400263 0.000651466 2.15942e-05)
(-0.000211652 0.00119254 -0.000883728)
(-0.000549353 0.00144 0.000222018)
(9.15425e-05 0.00120056 0.000143108)
(-9.36667e-05 -0.000298435 0.00024873)
(0.000563578 0.000752574 5.71581e-05)
(0.000367795 0.000617531 -0.000318071)
(0.000799556 0.00141279 9.40282e-05)
(-0.000371964 0.00139588 3.49237e-05)
(-0.0013884 0.00318144 -7.49089e-05)
(0.000436641 0.000805439 0.000622608)
(0.000818326 0.00304813 -8.81834e-05)
(-0.0022037 0.00317388 -1.33155e-05)
(-0.000619804 0.00170924 -4.80055e-06)
(1.1629e-06 0.00101333 -1.41658e-05)
(6.40956e-05 0.00215822 -4.69635e-06)
(-0.00213685 0.000559044 -7.87763e-05)
(0.000880353 0.00116852 1.1131e-05)
(0.00107245 0.00235611 9.62805e-05)
(-0.00110912 0.00242908 -7.26349e-05)
(-0.000506691 0.00126492 0.000124435)
(-0.0015671 -0.000338473 1.27854e-05)
(0.000840182 -0.001093 -3.80988e-05)
(0.00314689 0.00119453 1.12524e-06)
(-0.00189303 -0.00176254 0.000425374)
(-0.000784967 0.000644513 -9.55618e-05)
(-0.000716478 0.00202986 -5.54593e-05)
(-0.00212286 -0.000599488 0.000177724)
(-0.00127321 -0.000157754 0.000209635)
(0.000865377 0.00151327 -0.000133792)
(0.000846122 -0.00130307 0.000287744)
(0.000401475 0.00273101 -8.00765e-05)
(-0.000671006 0.00140911 0.000530474)
(5.60125e-05 -0.000266154 -0.00032816)
(-0.000379117 0.00126567 -0.000233624)
(-0.000756422 0.000658731 -5.61466e-05)
(0.000415497 0.00118281 0.000193396)
(-0.000209519 -0.000494841 8.52897e-05)
(3.76166e-05 0.0013192 2.6386e-05)
(-0.000988335 0.000672749 0.000137816)
(0.000209124 0.00135571 -0.000149682)
(-0.000283955 0.00180976 2.94602e-05)
(0.00054313 0.000621639 -2.75646e-05)
(6.49559e-05 -6.52853e-05 -0.000287526)
(-0.000400116 0.00174626 1.39033e-05)
(-0.000816594 -0.000901518 2.66041e-06)
(0.00133236 0.00171238 0.000267719)
(0.000442492 0.0019302 0.000311897)
(0.000131092 -0.000524499 -0.00544857)
(-0.000717754 -0.000558912 7.66788e-05)
(0.000648457 0.00109765 0.000946877)
(0.000282386 0.001245 -0.000211855)
(0.000804115 0.00120717 0.00010354)
(0.000301809 0.000723239 3.72745e-05)
(0.000287449 0.00101548 -0.00331807)
(-0.000120498 0.00100506 -0.00151044)
(-0.000284612 0.000686756 -0.000148881)
(-0.000232481 0.0016651 7.82252e-05)
(-0.000707424 0.000367923 7.17634e-05)
(-0.000648936 0.00128889 -4.47967e-05)
(-0.000383402 0.000667267 0.000100885)
(0.000591856 0.00203454 8.74717e-05)
(0.000552831 0.000847579 0.000158746)
(0.000420206 0.00085177 -0.000788945)
(0.000631654 0.00117749 0.000688599)
(0.000428971 0.00148614 0.000218582)
(-0.00149893 0.0012373 0.00100322)
(0.000755733 0.00129903 -0.000171621)
(-0.00109025 0.000950618 -0.000100238)
(0.000172258 0.00102457 0.000125775)
(3.57035e-05 0.000768292 1.93558e-05)
(-0.000160611 0.000250296 -0.0003748)
(0.00168683 0.00147321 -0.000166548)
(0.000641395 0.0018058 9.93673e-05)
(-4.60018e-05 0.00283512 0.000264141)
(0.000733323 0.0026916 -9.61939e-05)
(0.000356167 0.00277054 0.000142846)
(-0.000108142 0.00312013 0.000161704)
(0.000174542 0.00100051 0.000446711)
(-0.000376456 0.00107378 -6.77871e-05)
(2.57843e-05 -0.00134237 -0.000268584)
(0.00160538 0.00164797 -0.000136311)
(0.00255014 -0.000290043 1.57711e-05)
(0.000133935 0.000111594 8.03928e-05)
(-0.00113378 -0.000114565 -6.95358e-05)
(0.000145081 -0.000177853 -0.000123307)
(-0.00260248 0.00141956 -6.2386e-05)
(6.99755e-05 2.90944e-05 -3.75644e-05)
(0.00127105 0.000211152 5.69171e-05)
(0.00076163 0.000530317 -5.92488e-05)
(0.000289392 -2.0185e-05 -0.000108368)
(0.00014565 0.00138861 1.53226e-05)
(0.000169026 0.000823943 9.24946e-06)
(0.00122559 0.00137883 -1.4093e-05)
(-0.00273827 0.00390467 2.21472e-05)
(-0.000936717 0.00137066 -1.67827e-05)
(-0.00065552 -0.00123791 -3.40389e-05)
(0.000235913 0.00516575 0.000118712)
(0.00079942 0.00291324 2.32568e-05)
(0.000519929 0.00209427 5.12933e-06)
(-0.000669132 -0.00158713 1.5187e-05)
(-0.000325146 0.000980446 -4.59603e-06)
(-0.000225554 0.000219234 6.56684e-05)
(-0.000412429 0.00143825 -9.90752e-05)
(-0.00130779 0.000522815 0.000205592)
(-3.77124e-05 0.000786797 2.94926e-05)
(6.44764e-05 0.000655015 -0.000272333)
(-0.000292484 0.00149646 0.000145396)
(-0.000966472 0.000352644 0.000156818)
(-6.29301e-05 0.000194311 4.11072e-05)
(5.50304e-07 -8.87232e-05 -7.05759e-05)
(-0.000310425 0.000304941 -3.99229e-05)
(0.0010751 0.00049344 0.000138906)
(-0.000758721 0.000175953 0.00027338)
(0.000914547 0.00294936 -5.2206e-05)
(-0.00118146 0.0026911 0.000103248)
(-6.22936e-05 0.002722 -7.32386e-05)
(-0.000415281 0.00102749 -4.11571e-05)
(0.000394231 0.00212231 0.000457688)
(-0.000435631 0.00041306 -9.4188e-05)
(0.000782626 0.000258057 0.00166751)
(-9.053e-05 0.00207423 -0.000225524)
(0.000697567 0.0010092 0.000320436)
(0.000694351 0.00221145 -0.000135275)
(-0.000461874 0.00154934 0.000144406)
(-0.000178848 0.0020641 -3.46948e-05)
(-0.00101816 0.000967375 -7.39056e-05)
(-0.000474757 0.00105223 -6.42922e-05)
(-0.000323155 0.00099266 -0.000186537)
(0.000771484 0.00056679 1.58912e-05)
(3.15281e-05 0.00186681 -2.53866e-05)
(-6.85573e-05 0.00115023 7.29043e-05)
(-0.000354601 0.000866123 9.385e-06)
(-0.000966099 0.000742337 -4.35741e-05)
(7.83843e-06 0.00149802 -1.11828e-05)
(0.000318341 3.92848e-05 5.40126e-05)
(1.27582e-05 0.00137589 8.8561e-05)
(0.000120448 0.00153283 -0.000175602)
(-0.000347913 0.00116956 -5.14863e-05)
(-0.000183061 0.00199827 0.00013345)
(0.00071984 0.00173445 1.0505e-05)
(0.000210813 0.00156585 0.000161413)
(-0.000331897 0.00109698 -4.87304e-05)
(-0.000307 0.00122808 -3.93329e-06)
(-0.00176194 0.0013507 -6.47041e-05)
(0.000269405 0.0013385 0.000143385)
(-0.00075162 0.000637094 3.57077e-05)
(-0.000679045 0.00314336 7.39949e-05)
(0.000624233 -0.000120658 -0.00012044)
(-0.00041411 0.00134648 -9.07507e-05)
(0.000359585 0.000642661 2.43624e-05)
(-0.000408059 0.00153355 6.77247e-05)
(0.000924627 -0.000716887 6.24187e-05)
(0.00291302 0.000608518 -4.51138e-05)
(-0.000919749 -0.000544399 -6.76776e-06)
(-0.000858178 0.00241062 5.85408e-05)
(-0.00151096 -8.65692e-05 6.6759e-05)
(-0.000719622 0.00377431 7.98537e-05)
(0.000134369 0.00385056 -7.94979e-05)
(-0.00271001 0.00213916 4.35594e-05)
(0.001531 -0.00045839 -3.2147e-05)
(0.000909131 -0.000139254 -4.93763e-05)
(-0.000856864 0.00030044 7.369e-06)
(0.00110546 -0.00355903 -1.3914e-05)
(0.00167216 0.00161745 2.62689e-05)
(0.000823028 0.00180218 -1.3665e-06)
(-0.000272496 0.00120628 7.21154e-06)
(0.00142857 0.00223369 -1.82613e-05)
(-2.16667e-05 0.000883278 -6.05239e-06)
(-0.000798206 -0.00149536 -3.24329e-06)
(0.000772596 -0.00027097 2.05522e-06)
(-7.53678e-05 0.00232762 9.72287e-07)
(0 0 0)
(0 0 0)
(0 0 0)
(-9.44887e-05 0.000392908 -7.33682e-06)
(0.000846532 0.00185594 1.57072e-05)
(-0.000890059 0.000932078 9.10526e-06)
(0 0 0)
(0.00043195 0.000137936 -4.58656e-06)
(0.000105887 0.00345214 9.13034e-06)
(-0.000251691 -0.000328673 -9.59043e-07)
(0.00122913 0.00288538 3.15139e-05)
(0.000650061 0.000304239 -8.85688e-05)
(-0.000413935 0.00220652 5.44985e-05)
(-0.000766805 0.00120352 0.00014701)
(0.000822831 0.000871414 -6.27028e-05)
(0.000786179 0.0027272 6.74159e-06)
(0 0 0)
(-7.31194e-05 0.000877743 -1.67483e-06)
(0.00100867 0.00162624 -0.000252772)
(0.000525602 0.00101332 -1.29533e-05)
(0 0 0)
(-0.00464899 -0.000313354 0.000230941)
(0 0 0)
(0.00375038 0.00169691 -0.000472606)
(5.15185e-05 0.00093249 0.000183943)
(-0.000942798 0.000856234 9.06756e-06)
(0.00209439 0.00262659 3.81942e-05)
(0.000646945 0.000937177 -4.0487e-06)
(-0.000183485 0.00168812 0.000302582)
(-2.02844e-06 0.00167594 -4.96813e-05)
(-8.41584e-05 0.000841046 9.87467e-06)
(-0.000258223 0.000696582 -2.75559e-05)
(0.00027235 0.00112966 1.9874e-06)
(-0.000936015 0.000938993 3.40719e-05)
(0 0 0)
(0 0 0)
(-0.000624027 0.00192023 -1.51993e-05)
(-0.00145703 0.00120505 8.99774e-06)
(-0.00145827 0.000959609 5.56144e-06)
(-0.00022652 0.0033872 -3.64198e-05)
(0.000185062 0.000513443 -1.33826e-05)
(-0.000162514 0.000333643 -2.41335e-05)
(-1.25046e-05 0.00131435 3.76889e-05)
(5.88228e-05 -0.000830039 -3.20354e-05)
(0.000262198 0.000357673 -6.6804e-07)
(-0.00110546 0.00355903 1.3914e-05)
(0.000342325 0.00169211 7.19214e-06)
(0 0 0)
(1.67267e-05 0.000287348 3.20548e-06)
(0 0 0)
(0.000125991 0.00168037 -2.28646e-09)
(-0.00090066 0.00167149 -2.62046e-06)
(0 0 0)
(9.83116e-06 6.46464e-05 -6.13401e-09)
(0.000316698 0.000755459 -2.64721e-08)
(0.000214859 0.00332128 -2.12107e-05)
(0.000525159 0.0021735 -3.77401e-05)
(-0.000607225 0.00210811 -6.63089e-05)
(-0.000786095 0.00187502 -0.000112279)
)


// ************************************************************************* //
