/*--------------------------------*- C++ -*----------------------------------*\
  =========                 |
  \\      /  F ield         | OpenFOAM: The Open Source CFD Toolbox
   \\    /   O peration     | Website:  https://openfoam.org
    \\  /    A nd           | Version:  8
     \\/     M anipulation  |
\*---------------------------------------------------------------------------*/
FoamFile
{
    version     2.0;
    format      ascii;
    class       Cloud<passiveParticle>;
    location    "0/lagrangian/kinematicCloud";
    object      positions;
}
// * * * * * * * * * * * * * * * * * * * * * * * * * * * * * * * * * * * * * //

1578
(
(0.416673 0.275514 0.0316005 0.276213) 0 3104 2
(0.31117 0.36055 0.0305495 0.29773) 0 1 1
(0.13703 0.148186 0.299453 0.41533) 0 0 1
(0.207725 0.379983 0.39581 0.0164817) 1 0 2
(0.563317 0.147064 0.0622871 0.227332) 1 3105 1
(0.110528 0.428599 0.117529 0.343344) 1 3 1
(0.0550292 0.456335 0.0139474 0.474689) 2 2 2
(0.490575 0.251569 0.229726 0.0281297) 2 3106 2
(0.24026 0.038156 0.395987 0.325597) 2 5 2
(0.0519631 0.490153 0.259878 0.198005) 3 4 2
(0.261791 0.353243 0.377975 0.00699114) 3 3107 2
(0.429686 0.300823 0.16386 0.105632) 3 7 1
(0.0272466 0.470406 0.0435041 0.458844) 3 6 2
(0.404463 0.0853732 0.203727 0.306437) 3 6 1
(0.549171 0.0941327 0.241568 0.115128) 4 6 1
(0.478076 0.225856 0.0189358 0.277132) 4 8 1
(0.482168 0.242767 0.0873215 0.187744) 5 8 2
(0.0127887 0.432441 0.477441 0.0773287) 5 11 2
(0.502895 0.232384 0.0885337 0.176187) 5 10 2
(0.172045 0.201676 0.196156 0.430123) 6 3110 1
(0.439156 0.26426 0.0036543 0.29293) 6 3110 2
(0.499866 0.207865 0.233924 0.0583458) 6 13 2
(0.112061 0.0587671 0.427804 0.401369) 6 10 1
(0.0515848 0.350018 0.458067 0.140331) 7 12 1
(0.967679 0.00771336 0.0122101 0.0123974) 7 2536 2
(0.0373211 0.465179 0.354698 0.142802) 7 14 2
(0.260411 0.385954 0.159499 0.194136) 8 17 1
(0.403756 0.309785 0.00448164 0.281978) 8 3112 1
(0.272811 0.218808 0.160473 0.347909) 8 16 1
(0.7003 0.14907 0.133706 0.0169239) 9 16 1
(0.355412 0.310645 0.196996 0.136947) 9 18 2
(0.17627 0.395723 0.379659 0.0483479) 10 21 1
(0.485931 0.26553 0.0553305 0.193209) 10 3114 2
(0.623663 0.0156946 0.173402 0.187241) 10 21 2
(0.127673 0.420016 0.0308201 0.421491) 10 20 2
(0.343919 0.114897 0.311895 0.229289) 11 20 1
(0.166035 0.40231 0.33308 0.0985761) 11 3115 2
(0.58824 0.0539895 0.189756 0.168015) 11 23 2
(0.131461 0.0194834 0.398669 0.450387) 11 3115 1
(0.443444 0.262137 0.226613 0.0678055) 12 3116 2
(0.252864 0.234606 0.359762 0.152768) 12 25 2
(0.14986 0.408921 0.228345 0.212873) 12 24 2
(0.261119 0.115165 0.379403 0.244313) 12 22 1
(0.0979354 0.4652 0.36393 0.0729338) 13 27 1
(0.762809 0.134771 0.0273086 0.0751115) 13 3117 2
(0.229637 0.371014 0.34782 0.0515279) 13 26 2
(0.723654 0.0929599 0.154336 0.0290499) 14 26 1
(0.32343 0.211053 0.143379 0.322138) 14 28 1
(0.114444 0.458945 0.0676219 0.35899) 15 3119 2
(0.580972 0.193358 0.201447 0.0242229) 15 31 1
(0.278263 0.25934 0.117689 0.344708) 15 3119 1
(0.417168 0.000236598 0.27502 0.307575) 15 30 1
(0.166622 0.432835 0.256183 0.14436) 16 30 2
(0.240504 0.394401 0.211283 0.153812) 16 33 1
(0.637029 0.1132 0.0521539 0.197617) 16 3120 1
(0.0493005 0.224312 0.459242 0.267145) 16 33 2
(0.0961359 0.435788 0.0986373 0.369439) 17 32 2
(0.954068 0.00540316 0.0337141 0.0068143) 17 34 1
(0.00187644 0.380725 0.13448 0.482918) 17 34 1
(0.122719 0.454795 0.235839 0.186648) 18 3122 2
(0.324825 0.065294 0.288433 0.321448) 18 3122 1
(0.555354 0.206155 0.0388987 0.199592) 18 37 1
(0.0966044 0.124955 0.342877 0.435564) 18 36 1
(0.499209 0.23425 0.246101 0.020441) 19 36 2
(0.551851 0.240227 0.0983666 0.109555) 19 38 2
(0.13806 0.414821 0.0898988 0.357221) 19 39 1
(0.3975 0.315448 0.0070451 0.280007) 20 38 2
(0.0519563 0.00256903 0.455399 0.490076) 20 3124 1
(0.65312 0.0904526 0.099096 0.157332) 20 40 1
(0.260701 0.385793 0.316884 0.0366213) 21 3125 2
(0.296524 0.165435 0.335638 0.202404) 21 40 1
(0.41981 0.163023 0.110924 0.306244) 21 42 1
(0.146132 0.443073 0.0171726 0.393622) 22 3126 2
(0.898693 0.0667903 0.0226638 0.0118525) 22 45 1
(0.154845 0.438709 0.214023 0.192424) 22 44 2
(0.0187674 0.152776 0.506775 0.321682) 22 45 2
(0.4799 0.276203 0.0520417 0.191855) 23 1512 2
(0.682369 0.0198835 0.149658 0.148089) 23 44 1
(0.479989 0.243878 0.0354656 0.240667) 24 1481 1
(0.550927 0.210929 0.154786 0.0833579) 24 47 2
(0.386441 0.220074 0.293912 0.0995734) 25 47 1
(0.290622 0.370829 0.0194831 0.319066) 25 49 2
(0.0561943 0.208318 0.458867 0.27662) 25 50 2
(0.00205822 0.515116 0.367981 0.114845) 26 5 1
(0.392367 0.139706 0.287675 0.180251) 26 49 1
(0.659815 0.116087 0.037859 0.186238) 26 51 1
(0.288402 0.371944 0.0376732 0.30198) 27 51 2
(0.755597 0.138338 0.0049887 0.101076) 27 53 2
(0.090325 0.0299279 0.470993 0.408754) 27 54 2
(0.195823 0.385957 0.224158 0.194062) 28 53 2
(0.299231 0.334218 0.116631 0.24992) 28 56 1
(0.376034 0.23956 0.0885995 0.295807) 28 9 2
(0.252587 0.13308 0.22445 0.389883) 28 55 1
(0.124472 0.453942 0.396148 0.0254384) 29 55 2
(0.71901 0.12433 0.152803 0.00385628) 29 58 1
(0.260838 0.330045 0.0233711 0.385745) 29 57 1
(0.289322 0.369203 0.143949 0.197527) 30 59 2
(0.750162 0.141066 0.0676569 0.0411146) 30 57 2
(0.0909938 0.266363 0.470109 0.172534) 30 60 2
(0.322678 0.354805 0.178773 0.143744) 31 15 1
(0.586485 0.0593046 0.22284 0.13137) 31 62 2
(0.0833136 0.142353 0.332131 0.442203) 31 15 2
(0.339558 0.0051383 0.346389 0.308914) 31 59 1
(0.319549 0.303206 0.356367 0.0208782) 32 61 1
(0.601021 0.183332 0.011796 0.203851) 32 63 2
(0.040132 0.444893 0.480217 0.034759) 32 64 2
(0.337743 0.314993 0.0184102 0.328853) 33 19 1
(0.0465155 0.139907 0.491677 0.3219) 33 63 1
(0.0868414 0.296848 0.143588 0.472722) 33 19 2
(0.574938 0.196392 0.0197842 0.208886) 33 66 1
(0.0521398 0.393778 0.0962909 0.457791) 33 65 1
(0.898596 0.040276 0.0596123 0.00151577) 34 65 2
(0.158411 0.433135 0.239614 0.168841) 34 67 2
(0.0155038 0.232335 0.476111 0.27605) 34 68 2
(0.671142 0.148289 0.0674229 0.113145) 35 23 1
(0.234899 0.366409 0.245278 0.153414) 35 69 2
(0.716778 0.157751 0.031966 0.0935045) 36 69 2
(0.328015 0.314399 0.0377498 0.319837) 36 71 1
(0.0672588 0.36799 0.0822117 0.482539) 37 27 2
(0.624725 0.0832268 0.203785 0.0882631) 37 71 1
(0.422266 0.103556 0.201476 0.272702) 37 73 1
(0.150288 0.427506 0.382253 0.039952) 38 73 2
(0.395632 0.250462 0.0355779 0.318327) 38 29 2
(0.464781 0.283762 0.218351 0.0331069) 38 76 1
(0.29933 0.108406 0.366477 0.225786) 38 76 2
(0.0563278 0.480153 0.21197 0.25155) 39 75 2
(0.723206 0.1336 0.0209782 0.122217) 39 31 2
(0.136088 0.446175 0.267363 0.150374) 39 78 1
(0.0374862 0.465073 0.424895 0.072546) 39 77 2
(0.91313 0.00649035 0.0272363 0.053143) 40 77 1
(0.137364 0.295015 0.120113 0.447507) 40 79 1
(0.153498 0.407094 0.150388 0.28902) 41 35 1
(0.352727 0.121311 0.186232 0.339729) 41 35 2
(0.528481 0.251932 0.0777687 0.141818) 41 82 1
(0.237907 0.0456208 0.351565 0.364907) 41 81 1
(0.35652 0.337889 0.206274 0.0993168) 42 81 2
(0.118868 0.424412 0.16086 0.29586) 42 84 1
(0.693989 0.169146 0.036203 0.100662) 42 83 2
(0.256 0.36575 0.0186697 0.35958) 43 83 2
(0.794561 0.0104962 0.0760698 0.118873) 43 85 1
(0.0710495 0.063515 0.384821 0.480614) 43 39 2
(0.154876 0.226266 0.406455 0.212403) 44 85 1
(0.279935 0.343917 0.235758 0.14039) 44 41 1
(0.398566 0.248465 0.28605 0.0669193) 44 88 2
(0.299327 0.366218 0.0939734 0.240482) 44 87 2
(0.650419 0.190934 0.136905 0.021742) 45 87 2
(0.0544974 0.0687827 0.488792 0.387928) 45 87 1
(0.389848 0.321221 0.142066 0.146865) 45 89 2
(0.00740084 0.0120663 0.480173 0.500359) 45 90 2
(0.413152 0.2853 0.070174 0.231375) 46 45 1
(0.267971 0.34985 0.0604259 0.321753) 46 92 1
(0.159033 0.230128 0.206463 0.404377) 46 91 1
(0.682609 0.14256 0.166702 0.0081293) 47 91 2
(0.00435526 0.237813 0.243866 0.513966) 47 46 2
(0.479984 0.047565 0.228599 0.243851) 47 1513 1
(0.311806 0.359549 0.233158 0.0954865) 48 48 1
(0.174326 0.396689 0.276248 0.152737) 48 95 1
(0.217132 0.0237133 0.351573 0.407581) 48 48 2
(0.440497 0.0687958 0.263595 0.227112) 48 95 2
(0.568409 0.231937 0.0482654 0.151389) 49 50 1
(0.0435062 0.494391 0.312156 0.149947) 49 97 1
(0.342564 0.188207 0.344872 0.124357) 49 97 2
(0.191693 0.298355 0.388013 0.121938) 50 96 1
(0.434228 0.273042 0.280239 0.0124916) 50 52 1
(0.404183 0.0268738 0.287178 0.281765) 50 98 1
(0.0568294 0.455427 0.080473 0.407271) 50 98 2
(0.551496 0.015157 0.240392 0.192955) 51 98 1
(0.0916511 0.470331 0.403451 0.0345663) 51 54 1
(0.497283 0.134434 0.133086 0.235196) 51 100 1
(0.452199 0.261327 0.257755 0.0287189) 52 100 1
(0.598338 0.216999 0.103767 0.0808957) 52 102 2
(0.349615 0.309031 0.222337 0.119017) 53 102 2
(0.00395672 0.0417602 0.481856 0.472427) 53 102 1
(0.371478 0.143608 0.186823 0.298092) 53 58 2
(0.321731 0.355284 0.0018856 0.3211) 53 105 1
(0.020811 0.272854 0.232893 0.473442) 53 104 1
(0.141089 0.413299 0.118087 0.327525) 54 60 1
(0.781307 0.098053 0.0097141 0.110926) 54 107 1
(0.741747 0.144965 0.105859 0.00742946) 55 62 1
(0.017086 0.507613 0.193608 0.281692) 55 108 2
(0.267271 0.045608 0.350412 0.336709) 55 109 2
(0.00747064 0.505017 0.480095 0.00741807) 55 106 1
(0.709264 0.161513 0.117224 0.0119988) 56 111 1
(0.282064 0.35471 0.0203849 0.342841) 56 110 1
(0.664443 0.183916 0.103813 0.0478285) 57 110 2
(0.0182925 0.413902 0.506997 0.0608086) 57 113 2
(0.378118 0.32709 0.0596216 0.23517) 57 112 2
(0.0986049 0.0857393 0.466848 0.348808) 58 112 1
(0.246722 0.392775 0.160032 0.200471) 58 68 1
(0.519092 0.218919 0.224313 0.0376762) 58 115 2
(0.0132638 0.380596 0.0966294 0.509511) 58 114 1
(0.00689226 0.512697 0.236409 0.244002) 59 70 1
(0.720231 0.12493 0.0419568 0.112882) 59 117 1
(0.0626589 0.248153 0.23665 0.452538) 59 70 2
(0.101635 0.221125 0.244193 0.433047) 59 116 1
(0.244529 0.361601 0.0774333 0.316437) 60 72 1
(0.414537 0.276574 0.0862278 0.222661) 60 119 1
(0.400947 0.105031 0.21063 0.283392) 60 72 2
(0.186157 0.039541 0.383514 0.390787) 60 118 1
(0.374167 0.318323 0.204262 0.103247) 61 118 2
(0.0745448 0.446572 0.04504 0.433844) 61 121 1
(0.482863 0.274716 0.152919 0.0895024) 61 120 2
(0.542988 0.212371 0.0383811 0.206261) 62 120 2
(0.485315 0.197004 0.074303 0.243379) 62 122 1
(0.548967 0.0880388 0.241272 0.121722) 63 122 1
(0.0272951 0.291499 0.178688 0.502518) 63 78 2
(0.425789 0.0767832 0.226479 0.270948) 63 124 1
(0.214009 0.376836 0.0635724 0.345583) 64 80 1
(0.392446 0.319924 0.220502 0.0671283) 64 127 1
(0.81238 0.0287378 0.0645249 0.0943577) 65 82 2
(0.167318 0.432485 0.174085 0.226112) 65 126 2
(0.032185 0.467768 0.281263 0.218784) 65 129 1
(0.790998 0.0780437 0.120642 0.0103168) 66 131 2
(0.087936 0.126321 0.345858 0.439885) 66 84 2
(0.0819224 0.453784 0.451473 0.0128212) 66 128 1
(0.00411184 0.291194 0.514094 0.1906) 67 130 1
(0.296654 0.367837 0.15606 0.179449) 67 86 1
(0.382119 0.29278 0.0357223 0.289379) 67 133 1
(0.441096 0.263313 0.0324256 0.263165) 67 132 2
(0.088378 0.0421641 0.429628 0.439829) 67 132 1
(0.50849 0.229865 0.158458 0.103187) 68 132 2
(0.540717 0.245549 0.190774 0.0229595) 68 134 2
(0.413519 0.230162 0.304877 0.0514425) 69 134 1
(0.0113666 0.47817 0.498807 0.011656) 69 90 1
(0.499666 0.133924 0.100112 0.266298) 69 136 1
(0.626496 0.142033 0.202669 0.0288018) 70 136 1
(0.416892 0.281317 0.166377 0.135413) 70 138 2
(0.460622 0.25389 0.17452 0.110968) 71 140 1
(0.11912 0.456586 0.271125 0.153169) 71 93 1
(0.479831 0.243919 0.182814 0.0934356) 71 1514 2
(0.479906 0.136549 0.276184 0.10736) 72 1483 2
(0.577828 0.220613 0.00661063 0.194948) 72 141 1
(0.343357 0.139767 0.344464 0.172413) 73 141 1
(0.118347 0.4249 0.323859 0.132894) 73 143 2
(0.320106 0.356061 0.236205 0.0876289) 74 99 1
(0.278678 0.344506 0.0409672 0.335849) 74 146 1
(0.146472 0.436092 0.137432 0.280004) 75 145 2
(0.54805 0.156648 0.0531705 0.242131) 75 101 2
(0.105654 0.433737 0.0978675 0.362742) 75 148 1
(0.219358 0.0467609 0.32743 0.406451) 75 147 1
(0.107675 0.430018 0.340649 0.121658) 76 147 2
(0.131037 0.406762 0.0438748 0.418326) 76 103 2
(0.533861 0.216911 0.151768 0.09746) 76 150 1
(0.31112 0.217456 0.110824 0.3606) 76 149 1
(0.634976 0.166378 0.00967365 0.188972) 77 149 2
(0.398506 0.28458 0.170299 0.146615) 77 151 2
(0.290323 0.0379663 0.300699 0.371012) 78 107 2
(0.513891 0.226911 0.0440847 0.215113) 78 107 1
(0.41835 0.173439 0.274643 0.133567) 78 154 2
(0.0754325 0.47835 0.272904 0.173314) 79 109 1
(0.690699 0.121854 0.0167324 0.170715) 79 155 1
(0.246167 0.184914 0.360774 0.208145) 79 153 1
(0.316108 0.325813 0.144767 0.213311) 80 155 2
(0.478707 0.130953 0.113566 0.276774) 80 111 2
(0.254048 0.0260001 0.389121 0.33083) 80 158 2
(0.20809 0.379825 0.401182 0.0109023) 81 157 2
(0.500491 0.265897 0.164539 0.0690729) 81 160 1
(0.416322 0.16603 0.141965 0.275683) 81 159 1
(0.527797 0.219934 0.0156018 0.236668) 82 159 2
(0.527892 0.252219 0.112347 0.107543) 82 161 2
(0.415551 0.276067 0.267653 0.0407289) 83 161 2
(0.109114 0.429409 0.402299 0.0591784) 83 164 1
(0.629898 0.168904 0.00609788 0.195101) 83 163 2
(0.720336 0.123708 0.0973382 0.0586172) 84 165 2
(0.32556 0.353374 0.101449 0.219617) 84 163 2
(0.290968 0.370479 0.338364 0.00018876) 85 165 1
(0.652689 0.0666664 0.0908362 0.189809) 85 167 1
(0.0588544 0.454429 0.00200107 0.484716) 85 167 2
(0.333262 0.15369 0.317217 0.195831) 86 167 1
(0.252818 0.35744 0.341071 0.0486707) 86 123 1
(0.480748 0.0749107 0.243471 0.20087) 86 170 2
(0.0486094 0.491832 0.168951 0.290608) 86 169 2
(0.347398 0.31015 0.322817 0.0196347) 87 172 1
(0.541137 0.23748 0.00810225 0.21328) 87 125 2
(0.146508 0.251273 0.442887 0.159332) 87 172 2
(0.0589304 0.486704 0.33732 0.117046) 87 171 2
(0.899116 0.0665044 0.0140909 0.0202885) 88 127 1
(0.121788 0.392946 0.0623019 0.422963) 88 173 1
(0.166978 0.206351 0.194017 0.432654) 89 129 2
(0.221623 0.146743 0.258595 0.373038) 89 175 1
(0.713762 0.126972 0.101881 0.0573846) 89 176 1
(0.571144 0.0517996 0.17877 0.198287) 90 131 2
(0.3168 0.32543 0.152019 0.205751) 90 178 1
(0.107195 0.10718 0.443143 0.342483) 90 178 2
(0.365724 0.333287 0.00228912 0.2987) 90 131 1
(0.275121 0.378576 0.0959084 0.250395) 91 177 2
(0.775286 0.120592 0.00792048 0.0962022) 91 179 1
(0.0358253 0.474846 0.413596 0.0757325) 92 135 1
(0.171725 0.398004 0.273358 0.156913) 92 182 1
(0.0936422 0.469319 0.119304 0.317735) 92 181 2
(0.435775 0.0677769 0.298257 0.198191) 92 182 2
(0.346724 0.342314 0.279123 0.0318382) 93 137 1
(0.387993 0.0198554 0.289866 0.302286) 93 181 1
(0.0664982 0.482892 0.216739 0.233871) 93 183 2
(0.376461 0.138421 0.327912 0.157206) 93 184 2
(0.455308 0.256206 0.218468 0.0700185) 94 139 1
(0.163275 0.102812 0.299418 0.434495) 94 185 1
(0.123611 0.446979 0.046517 0.382893) 94 186 1
(0.162834 0.434721 0.023875 0.37857) 94 185 2
(0.682454 0.174851 0.00386435 0.138832) 95 185 2
(0.266725 0.106622 0.247347 0.379306) 95 140 2
(0.312591 0.0837082 0.327572 0.276128) 95 187 2
(0.498861 0.234455 0.182029 0.0846552) 96 1484 1
(0.373188 0.00673292 0.291709 0.328369) 96 142 2
(0.218308 0.147146 0.375057 0.259488) 96 189 2
(0.281848 0.317612 0.057598 0.342942) 97 144 2
(0.37446 0.192753 0.325822 0.106965) 97 188 1
(0.371878 0.0887249 0.209195 0.330202) 97 190 1
(0.0396435 0.496329 0.400165 0.0638624) 98 190 2
(0.768966 0.0572913 0.0994898 0.0742533) 98 190 1
(0.0740369 0.0232106 0.455923 0.44683) 98 146 2
(0.29458 0.117153 0.219419 0.368848) 98 192 1
(0.659411 0.024304 0.154186 0.162099) 99 192 1
(0.339989 0.281547 0.0510406 0.327423) 99 194 1
(0.677983 0.14486 0.07356 0.103597) 100 194 2
(0.356438 0.309668 0.158489 0.175405) 100 196 2
(0.0109475 0.353608 0.478369 0.157075) 100 197 2
(0.380153 0.304599 0.258721 0.0565266) 101 152 1
(0.296858 0.367704 0.331449 0.00399011) 101 199 1
(0.114456 0.0224021 0.431178 0.431963) 101 152 2
(0.193688 0.185386 0.386979 0.233947) 102 198 1
(0.895692 0.0359851 0.0464433 0.0218799) 102 200 2
(0.048982 0.354832 0.488812 0.107374) 103 200 1
(0.191306 0.420488 0.0436417 0.344564) 103 202 2
(0.393991 0.0696981 0.319141 0.21717) 103 203 2
(0.477694 0.246176 0.190498 0.0856323) 103 156 1
(0.00999168 0.480163 0.370428 0.139417) 104 158 1
(0.44268 0.10087 0.268769 0.187681) 104 202 1
(0.613501 0.147022 0.0300941 0.209382) 104 204 1
(0.331722 0.341109 0.0698236 0.257346) 105 204 2
(0.616776 0.0332525 0.171483 0.178488) 105 160 2
(0.0573912 0.455166 0.0301487 0.457294) 105 207 1
(0.0639478 0.116676 0.360366 0.45901) 105 206 1
(0.263314 0.384494 0.300566 0.0516259) 106 206 2
(0.12385 0.328553 0.125295 0.422302) 106 162 2
(0.546502 0.210607 0.0756453 0.167245) 106 209 1
(0.141723 0.327994 0.115803 0.414481) 106 208 1
(0.04021 0.209753 0.28628 0.463757) 107 164 2
(0.830819 0.0684555 0.0178535 0.0828716) 107 208 2
(0.15957 0.036231 0.400131 0.404068) 108 166 2
(0.70466 0.051636 0.163844 0.07986) 108 213 2
(0.0646503 0.483831 0.324377 0.127142) 108 166 1
(0.116173 0.353681 0.458054 0.0720913) 108 210 1
(0.324816 0.353731 0.212254 0.109199) 109 168 1
(0.165746 0.190438 0.400992 0.242825) 109 212 1
(0.241748 0.39527 0.127907 0.235075) 109 214 2
(0.390496 0.22464 0.295279 0.0895853) 109 215 2
(0.625816 0.170949 0.0709213 0.132314) 110 170 1
(0.189801 0.0220244 0.421247 0.366927) 110 214 1
(0.193974 0.386858 0.295092 0.124076) 110 216 2
(0.109398 0.343036 0.429147 0.11842) 110 217 2
(0.759897 0.115232 0.0182078 0.106663) 111 216 2
(0.282778 0.274992 0.0674668 0.374763) 111 218 1
(0.0460489 0.460806 0.130601 0.362545) 112 174 1
(0.644475 0.161918 0.175918 0.017689) 112 221 1
(0.228765 0.253097 0.116389 0.40175) 112 174 2
(0.368577 0.0443754 0.255198 0.33185) 112 220 1
(0.609645 0.105806 0.085783 0.198767) 113 176 2
(0.0687853 0.199472 0.481752 0.249991) 113 223 2
(0.263992 0.384141 0.192913 0.158955) 113 223 1
(0.227161 0.372912 0.305582 0.0943446) 113 220 2
(0.919789 0.037915 0.0183562 0.0239401) 114 224 1
(0.129155 0.45157 0.0798837 0.339392) 114 222 2
(0.0339844 0.376524 0.499022 0.0904698) 115 224 1
(0.0974388 0.465073 0.265444 0.172044) 115 180 1
(0.583248 0.215723 0.192229 0.00879986) 115 227 2
(0.302724 0.0579551 0.306817 0.332503) 115 180 2
(0.169106 0.20282 0.431586 0.196488) 116 226 1
(0.925856 0.0209341 0.0126479 0.0405621) 116 228 2
(0.0332382 0.469068 0.0680955 0.429599) 117 228 2
(0.862114 0.0638991 0.0183686 0.0556181) 117 230 1
(0.053656 0.489312 0.191904 0.265128) 118 230 2
(0.371923 0.297912 0.163914 0.166251) 118 233 1
(0.437613 0.285004 0.0123316 0.265052) 118 232 1
(0.381289 0.309823 0.142691 0.166197) 119 187 1
(0.262584 0.352592 0.326487 0.0583365) 119 234 1
(0.479943 0.206055 0.0378372 0.276165) 119 1516 1
(0.0866939 0.472439 0.231553 0.209314) 120 189 1
(0.479974 0.00788048 0.243873 0.268273) 120 1485 2
(0.583004 0.109136 0.0834645 0.224396) 120 235 1
(0.304807 0.335143 0.183503 0.176547) 121 235 2
(0.147044 0.410463 0.103569 0.338924) 121 238 1
(0.487937 0.266519 0.186569 0.0589749) 121 237 2
(0.430048 0.277261 0.284711 0.00798002) 122 237 2
(0.123591 0.454346 0.107818 0.314245) 122 240 1
(0.61217 0.210054 0.0997302 0.0780456) 122 239 2
(0.00563088 0.0157856 0.481045 0.497539) 123 239 1
(0.339344 0.314183 0.200653 0.14582) 123 239 2
(0.261621 0.353054 0.0393813 0.345944) 123 242 1
(0.406125 0.153658 0.159426 0.280792) 123 195 2
(0.0911243 0.210326 0.260254 0.438296) 123 241 1
(0.19055 0.420877 0.0547863 0.333786) 124 197 1
(0.705505 0.131089 0.0642132 0.0991923) 124 244 1
(0.124684 0.385184 0.0363297 0.453802) 124 243 1
(0.82681 0.0883938 0.0502476 0.0345482) 125 243 2
(0.221112 0.373277 0.247439 0.158172) 125 245 2
(0.180085 0.425148 0.293366 0.101401) 126 248 1
(0.379942 0.293854 0.265019 0.0611848) 126 201 1
(0.34805 0.157911 0.309803 0.184235) 126 248 2
(0.257099 0.244312 0.387592 0.110996) 127 247 1
(0.803045 0.113733 0.000885359 0.0823369) 127 249 1
(0.139586 0.420766 0.157445 0.282203) 128 249 2
(0.439872 0.238853 0.0573514 0.263924) 128 205 2
(0.213554 0.409376 0.0962677 0.280802) 128 252 1
(0.278515 0.0836801 0.26091 0.376895) 128 251 1
(0.028721 0.469505 0.41304 0.0887344) 129 251 2
(0.663712 0.0241998 0.151994 0.160095) 129 251 1
(0.392012 0.285077 0.00276892 0.320142) 129 253 1
(0.553948 0.208401 0.119588 0.118063) 130 253 2
(0.117052 0.357387 0.425329 0.100231) 130 256 2
(0.490366 0.270957 0.0182102 0.220467) 130 255 2
(0.112314 0.127882 0.459994 0.29981) 131 255 1
(0.309733 0.350112 0.0771496 0.263006) 131 211 1
(0.50147 0.215328 0.265395 0.0178067) 131 258 2
(0.15093 0.215561 0.225111 0.408399) 131 211 2
(0.407294 0.312511 0.0940242 0.18617) 132 213 1
(0.292125 0.339951 0.0232039 0.34472) 132 260 1
(0.410724 0.278501 0.0891002 0.221674) 132 259 2
(0.06884 0.00720545 0.442225 0.48173) 132 259 1
(0.0264292 0.210931 0.470644 0.291996) 132 257 1
(0.576354 0.195692 0.147491 0.0804623) 133 259 2
(0.407624 0.281343 0.235582 0.0754507) 133 261 2
(0.629745 0.170806 0.168976 0.0304726) 134 261 1
(0.418702 0.182534 0.124252 0.274512) 134 263 1
(0.0975255 0.435096 0.0376048 0.429773) 135 219 1
(0.286638 0.293419 0.0794046 0.340538) 135 219 2
(0.538818 0.0253762 0.214453 0.221353) 135 263 1
(0.400213 0.0534545 0.315985 0.230347) 135 266 2
(0.0834582 0.474423 0.243847 0.198272) 136 265 2
(0.67293 0.144723 0.0349727 0.147374) 136 221 2
(0.20611 0.38079 0.292023 0.121077) 136 268 1
(0.0124638 0.293518 0.50993 0.184089) 136 268 2
(0.00830368 0.511478 0.425618 0.0546003) 136 267 2
(0.107457 0.322089 0.140301 0.430153) 137 269 1
(0.942229 0.00249366 0.0450326 0.0102449) 137 267 1
(0.324493 0.120947 0.200638 0.353922) 138 225 2
(0.554219 0.207202 0.0940668 0.144511) 138 272 1
(0.206448 0.0763051 0.336632 0.380616) 138 271 1
(0.128371 0.419676 0.177261 0.274692) 138 225 1
(0.416573 0.275578 0.235732 0.0721168) 139 271 2
(0.629448 0.169114 0.0440331 0.157405) 139 273 2
(0.125477 0.453391 0.0768758 0.344257) 139 274 1
(0.327014 0.352646 0.0706196 0.24972) 140 273 2
(0.167487 0.131335 0.301049 0.400128) 140 229 2
(0.532294 0.142464 0.250003 0.075239) 140 276 2
(0.108704 0.461798 0.210141 0.219357) 141 231 1
(0.141731 0.22497 0.445282 0.188016) 141 275 1
(0.054844 0.0781407 0.396525 0.47049) 141 231 2
(0.789186 0.0382303 0.121513 0.0510705) 141 278 2
(0.0285903 0.0133071 0.472691 0.485411) 141 278 2
(0.674882 0.138218 0.163073 0.0238272) 142 277 1
(0.412415 0.0271961 0.250598 0.309791) 142 233 2
(0.166201 0.150893 0.433052 0.249854) 142 280 2
(0.375878 0.232958 0.29593 0.0952336) 143 279 1
(0.451578 0.169855 0.120503 0.258063) 143 234 2
(0.204794 0.137568 0.413732 0.243905) 143 281 2
(0.479822 0.243941 0.0537386 0.222498) 144 1486 1
(0.480244 0.0845066 0.243725 0.191524) 144 283 2
(0.0626936 0.484749 0.164883 0.287674) 144 282 2
(0.14665 0.410522 0.374645 0.0681831) 145 285 1
(0.790634 0.0354249 0.120834 0.0531078) 145 285 2
(0.181238 0.425531 0.0133174 0.379914) 145 284 2
(0.0649544 0.176994 0.483663 0.274389) 146 284 1
(0.654798 0.156458 0.169163 0.0195803) 146 286 2
(0.611345 0.161576 0.178189 0.048891) 147 286 1
(0.41543 0.276127 0.204692 0.103751) 147 288 2
(0.555455 0.238434 0.174969 0.0311419) 148 288 2
(0.0700777 0.448809 0.422033 0.0590803) 148 291 1
(0.416996 0.0386384 0.236739 0.307627) 148 244 2
(0.264392 0.293613 0.35205 0.0899447) 148 291 2
(0.224826 0.403729 0.120346 0.251099) 149 246 1
(0.0986972 0.181943 0.466791 0.252569) 149 290 1
(0.0308059 0.276392 0.224373 0.468429) 149 246 2
(0.654007 0.145752 0.189148 0.011094) 149 293 2
(0.0124366 0.421673 0.509925 0.0559659) 150 292 1
(0.961518 0.0353966 0.00119748 0.0018877) 150 248 1
(0.0305189 0.500883 0.344388 0.12421) 150 294 2
(0.323008 0.354642 0.284101 0.0382488) 151 250 1
(0.293857 0.336911 0.186571 0.182661) 151 297 1
(0.0508048 0.0582551 0.400188 0.490753) 151 250 2
(0.399189 0.0853454 0.200665 0.314801) 151 296 1
(0.543963 0.145428 0.244152 0.0664568) 152 296 1
(0.418185 0.307042 0.270718 0.00405603) 152 298 2
(0.37878 0.17141 0.123064 0.326746) 153 254 2
(0.240735 0.35461 0.381573 0.0230818) 153 301 2
(0.128138 0.452077 0.0473098 0.372475) 154 256 1
(0.0097324 0.238542 0.51128 0.240445) 154 300 1
(0.718537 0.124594 0.0163611 0.140508) 154 303 1
(0.0474376 0.459871 0.032551 0.46014) 154 302 1
(0.888102 0.0720315 0.0148329 0.0250336) 155 304 2
(0.658085 0.152066 0.0350327 0.154817) 156 306 1
(0.0708535 0.448431 0.0308736 0.449842) 156 304 2
(0.424535 0.22038 0.271574 0.0835119) 157 306 1
(0.00676994 0.486788 0.500726 0.00571594) 157 262 1
(0.548559 0.090476 0.151392 0.209573) 157 308 1
(0.0334933 0.467106 0.445472 0.0539291) 158 308 2
(0.405872 0.0661132 0.280921 0.247094) 158 308 1
(0.341593 0.313047 0.327016 0.018345) 158 264 1
(0.344876 0.147089 0.311417 0.196618) 158 311 2
(0.0504587 0.490914 0.240952 0.217675) 158 310 2
(0.152996 0.439638 0.326632 0.0807337) 159 313 1
(0.724655 0.121538 0.0890245 0.0647824) 159 266 1
(0.141429 0.44542 0.386517 0.0266331) 159 312 2
(0.810947 0.0400511 0.078379 0.0706229) 160 312 1
(0.238138 0.229419 0.167663 0.364779) 160 314 1
(0.3696 0.164033 0.167305 0.299061) 161 270 2
(0.176472 0.395626 0.0876999 0.340202) 161 270 1
(0.506018 0.230892 0.159865 0.103225) 161 317 1
(0.312715 0.0119865 0.35978 0.315519) 161 317 2
(0.253022 0.386989 0.203506 0.156482) 162 316 2
(0.117508 0.425103 0.209097 0.248292) 162 319 1
(0.762198 0.0169931 0.118048 0.102761) 162 272 2
(0.179978 0.42617 0.0130466 0.380806) 163 318 2
(0.00940285 0.110503 0.40094 0.479154) 163 274 2
(0.803396 0.00960774 0.0741448 0.112851) 163 320 1
(0.0660404 0.0773362 0.456441 0.400182) 164 320 1
(0.631665 0.200306 0.000453167 0.167576) 164 276 1
(0.169125 0.342085 0.431581 0.0572089) 164 323 2
(0.303349 0.364482 0.18179 0.150379) 164 322 2
(0.176529 0.398312 0.386609 0.0385494) 165 325 1
(0.518982 0.224854 0.110999 0.145165) 165 278 1
(0.44415 0.142831 0.118977 0.294042) 165 324 1
(0.696916 0.1677 0.0366042 0.0987805) 166 280 1
(0.15704 0.33251 0.104287 0.406164) 166 326 1
(0.502058 0.232994 0.0925746 0.172374) 167 281 1
(0.0765404 0.445584 0.172391 0.305485) 167 328 1
(0.479881 0.151764 0.0947771 0.273578) 167 1518 1
(0.345532 0.343371 0.0704238 0.240673) 168 283 1
(0.233724 0.367313 0.275898 0.123065) 168 330 1
(0.0861366 0.33474 0.473077 0.106046) 169 329 1
(0.746928 0.112177 0.0304992 0.110396) 169 285 2
(0.0279597 0.481418 0.0165049 0.474118) 169 331 1
(0.257907 0.387194 0.32524 0.0296587) 170 287 1
(0.326742 0.352775 0.0735487 0.246934) 170 334 1
(0.0494248 0.470659 0.0233852 0.456531) 170 333 2
(0.227939 0.139684 0.230198 0.402179) 170 333 1
(0.147013 0.309364 0.133283 0.41034) 171 289 2
(0.64695 0.192662 0.120528 0.0398595) 171 336 1
(0.163197 0.292223 0.110029 0.434551) 171 335 1
(0.788244 0.0797014 0.121811 0.0102434) 172 335 1
(0.261086 0.353318 0.297085 0.0885115) 172 337 2
(0.66031 0.157794 0.014691 0.167205) 173 293 1
(0.0222095 0.472747 0.351197 0.153847) 173 340 1
(0.354913 0.306398 0.0556936 0.282995) 173 339 2
(0.219014 0.249754 0.378607 0.152624) 173 340 2
(0.272883 0.347391 0.161534 0.218192) 174 295 1
(0.233818 0.0890812 0.366926 0.310175) 174 339 1
(0.0300695 0.186907 0.281915 0.501108) 174 295 2
(0.656915 0.0580727 0.155404 0.129608) 174 342 2
(0.287158 0.34865 0.340279 0.0239134) 175 341 1
(0.708996 0.161658 0.032922 0.0964242) 175 343 2
(0.105261 0.00764085 0.455872 0.431227) 175 343 1
(0.233945 0.378142 0.249679 0.138234) 176 343 2
(0.386698 0.290741 0.0961738 0.226387) 176 346 1
(0.248743 0.286882 0.089302 0.375073) 176 299 2
(0.216974 0.215755 0.159627 0.407644) 176 345 1
(0.727002 0.0877006 0.120401 0.0648962) 177 345 1
(0.328609 0.351842 0.256962 0.0625877) 177 347 2
(0.0712509 0.480512 0.332591 0.115646) 178 350 1
(0.593888 0.219193 0.0192143 0.167705) 178 303 1
(0.321825 0.212501 0.322948 0.142727) 178 350 2
(0.365697 0.00694114 0.294066 0.333296) 178 303 2
(0.23354 0.153999 0.367245 0.245216) 179 349 1
(0.104297 0.450823 0.239502 0.205378) 179 305 1
(0.506845 0.150007 0.230419 0.112729) 179 352 2
(0.265906 0.0290404 0.321857 0.383197) 179 305 2
(0.0676521 0.482298 0.306322 0.143728) 180 307 1
(0.714004 0.0561128 0.15913 0.070753) 180 354 2
(0.164527 0.401601 0.0458352 0.388037) 180 353 2
(0.219412 0.171494 0.393674 0.215421) 180 351 1
(0.277209 0.102776 0.345255 0.274761) 181 353 1
(0.395724 0.285978 0.235115 0.0831838) 181 309 1
(0.290399 0.239014 0.37095 0.0996367) 181 356 2
(0.182588 0.392571 0.200566 0.224275) 181 355 2
(0.100442 0.464338 0.394207 0.0410135) 182 358 1
(0.771032 0.130009 0.0962069 0.00275171) 182 355 2
(0.274354 0.346679 0.347304 0.031663) 182 357 2
(0.0372405 0.345999 0.119237 0.497524) 183 313 2
(0.681647 0.0794421 0.175317 0.0635948) 183 357 1
(0.367049 0.139737 0.161735 0.33148) 183 359 1
(0.221538 0.393726 0.380124 0.00461173) 184 359 2
(0.425295 0.200922 0.102571 0.271212) 184 315 2
(0.453375 0.257168 0.224183 0.0652729) 184 362 1
(0.259611 0.102519 0.386345 0.251524) 184 362 2
(0.810442 0.0573587 0.0219604 0.110239) 185 317 2
(0.065835 0.450925 0.272991 0.21025) 185 364 1
(0.124188 0.454062 0.174406 0.247344) 185 361 2
(0.802176 0.100046 0.0101585 0.0876191) 186 366 1
(0.0622128 0.173716 0.279033 0.485038) 186 319 2
(0.0718208 0.268217 0.21201 0.447952) 186 365 1
(0.0253679 0.485241 0.472991 0.0164006) 186 363 1
(0.253088 0.357286 0.147352 0.242274) 187 321 1
(0.414234 0.309059 0.0442331 0.232475) 187 368 1
(0.165052 0.0636119 0.337723 0.433612) 187 367 1
(0.698836 0.106532 0.164022 0.0306108) 188 367 1
(0.317207 0.336394 0.00214688 0.344252) 188 369 1
(0.514693 0.196617 0.0298649 0.258825) 189 325 2
(0.330881 0.350705 0.217249 0.101165) 189 372 1
(0.250165 0.0918707 0.358772 0.299193) 189 372 2
(0.0510484 0.490641 0.240253 0.218058) 190 371 2
(0.0859834 0.440836 0.442574 0.0306063) 190 327 1
(0.483678 0.242839 0.159064 0.114419) 190 374 1
(0.143596 0.444362 0.244473 0.167569) 190 373 2
(0.655753 0.18825 0.140303 0.0156937) 191 375 1
(0.479951 0.267128 0.0788879 0.174033) 191 1519 2
(0.22134 0.194815 0.178372 0.405473) 192 330 2
(0.378189 0.198849 0.327047 0.0959157) 192 377 2
(0.124772 0.371225 0.421457 0.0825469) 193 376 1
(0.155758 0.438267 0.333132 0.0728425) 193 332 1
(0.350217 0.308736 0.0070672 0.33398) 193 379 1
(0.23266 0.367525 0.082371 0.317444) 193 378 2
(0.615273 0.161479 0.176218 0.0470299) 194 378 1
(0.433116 0.267294 0.224023 0.0755672) 194 380 2
(0.521533 0.255385 0.113059 0.110023) 195 380 2
(0.121601 0.387573 0.423051 0.067775) 195 383 2
(0.525924 0.253182 0.0207278 0.200166) 195 382 2
(0.0664502 0.124444 0.482935 0.326171) 196 382 1
(0.369659 0.331329 0.0296652 0.269347) 196 338 1
(0.509837 0.23559 0.254442 0.0001298) 196 385 2
(0.172419 0.224025 0.204729 0.398826) 196 338 2
(0.0306676 0.337683 0.163139 0.468511) 196 384 1
(0.902199 0.0650443 0.0238122 0.00894408) 197 387 1
(0.129139 0.451555 0.387207 0.0320988) 197 386 2
(0.0257153 0.470995 0.265486 0.237804) 198 389 1
(0.659388 0.18633 0.102547 0.0517348) 198 342 1
(0.356536 0.0435968 0.337865 0.262002) 198 389 2
(0.081182 0.443277 0.123047 0.352494) 198 388 2
(0.0842965 0.441711 0.417316 0.0566767) 199 344 1
(0.477067 0.166901 0.0784273 0.277605) 199 390 1
(0.550862 0.0260004 0.240708 0.18243) 199 388 1
(0.521521 0.223086 0.03882 0.216574) 200 390 2
(0.535039 0.229431 0.0788217 0.156708) 200 392 2
(0.409355 0.311052 0.264729 0.0148642) 201 392 2
(0.0885777 0.066621 0.471846 0.372956) 201 392 1
(0.182671 0.232128 0.160384 0.424816) 201 348 2
(0.478445 0.244679 0.244631 0.0322441) 201 395 2
(0.0241993 0.355609 0.116159 0.504032) 201 394 1
(0.923137 0.0222858 0.010048 0.0445288) 202 394 2
(0.130633 0.421409 0.321184 0.126774) 202 396 2
(0.807404 0.0801374 0.0108083 0.101651) 203 352 1
(0.214113 0.409079 0.24567 0.131138) 203 398 2
(0.384487 0.323888 0.0812786 0.210346) 204 400 2
(0.717282 0.118255 0.157494 0.00697018) 204 398 1
(0.0183598 0.0607406 0.413929 0.506971) 204 400 1
(0.643041 0.194632 0.0681861 0.0941405) 205 400 2
(0.405813 0.284839 0.0284142 0.280934) 205 402 1
(0.548145 0.119004 0.209785 0.123066) 206 402 1
(0.0909143 0.386329 0.0667148 0.456042) 206 358 2
(0.495958 0.0500912 0.217856 0.236095) 206 404 1
(0.0929774 0.438558 0.373865 0.0945996) 207 404 2
(0.40218 0.299678 0.271363 0.0267784) 207 407 1
(0.474857 0.240604 0.0381072 0.246432) 207 360 2
(0.208452 0.192363 0.379647 0.219538) 207 407 2
(0.0044684 0.51309 0.332134 0.150307) 207 406 2
(0.0156695 0.483787 0.329394 0.17115) 208 409 1
(0.862028 0.0851392 0.0422682 0.010565) 208 362 1
(0.102433 0.42087 0.0440552 0.432642) 208 408 1
(0.126653 0.21804 0.20298 0.452328) 209 364 2
(0.750781 0.140755 0.0592678 0.0491956) 209 411 1
(0.200386 0.178385 0.205284 0.415945) 209 410 1
(0.320015 0.340213 0.034078 0.305693) 210 366 1
(0.363839 0.302579 0.140226 0.193356) 210 413 1
(0.514355 0.0731803 0.185782 0.226683) 210 366 2
(0.169852 0.0643726 0.431223 0.334553) 210 413 2
(0.290147 0.352266 0.148767 0.208819) 211 412 2
(0.759114 0.104284 0.0709965 0.0656053) 211 414 2
(0.405578 0.268285 0.0450487 0.281088) 212 370 2
(0.196604 0.385563 0.000634318 0.417198) 212 414 2
(0.0251689 0.50357 0.39992 0.0713418) 212 416 2
(0.904349 0.0316819 0.0513178 0.0126511) 213 372 1
(0.0377972 0.459273 0.00632039 0.49661) 213 418 1
(0.00753389 0.189731 0.315534 0.487201) 214 374 2
(0.921916 0.0228936 0.00705747 0.0481331) 214 418 2
(0.159998 0.205083 0.231086 0.403833) 214 420 1
(0.687423 0.140133 0.133769 0.0386745) 215 420 2
(0.0587945 0.210509 0.244756 0.485941) 215 375 2
(0.48129 0.0192219 0.224008 0.27548) 215 1520 1
(0.479901 0.276185 0.224766 0.0191477) 216 1489 1
(0.0611775 0.453272 0.276162 0.209388) 216 424 1
(0.628021 0.164518 0.0242033 0.183258) 216 423 1
(0.26932 0.379593 0.21668 0.134407) 217 423 2
(0.76606 0.0994883 0.0088535 0.125599) 217 425 1
(0.0448563 0.462681 0.344484 0.147978) 217 426 1
(0.0645422 0.483874 0.000371682 0.451212) 217 425 2
(0.517239 0.143511 0.225232 0.114017) 218 425 1
(0.192262 0.305815 0.081912 0.420011) 218 381 2
(0.455419 0.0272784 0.256733 0.260569) 218 428 2
(0.0518078 0.457938 0.0496654 0.440589) 219 383 1
(0.459304 0.0718706 0.254202 0.214624) 219 427 1
(0.304223 0.331735 0.345695 0.0183477) 219 429 2
(0.655686 0.188304 0.0810013 0.0750085) 220 429 2
(0.390433 0.288618 0.110098 0.210851) 220 431 2
(0.0745737 0.339315 0.44655 0.139561) 220 432 2
(0.414816 0.308723 0.0724323 0.204028) 221 387 1
(0.198702 0.0347115 0.384504 0.382083) 221 431 1
(0.22259 0.131298 0.241269 0.404843) 221 387 2
(0.463915 0.193287 0.251909 0.09089) 221 434 2
(0.145315 0.280468 0.414302 0.159914) 222 433 1
(0.808883 0.111701 0.0763823 0.00303362) 222 435 2
(0.188117 0.42208 0.127707 0.262096) 223 435 2
(0.502146 0.171891 0.0867303 0.239232) 223 391 2
(0.181856 0.425216 0.0882705 0.304657) 223 438 1
(0.228008 0.09106 0.311072 0.36986) 223 437 1
(0.139863 0.446209 0.34542 0.0685075) 224 437 2
(0.0340628 0.410539 0.0885833 0.466815) 224 393 2
(0.655185 0.188109 0.0976346 0.0590719) 224 440 1
(0.233711 0.324618 0.0651249 0.376546) 224 439 1
(0.710351 0.160974 0.0535154 0.0751597) 225 439 2
(0.346139 0.310781 0.128752 0.214328) 225 441 2
(0.119685 0.0173437 0.424011 0.43896) 226 441 1
(0.348526 0.341886 0.124566 0.185022) 226 397 1
(0.409468 0.263567 0.311414 0.0155512) 226 444 2
(0.110208 0.173093 0.258322 0.458378) 226 397 2
(0.0095996 0.318402 0.491471 0.180527) 227 443 1
(0.154249 0.439026 0.185086 0.221639) 227 399 1
(0.414329 0.278332 0.036245 0.271093) 227 446 1
(0.0529047 0.23282 0.224884 0.489391) 227 399 2
(0.084036 0.177849 0.292899 0.445216) 227 445 1
(0.429149 0.301546 0.0341278 0.235177) 228 401 1
(0.615386 0.206295 0.00216045 0.176159) 228 447 1
(0.146467 0.410617 0.429564 0.0133523) 229 403 1
(0.344134 0.240177 0.311795 0.103893) 229 447 1
(0.039207 0.464231 0.148956 0.347606) 229 449 2
(0.540994 0.0434247 0.213351 0.20223) 229 450 2
(0.526921 0.221042 0.193834 0.0582033) 230 405 1
(0.324397 0.0120038 0.32164 0.341958) 230 449 1
(0.133392 0.417386 0.29315 0.156073) 230 451 2
(0.157849 0.281956 0.41408 0.146115) 230 452 2
(0.818347 0.0746811 0.0593351 0.0476372) 231 451 2
(0.230652 0.331185 0.0373467 0.400816) 231 453 1
(0.178416 0.256386 0.169386 0.395811) 232 409 2
(0.699605 0.134054 0.155966 0.0103754) 232 456 1
(0.328609 0.0887693 0.230862 0.35176) 232 455 1
(0.31239 0.330541 0.202021 0.155047) 233 458 1
(0.118904 0.153848 0.456691 0.270558) 233 458 2
(0.26026 0.372809 0.311266 0.0556647) 233 455 2
(0.565609 0.111615 0.12172 0.201057) 233 411 2
(0.887158 0.0725666 0.0324452 0.00782997) 234 459 2
(0.162038 0.420006 0.1196 0.298355) 234 457 2
(0.0638008 0.395321 0.451953 0.0889254) 235 459 1
(0.0239297 0.472038 0.314229 0.189804) 235 415 1
(0.661003 0.161998 0.153356 0.023642) 235 462 2
(0.216876 0.0898812 0.285525 0.407718) 235 415 2
(0.002212 0.243072 0.27198 0.482736) 235 461 1
(0.35602 0.338134 0.101004 0.204842) 236 417 1
(0.402228 0.0402384 0.274428 0.283106) 236 417 2
(0.349481 0.341398 0.0066457 0.302475) 236 464 1
(0.0874798 0.0937456 0.346402 0.472372) 236 463 1
(0.0603251 0.453674 0.19403 0.291971) 237 419 1
(0.64263 0.194836 0.0642134 0.0983206) 237 466 1
(0.198268 0.199302 0.217715 0.384715) 237 419 2
(0.205805 0.145991 0.267242 0.380962) 237 465 1
(0.351468 0.308119 0.00266895 0.337745) 238 421 1
(0.211368 0.410468 0.0983024 0.279861) 238 468 1
(0.604912 0.0469149 0.134471 0.213702) 238 421 2
(0.130514 0.0651346 0.425252 0.379099) 238 468 2
(0.185429 0.423368 0.250172 0.14103) 239 422 1
(0.393352 0.299916 0.162164 0.144568) 239 469 1
(0.479993 0.276129 0.210463 0.0334159) 239 1521 2
(0.479977 0.0798003 0.27614 0.164083) 240 1490 2
(0.466096 0.0812856 0.170129 0.28249) 240 424 2
(0.118107 0.261961 0.42484 0.195092) 241 470 1
(0.126877 0.420407 0.0607082 0.392008) 241 472 2
(0.940827 0.011777 0.0339578 0.013438) 241 426 2
(0.548953 0.241666 0.130919 0.0784617) 242 428 1
(0.179901 0.393918 0.32487 0.101311) 242 475 1
(0.307575 0.156169 0.362357 0.1739) 242 475 2
(0.0592181 0.486531 0.139374 0.314876) 243 474 2
(0.239353 0.264093 0.132378 0.364176) 243 430 2
(0.469694 0.249003 0.100054 0.181249) 243 477 1
(0.178489 0.230264 0.166084 0.425163) 243 476 1
(0.116702 0.457802 0.0840399 0.341455) 244 432 1
(0.764808 0.101432 0.0781452 0.0556146) 244 479 1
(0.164098 0.394545 0.00726228 0.434095) 244 478 1
(0.788669 0.0895232 0.0900363 0.0317713) 245 478 2
(0.220208 0.40604 0.19393 0.179821) 245 480 2
(0.281921 0.374987 0.276717 0.0663757) 246 436 1
(0.297377 0.335187 0.102858 0.264578) 246 483 1
(0.02751 0.0735658 0.396537 0.502387) 246 436 2
(0.620717 0.173497 0.159803 0.0459831) 247 484 2
(0.427004 0.219182 0.284919 0.0688956) 247 482 1
(0.330112 0.318884 0.143408 0.207596) 248 484 2
(0.550199 0.0844481 0.12431 0.241042) 248 440 2
(0.055891 0.238905 0.45594 0.249264) 248 487 2
(0.232092 0.367808 0.336509 0.0635912) 249 486 2
(0.246201 0.360761 0.307633 0.0854055) 249 489 1
(0.105305 0.359366 0.104119 0.43121) 249 442 2
(0.500546 0.0690099 0.26586 0.164584) 249 489 2
(0.305125 0.22735 0.346703 0.120821) 250 488 1
(0.750623 0.111062 0.117167 0.0211482) 250 490 2
(0.19587 0.385921 0.142359 0.275849) 251 490 2
(0.800206 0.0472419 0.0838064 0.0687455) 251 493 2
(0.103224 0.43224 0.3506 0.113937) 252 448 1
(0.58024 0.126663 0.226015 0.0670817) 252 495 2
(0.244048 0.362111 0.0269353 0.366906) 252 494 2
(0.0545982 0.478076 0.456557 0.0107682) 252 492 1
(0.122536 0.132905 0.453362 0.291197) 253 494 1
(0.48839 0.239673 0.111239 0.160698) 253 450 1
(0.195827 0.3649 0.418213 0.0210608) 253 497 2
(0.264276 0.376826 0.255071 0.103827) 253 496 2
(0.690233 0.169238 0.00290574 0.137623) 254 496 2
(0.358754 0.241287 0.0954773 0.304482) 254 498 1
(0.0357314 0.493143 0.0970063 0.374119) 255 454 1
(0.592249 0.0278548 0.187729 0.192167) 255 498 1
(0.229416 0.294864 0.0959897 0.37973) 255 454 2
(0.454495 0.00110111 0.256612 0.287793) 255 501 2
(0.131818 0.448558 0.274299 0.145324) 256 500 2
(0.260892 0.385696 0.23674 0.116672) 256 503 1
(0.616365 0.150466 0.0420619 0.191107) 256 456 2
(0.0675038 0.243636 0.450106 0.238755) 256 503 2
(0.0336747 0.47215 0.105934 0.388242) 257 502 2
(0.967741 0.0142076 0.0085073 0.00954408) 257 2098 2
(0.064232 0.369233 0.082525 0.48401) 257 504 1
(0.268115 0.128294 0.239072 0.36452) 258 460 2
(0.609327 0.179196 0.0727704 0.138707) 258 507 1
(0.162278 0.126878 0.275841 0.435003) 258 506 1
(0.0750527 0.476914 0.224609 0.223424) 258 460 1
(0.426321 0.270715 0.285667 0.0172973) 259 506 2
(0.59045 0.18863 0.0217382 0.199182) 259 508 2
(0.171015 0.430635 0.0383851 0.359965) 259 509 1
(0.360645 0.303527 0.102968 0.23286) 260 508 2
(0.684266 0.141714 0.14119 0.0328304) 260 510 2
(0.691313 0.0699332 0.0682596 0.170495) 261 466 2
(0.265278 0.28334 0.35121 0.100171) 261 510 1
(0.123496 0.422104 0.0978985 0.356502) 262 512 2
(0.820248 0.0525154 0.0534555 0.0737809) 262 514 1
(0.0537878 0.00783855 0.478829 0.459545) 262 514 1
(0.687227 0.14057 0.00175271 0.170451) 263 514 2
(0.321661 0.0791108 0.243919 0.35531) 263 469 2
(0.256895 0.111533 0.387553 0.244019) 263 516 2
(0.479918 0.262362 0.0787704 0.178949) 264 1491 1
(0.0995624 0.300259 0.133826 0.466352) 264 471 2
(0.479989 0.0990008 0.243988 0.177023) 264 518 2
(0.195306 0.386598 0.128679 0.289418) 265 517 2
(0.477867 0.25529 0.25698 0.00986376) 265 520 2
(0.239396 0.167933 0.196231 0.39644) 265 473 2
(0.135913 0.335577 0.415913 0.112596) 266 519 1
(0.907392 0.0219735 0.00820248 0.062432) 266 521 1
(0.120298 0.45598 0.185701 0.238021) 267 521 2
(0.91249 0.0159252 0.0116881 0.0598963) 267 477 2
(0.0095753 0.489768 0.128015 0.372642) 268 523 2
(0.0614493 0.485436 0.201969 0.251145) 268 526 1
(0.649833 0.158934 0.158479 0.0327538) 268 479 1
(0.223945 0.112375 0.371879 0.2918) 268 526 2
(0.081718 0.447084 0.190569 0.280628) 268 525 2
(0.440081 0.296108 0.21991 0.0439015) 269 528 1
(0.260189 0.38582 0.328043 0.0259479) 269 481 1
(0.460231 0.0992282 0.186796 0.253744) 269 527 1
(0.0190852 0.0451324 0.429174 0.506608) 269 481 2
(0.54058 0.197233 0.244878 0.0173101) 270 527 1
(0.341763 0.314004 0.0354284 0.308804) 270 529 2
(0.0571903 0.323907 0.457594 0.161308) 270 530 2
(0.154571 0.438827 0.357572 0.0490306) 271 532 1
(0.33485 0.0500688 0.267375 0.347707) 271 485 2
(0.349127 0.223692 0.30932 0.11786) 271 532 2
(0.52852 0.251463 0.0430064 0.177011) 271 485 1
(0.139854 0.413955 0.188044 0.258148) 272 487 1
(0.154325 0.194851 0.406715 0.244109) 272 531 1
(0.738971 0.0779482 0.114376 0.0687047) 272 534 2
(0.0563575 0.436703 0.455684 0.0512562) 273 533 1
(0.847858 0.0612016 0.0070816 0.0838592) 273 489 2
(0.0258726 0.470933 0.283966 0.219229) 273 535 2
(0.0100266 0.500642 0.4177 0.0716315) 274 538 1
(0.334842 0.348719 0.291261 0.0251777) 274 491 1
(0.270763 0.314072 0.380755 0.0344095) 274 538 2
(0.07897 0.0297654 0.446904 0.444361) 274 491 2
(0.045349 0.240742 0.493474 0.220435) 275 537 1
(0.531454 0.218142 0.119698 0.130706) 275 493 1
(0.0965857 0.441834 0.435572 0.0260085) 275 540 2
(0.280345 0.375801 0.0205385 0.323315) 275 539 2
(0.0101177 0.152628 0.326554 0.5107) 275 539 1
(0.623994 0.204143 0.0167464 0.155117) 276 495 1
(0.0609226 0.453397 0.00588045 0.4798) 276 542 1
(0.39152 0.288375 0.210352 0.109752) 276 541 2
(0.559289 0.218936 0.205062 0.0167129) 277 541 1
(0.49047 0.152382 0.118534 0.238613) 277 543 1
(0.08755 0.440065 0.0071642 0.465221) 278 499 1
(0.280875 0.333113 0.0108179 0.375194) 278 499 2
(0.464319 0.0664807 0.251702 0.217499) 278 543 1
(0.403714 0.0904921 0.286573 0.219221) 278 546 2
(0.00379728 0.481948 0.279139 0.235116) 279 545 2
(0.667504 0.153821 0.143636 0.0350386) 279 501 1
(0.210349 0.410979 0.300727 0.077945) 279 548 1
(0.0942865 0.436704 0.383359 0.0856501) 279 547 2
(0.0167092 0.333065 0.481166 0.16906) 279 548 2
(0.856716 0.0444073 0.0877422 0.0111349) 280 547 1
(0.192298 0.279837 0.107881 0.419984) 280 549 1
(0.125803 0.448229 0.135172 0.290795) 281 505 1
(0.5586 0.206658 0.134688 0.100055) 281 552 1
(0.319181 0.16682 0.189725 0.324274) 281 505 2
(0.290297 0.0375436 0.301178 0.370981) 281 551 1
(0.171336 0.419574 0.164483 0.244606) 282 554 1
(0.705996 0.0223691 0.140775 0.13086) 282 507 2
(0.298242 0.366994 0.227588 0.107176) 282 551 2
(0.241001 0.363354 0.0792541 0.316391) 283 553 2
(0.260629 0.368639 0.365876 0.0048565) 283 556 2
(0.3475 0.342394 0.173352 0.136754) 283 555 2
(0.117177 0.425265 0.427169 0.0303883) 284 558 1
(0.216803 0.407748 0.169872 0.205578) 284 511 1
(0.593698 0.162259 0.187018 0.057025) 284 558 2
(0.285958 0.0207715 0.352387 0.340883) 284 511 2
(0.0317586 0.181487 0.500005 0.286749) 285 557 1
(0.485976 0.240903 0.0687833 0.204337) 285 513 1
(0.250342 0.343243 0.390887 0.0155285) 285 560 2
(0.00937098 0.231355 0.247829 0.511445) 285 513 2
(0.033044 0.347178 0.152442 0.467336) 285 559 1
(0.122538 0.454875 0.204267 0.21832) 286 515 1
(0.702673 0.132549 0.13714 0.0276378) 286 561 2
(0.127702 0.0917113 0.422068 0.358518) 287 561 1
(0.642093 0.195065 0.0675406 0.0953019) 287 516 1
(0.459069 0.0104155 0.286594 0.243922) 287 563 2
(0.259116 0.386578 0.110431 0.243875) 288 518 1
(0.320191 0.323768 0.276155 0.0798858) 288 565 1
(0.166211 0.400752 0.418601 0.0144351) 289 564 2
(0.328246 0.0381876 0.319735 0.313832) 289 564 1
(0.26729 0.350231 0.107409 0.27507) 289 566 2
(0.262614 0.226998 0.354995 0.155394) 289 567 2
(0.344134 0.344075 0.177438 0.134354) 290 522 1
(0.295908 0.0354511 0.368176 0.300466) 290 566 1
(0.182554 0.0730289 0.332219 0.412199) 290 522 2
(0.496259 0.12476 0.235768 0.143213) 290 569 2
(0.186325 0.422979 0.222422 0.168275) 291 524 1
(0.213268 0.160873 0.409508 0.216351) 291 568 1
(0.0736674 0.159036 0.320271 0.447026) 291 524 2
(0.652377 0.0818855 0.189954 0.0757832) 291 571 2
(0.165224 0.30214 0.433548 0.0990885) 292 570 1
(0.852224 0.041097 0.0166454 0.0900337) 292 572 1
(0.160999 0.403342 0.0798891 0.35577) 293 572 2
(0.640952 0.104036 0.0906842 0.164328) 293 528 2
(0.0462119 0.493044 0.0923278 0.368416) 293 575 1
(0.198276 0.0584708 0.326259 0.416994) 293 574 1
(0.217574 0.375078 0.314356 0.0929913) 294 574 2
(0.718631 0.130113 0.0242467 0.127009) 294 577 1
(0.618294 0.167482 0.00727794 0.206946) 295 578 1
(0.430777 0.163901 0.300742 0.10458) 295 576 1
(0.332545 0.317591 0.090212 0.259653) 296 578 2
(0.65678 0.0299113 0.125567 0.187741) 296 534 2
(0.02717 0.502528 0.022963 0.447339) 296 581 1
(0.126918 0.047607 0.397157 0.428317) 296 580 1
(0.240217 0.368288 0.279202 0.112293) 297 580 2
(0.244181 0.274124 0.119922 0.361773) 297 536 2
(0.437489 0.265974 0.0902697 0.206267) 297 583 1
(0.176271 0.245248 0.152169 0.426312) 297 582 1
(0.779 0.0764861 0.112102 0.0324116) 298 582 1
(0.071444 0.480425 0.037215 0.410916) 299 584 2
(0.678933 0.119269 0.176666 0.0251332) 299 587 2
(0.614637 0.0662422 0.142586 0.176535) 300 588 1
(0.0276908 0.470114 0.0500365 0.452159) 300 588 2
(0.37281 0.319858 0.301798 0.00553404) 300 586 1
(0.335198 0.106266 0.348535 0.210001) 301 588 1
(0.328731 0.351238 0.2967 0.0233314) 301 544 1
(0.354085 0.179902 0.339109 0.126905) 301 591 2
(0.125788 0.453248 0.198923 0.222041) 301 590 2
(0.16042 0.403651 0.397597 0.0383324) 302 593 1
(0.718927 0.156674 0.0538452 0.0705535) 302 546 1
(0.222433 0.404833 0.345056 0.0276776) 302 592 2
(0.728518 0.0827284 0.121478 0.0672753) 303 592 1
(0.320466 0.189912 0.165995 0.323628) 303 594 1
(0.176819 0.41908 0.0456547 0.358447) 304 550 1
(0.506865 0.262719 0.168604 0.0618122) 304 597 1
(0.370396 0.205248 0.114966 0.30939) 304 550 2
(0.313398 0.0525644 0.327836 0.306202) 304 597 2
(0.170094 0.416125 0.216831 0.196951) 305 596 2
(0.11988 0.456195 0.217555 0.20637) 305 599 1
(0.757417 0.0607661 0.0546361 0.127181) 305 552 2
(0.00101943 0.171077 0.333774 0.494129) 306 554 2
(0.881634 0.0272988 0.0430405 0.0480264) 306 601 2
(0.0165088 0.079445 0.507884 0.396162) 306 601 2
(0.0719552 0.447901 0.0406351 0.439509) 306 598 2
(0.418075 0.307092 0.0502243 0.224609) 307 600 2
(0.471944 0.269672 0.228338 0.0300459) 307 602 2
(0.570677 0.198517 0.0797813 0.151024) 308 604 2
(0.525259 0.133405 0.251966 0.0893701) 308 602 1
(0.379139 0.326574 0.0191139 0.275173) 309 604 2
(0.674562 0.0809025 0.0656634 0.178872) 309 606 1
(0.218575 0.375091 0.193995 0.212339) 310 606 2
(0.384128 0.226794 0.064984 0.324093) 310 562 2
(0.197818 0.348659 0.384945 0.0685772) 310 609 2
(0.00801952 0.447468 0.0646696 0.479843) 310 608 1
(0.619959 0.206146 0.13809 0.0358044) 311 563 1
(0.0181345 0.284791 0.190361 0.506713) 312 565 2
(0.479998 0.209724 0.243891 0.0663872) 312 1493 2
(0.0200084 0.407781 0.0660971 0.506113) 312 611 1
(0.936912 0.0476354 0.0154343 1.82217e-05) 313 614 1
(0.108327 0.43007 0.407107 0.0544959) 313 613 2
(0.793158 0.101593 0.0287315 0.0765179) 314 569 1
(0.189966 0.421153 0.28204 0.10684) 314 615 2
(0.0807635 0.467773 0.308146 0.143317) 315 618 1
(0.62629 0.202996 0.0698962 0.100818) 315 571 1
(0.216144 0.230323 0.37614 0.177394) 315 618 2
(0.259139 0.386582 0.122572 0.231707) 315 617 2
(0.324646 0.0212747 0.324431 0.329649) 316 617 1
(0.357775 0.337251 0.195673 0.109301) 316 573 1
(0.497404 0.0922731 0.240562 0.169761) 316 620 2
(0.161738 0.0401341 0.395137 0.40299) 316 573 2
(0.273241 0.182849 0.348963 0.194947) 317 619 1
(0.77208 0.00751584 0.122588 0.0978162) 317 621 1
(0.175794 0.395964 0.0192641 0.408977) 318 621 2
(0.693105 0.0966385 0.0683153 0.141941) 318 577 2
(0.118199 0.0863861 0.425022 0.370392) 318 624 2
(0.0691604 0.481551 0.205182 0.244107) 319 623 2
(0.362633 0.308657 0.0235101 0.3052) 319 579 2
(0.321175 0.323282 0.18685 0.168694) 319 626 1
(0.0290224 0.501631 0.0694213 0.399925) 319 625 2
(0.39055 0.0627272 0.227169 0.319554) 319 625 1
(0.560308 0.0753814 0.235983 0.128327) 320 625 1
(0.488586 0.208434 0.0634184 0.239562) 320 627 1
(0.482336 0.24269 0.0783634 0.19661) 321 627 2
(0.533829 0.21695 0.0593601 0.189861) 321 629 2
(0.033081 0.435248 0.467697 0.0639746) 321 630 2
(0.405454 0.281128 0.0242583 0.28916) 322 585 1
(0.0962744 0.0900353 0.435719 0.377971) 322 629 1
(0.153399 0.223933 0.214576 0.408092) 322 585 2
(0.492112 0.2244 0.2378 0.045688) 322 632 2
(0.250303 0.376214 0.0530215 0.320462) 323 587 1
(0.01784 0.201015 0.474936 0.306209) 323 631 1
(0.153503 0.408109 0.014063 0.424325) 323 633 2
(0.879878 0.00454503 0.0401398 0.0754368) 323 633 1
(0.375476 0.29611 0.210976 0.117438) 324 589 1
(0.20913 0.146652 0.379282 0.264935) 324 633 1
(0.252683 0.389803 0.161041 0.196473) 324 635 2
(0.303334 0.268849 0.364474 0.063343) 324 636 2
(0.697719 0.137422 0.129289 0.0355713) 325 635 2
(0.108686 0.460205 0.43075 0.000358695) 325 638 1
(0.351311 0.313618 0.305641 0.0294299) 325 637 2
(0.0344737 0.388336 0.078285 0.498906) 326 593 2
(0.599445 0.122503 0.185144 0.0929079) 326 637 1
(0.448807 0.10062 0.188037 0.262536) 326 639 1
(0.139852 0.413946 0.402143 0.0440589) 327 639 2
(0.421498 0.243825 0.0292877 0.305389) 327 595 2
(0.456634 0.287574 0.232998 0.0227935) 327 642 1
(0.263036 0.14184 0.352337 0.242787) 327 642 2
(0.0418794 0.462909 0.208625 0.286587) 328 641 2
(0.808584 0.080239 0.0921488 0.0190282) 328 597 1
(0.0693966 0.481438 0.281713 0.167452) 328 644 1
(0.0559665 0.455874 0.473016 0.0151438) 328 643 2
(0.803093 0.082334 0.0679719 0.0466011) 329 646 1
(0.0734462 0.221452 0.25331 0.451792) 329 599 2
(0.112375 0.262354 0.19761 0.42766) 329 645 1
(0.240584 0.363559 0.11753 0.278326) 330 601 1
(0.763424 0.0648341 0.0418996 0.129843) 330 647 1
(0.341803 0.238707 0.345245 0.0742448) 331 647 1
(0.0636607 0.452035 0.435881 0.0484232) 331 603 1
(0.616913 0.0458507 0.175405 0.161832) 331 650 2
(0.115005 0.458646 0.0754671 0.350882) 331 649 2
(0.241411 0.0864008 0.375595 0.296592) 332 649 1
(0.527583 0.220076 0.177258 0.075083) 332 605 1
(0.141887 0.318982 0.443982 0.095149) 332 652 2
(0.0490652 0.0827459 0.408864 0.459325) 332 605 2
(0.123731 0.248979 0.454283 0.173007) 333 651 1
(0.280415 0.375941 0.226075 0.11757) 333 607 1
(0.510013 0.168736 0.060121 0.261131) 333 653 1
(0.05246 0.489913 0.0223432 0.435284) 334 609 1
(0.735423 0.0751875 0.119934 0.0694556) 334 653 1
(0.196897 0.38543 0.289892 0.127782) 334 655 2
(0.122786 0.422465 0.266366 0.188383) 335 610 1
(0.479922 0.247235 0.130171 0.142672) 335 1525 2
(0.456616 0.28781 0.155904 0.0996695) 335 657 1
(0.518397 0.256917 0.0157834 0.208903) 336 612 1
(0.303831 0.292271 0.35972 0.0441785) 336 659 2
(0.400702 0.0463764 0.254127 0.298794) 336 612 2
(0.069394 0.166452 0.464842 0.299313) 337 658 1
(0.217765 0.143097 0.231874 0.407264) 337 614 2
(0.341463 0.313215 0.0884102 0.256912) 337 614 1
(0.503995 0.20929 0.231922 0.054792) 337 661 2
(0.0860785 0.441022 0.1829 0.29) 338 616 1
(0.0510428 0.28574 0.490584 0.172633) 338 660 1
(0.0467925 0.271113 0.220045 0.46205) 338 616 2
(0.658429 0.154698 0.00809784 0.178775) 338 663 1
(0.0278894 0.379085 0.0908473 0.502178) 338 662 1
(0.920134 0.0237792 0.0507993 0.00528739) 339 665 1
(0.0933102 0.437251 0.409261 0.0601784) 339 664 2
(0.776908 0.0954026 0.0583159 0.0693737) 340 620 1
(0.121413 0.423158 0.267243 0.188187) 340 666 2
(0.06992 0.237982 0.449945 0.242153) 340 667 2
(0.510329 0.228689 0.163448 0.0975336) 341 622 1
(0.194827 0.418727 0.262536 0.12391) 341 669 1
(0.185467 0.391118 0.0756302 0.347784) 341 668 2
(0.35956 0.110921 0.304092 0.225426) 341 669 2
(0.117711 0.457289 0.322372 0.102627) 342 624 1
(0.402137 0.0692176 0.282788 0.245858) 342 668 1
(0.649454 0.054953 0.118754 0.176838) 342 670 1
(0.29768 0.335259 0.0139559 0.353105) 343 670 2
(0.752177 0.113118 0.0243545 0.11035) 343 672 2
(0.0314838 0.0868055 0.475511 0.4062) 343 673 2
(0.19893 0.4025 0.1952 0.203371) 344 672 2
(0.225951 0.403149 0.111 0.2599) 344 675 1
(0.410486 0.219764 0.0591251 0.310625) 344 628 2
(0.303508 0.0591306 0.304856 0.332506) 344 674 1
(0.12044 0.423645 0.420071 0.0358448) 345 674 2
(0.620214 0.202906 0.163485 0.0133948) 345 677 1
(0.403052 0.208899 0.0745826 0.313466) 345 676 1
(0.54694 0.236834 0.000353989 0.215872) 346 676 2
(0.503666 0.232015 0.134444 0.129875) 346 678 2
(0.0408752 0.00795288 0.495691 0.455481) 347 678 1
(0.562268 0.208757 0.135055 0.0939197) 347 678 2
(0.456187 0.021272 0.234514 0.288026) 347 634 2
(0.0707761 0.0270365 0.421439 0.480748) 347 680 1
(0.570451 0.230879 0.0746355 0.124034) 348 680 2
(0.479209 0.244246 0.267058 0.0094867) 348 682 2
(0.471464 0.160342 0.261336 0.106858) 349 682 1
(0.0852642 0.42741 0.0139386 0.473387) 349 638 2
(0.577566 0.0105586 0.193113 0.218762) 349 684 1
(0.0108889 0.506176 0.349072 0.133863) 350 684 2
(0.373466 0.0161215 0.325291 0.285121) 350 684 1
(0.472 0.28015 0.244947 0.0029028) 350 640 1
(0.212293 0.231599 0.409996 0.146113) 350 687 2
(0.0864746 0.472893 0.289918 0.150714) 350 686 2
(0.018331 0.475291 0.377609 0.128769) 351 689 1
(0.859727 0.0852897 0.00238773 0.052596) 351 642 1
(0.184488 0.381102 0.0417731 0.392637) 351 688 1
(0.124074 0.260204 0.193585 0.422137) 352 644 2
(0.753142 0.138 0.102189 0.00666829) 352 691 1
(0.282963 0.13844 0.204419 0.374178) 352 690 1
(0.306445 0.332587 0.355013 0.00595454) 353 690 2
(0.486208 0.10712 0.165865 0.240807) 353 646 2
(0.392434 0.287661 0.160757 0.159148) 353 693 1
(0.287613 0.372302 0.0266152 0.31347) 354 694 2
(0.536717 0.169524 0.247739 0.0460194) 354 695 2
(0.229646 0.401313 0.209398 0.159643) 354 648 1
(0.0601958 0.293905 0.486044 0.159855) 354 692 1
(0.518464 0.256901 0.0731778 0.151456) 355 650 1
(0.0828736 0.132849 0.474658 0.309619) 355 694 1
(0.370515 0.298787 0.170988 0.159709) 355 696 2
(0.171075 0.396809 0.430604 0.00151168) 355 697 2
(0.579375 0.205615 0.0464886 0.168522) 356 696 2
(0.0259616 0.500461 0.37777 0.0958075) 356 698 2
(0.17899 0.250773 0.394371 0.175866) 356 699 2
(0.250604 0.390624 0.315246 0.0435263) 357 654 1
(0.236922 0.397688 0.149779 0.21561) 357 701 1
(0.0868426 0.47272 0.170265 0.270173) 357 700 2
(0.216364 0.0781335 0.407962 0.297541) 357 701 2
(0.520599 0.22356 0.174934 0.0809064) 358 656 1
(0.123308 0.454488 0.191532 0.230673) 358 703 1
(0.194016 0.386864 0.00398541 0.415134) 358 702 2
(0.439858 0.0178274 0.26402 0.278294) 358 703 2
(0.633766 0.171361 0.0297628 0.16511) 359 702 2
(0.162301 0.15879 0.276197 0.402713) 359 657 2
(0.417135 0.0314537 0.307562 0.24385) 359 704 2
(0.545748 0.229922 0.0749994 0.149331) 360 1495 1
(0.290581 0.361787 0.312548 0.0350844) 360 705 2
(0.692544 0.137715 0.117284 0.0524564) 361 705 2
(0.0035625 0.344739 0.514368 0.137331) 361 708 2
(0.323405 0.354444 0.181053 0.141098) 361 707 2
(0.0423828 0.49496 0.350969 0.111688) 362 710 1
(0.636141 0.192543 0.166226 0.00509002) 362 707 2
(0.171669 0.303677 0.430306 0.094348) 362 710 2
(0.407856 0.312124 0.0552993 0.22472) 362 709 2
(0.175822 0.0658745 0.395941 0.362362) 363 709 1
(0.382092 0.324878 0.082756 0.210275) 363 665 1
(0.489265 0.190094 0.270958 0.0496837) 363 712 2
(0.208085 0.138966 0.272909 0.38004) 363 665 2
(0.0841528 0.280999 0.44202 0.192829) 364 711 1
(0.0558675 0.488041 0.209877 0.246215) 364 667 1
(0.780281 0.0846199 0.0937425 0.0413566) 364 714 2
(0.0222848 0.447418 0.472722 0.0575751) 365 713 1
(0.94057 0.0196706 0.0144412 0.0253178) 365 669 2
(0.00463728 0.487918 0.385755 0.12169) 365 715 2
(0.0564295 0.455652 0.244608 0.24331) 366 718 1
(0.625573 0.17108 0.162166 0.0411812) 366 671 1
(0.207273 0.147679 0.39498 0.250068) 366 718 2
(0.101527 0.433096 0.152992 0.312385) 366 717 2
(0.177857 0.395033 0.333962 0.0931476) 367 673 1
(0.607442 0.0224728 0.189431 0.180654) 367 719 1
(0.424779 0.271469 0.293297 0.0104547) 367 720 1
(0.341769 0.260675 0.31297 0.0845869) 368 719 1
(0.70788 0.129912 0.117848 0.0443593) 368 721 2
(0.242202 0.395041 0.110044 0.252713) 369 721 2
(0.549163 0.129125 0.112445 0.209267) 369 677 2
(0.133457 0.417122 0.099417 0.350004) 369 724 1
(0.216072 0.0580798 0.317745 0.408104) 369 723 1
(0.14219 0.412755 0.341711 0.103344) 370 723 2
(0.148845 0.379642 0.0621008 0.409411) 370 679 2
(0.532527 0.249873 0.117015 0.100585) 370 726 1
(0.31386 0.210934 0.116125 0.359081) 370 725 1
(0.158067 0.426404 0.0102984 0.40523) 371 681 2
(0.520863 0.240571 0.181526 0.0570399) 371 728 1
(0.376366 0.199616 0.128343 0.295676) 371 727 1
(0.136228 0.441021 0.397302 0.0254492) 372 683 1
(0.233162 0.367275 0.260978 0.138585) 372 730 1
(0.118148 0.457076 0.105667 0.31911) 372 729 2
(0.390953 0.0726765 0.288423 0.247948) 372 730 2
(0.524177 0.238334 0.154808 0.0826806) 373 685 1
(0.19737 0.417384 0.276644 0.108602) 373 732 1
(0.215055 0.376332 0.251275 0.157338) 373 731 2
(0.00427222 0.315366 0.513851 0.16651) 373 732 2
(0.735903 0.12752 0.0492641 0.0873129) 374 731 2
(0.31311 0.291638 0.0612874 0.333965) 374 733 1
(0.63807 0.0322819 0.166267 0.163382) 375 733 1
(0.175288 0.298877 0.0973356 0.4285) 375 689 2
(0.410898 0.0491961 0.261496 0.27841) 375 735 1
(0.177978 0.394876 0.331604 0.0955417) 376 735 2
(0.314837 0.35875 0.213815 0.112598) 376 738 1
(0.56635 0.15116 0.0495642 0.232926) 376 691 2
(0.143319 0.159463 0.412208 0.285011) 376 738 2
(0.121383 0.455282 0.119833 0.303502) 377 737 2
(0.00853684 0.511781 0.203046 0.276636) 377 740 1
(0.474545 0.0270263 0.233449 0.264979) 377 693 2
(0.108398 0.172566 0.460931 0.258104) 377 740 2
(0.536002 0.248139 0.190998 0.0248617) 378 739 2
(0.505291 0.26305 0.134353 0.0973063) 378 741 2
(0.447578 0.26222 0.0307776 0.259424) 379 741 2
(0.600336 0.128273 0.0876998 0.183691) 379 743 1
(0.0584578 0.454641 0.460973 0.0259288) 380 743 2
(0.79919 0.0842706 0.0088633 0.107676) 380 743 2
(0.162878 0.402473 0.427167 0.00748175) 380 745 2
(0.791381 0.0183696 0.120453 0.069797) 381 745 1
(0.248934 0.278944 0.0867735 0.385349) 381 747 1
(0.708968 0.00284134 0.161659 0.126532) 382 747 1
(0.355259 0.325927 0.307539 0.0112746) 382 749 2
(0.479893 0.258245 0.0178436 0.244018) 383 1527 1
(0.579952 0.0650294 0.194207 0.160812) 383 749 1
(0.353715 0.324973 0.0630513 0.258261) 384 706 1
(0.278948 0.344413 0.145375 0.231263) 384 753 1
(0.530937 0.0185936 0.232081 0.218389) 384 706 2
(0.102469 0.101755 0.464911 0.330865) 384 753 2
(0.126032 0.423991 0.112631 0.337346) 385 708 1
(0.692672 0.145297 0.0657551 0.0962754) 385 755 1
(0.156177 0.304708 0.122893 0.416222) 385 754 1
(0.818527 0.0313494 0.106307 0.0438162) 386 754 1
(0.221555 0.37308 0.382009 0.0233562) 386 756 2
(0.75404 0.106814 0.10324 0.0359066) 387 756 2
(0.292425 0.34493 0.185182 0.177464) 387 758 2
(0.0267135 0.326483 0.488647 0.158157) 387 759 2
(0.519561 0.230219 0.0715123 0.178708) 388 714 1
(0.180305 0.408271 0.36427 0.0471537) 388 761 1
(0.370575 0.00613108 0.292446 0.330848) 388 714 2
(0.330196 0.220377 0.318836 0.13059) 388 761 2
(0.21793 0.3749 0.190715 0.216454) 389 716 1
(0.194218 0.14967 0.40358 0.252532) 389 760 1
(0.086181 0.162926 0.277887 0.473006) 389 716 2
(0.636845 0.0979816 0.16833 0.0968427) 389 763 2
(0.14914 0.305917 0.409456 0.135488) 390 762 1
(0.891805 0.00822219 0.0620232 0.03795) 390 764 1
(0.0853384 0.473428 0.0259009 0.415333) 391 764 2
(0.695922 0.13444 0.0337355 0.135903) 391 720 2
(0.0171815 0.507547 0.225775 0.249496) 391 766 2
(0.18631 0.0930706 0.416429 0.30419) 391 767 2
(0.261285 0.364005 0.335476 0.0392332) 392 722 1
(0.412658 0.296423 0.209655 0.0812639) 392 769 1
(0.0650256 0.0260266 0.426099 0.482849) 392 722 2
(0.47477 0.0705148 0.183906 0.270809) 392 768 1
(0.475771 0.169337 0.273738 0.0811535) 393 768 1
(0.573318 0.220244 0.00910802 0.19733) 393 770 1
(0.376615 0.29559 0.123147 0.204649) 394 770 2
(0.0964972 0.436671 0.030241 0.43659) 394 773 1
(0.583007 0.0446891 0.147662 0.224642) 394 726 2
(0.022649 0.174539 0.329923 0.472889) 394 772 1
(0.803892 0.112765 0.032595 0.0507477) 395 772 2
(0.25438 0.356668 0.189588 0.199365) 395 774 2
(0.872493 0.022573 0.0476123 0.0573213) 396 774 1
(0.174065 0.396872 0.375242 0.0538206) 396 776 2
(0.0526237 0.489826 0.42848 0.0290708) 396 777 1
(0.776742 0.0521813 0.112121 0.0589555) 397 776 1
(0.272218 0.208255 0.167941 0.351587) 397 778 1
(0.188759 0.390033 0.0636312 0.357577) 398 734 1
(0.494964 0.23712 0.17612 0.0917956) 398 781 1
(0.381426 0.175793 0.117424 0.325357) 398 734 2
(0.302221 0.0341155 0.365035 0.298629) 398 781 2
(0.217348 0.407456 0.196362 0.178835) 399 780 2
(0.108671 0.435492 0.21989 0.235946) 399 783 1
(0.768182 0.0317618 0.100299 0.099757) 399 736 2
(0.118632 0.42453 0.0353906 0.421447) 400 782 2
(0.899958 0.0130912 0.0661422 0.020809) 400 785 2
(0.0322028 0.394874 0.483226 0.0896974) 401 784 1
(0.737566 0.115046 0.0210567 0.126331) 401 787 1
(0.0500309 0.333789 0.125109 0.491072) 401 786 1
(0.00705579 0.50077 0.257467 0.234707) 402 742 1
(0.19531 0.161325 0.257154 0.386211) 402 742 2
(0.664622 0.18384 0.0295242 0.122014) 402 789 1
(0.140888 0.165504 0.248091 0.445517) 402 788 1
(0.387899 0.28992 0.0223632 0.299818) 403 744 1
(0.564278 0.025584 0.208421 0.201717) 403 744 2
(0.296374 0.335666 0.110329 0.257631) 403 791 1
(0.170264 0.00347548 0.39532 0.430941) 403 790 1
(0.244968 0.393611 0.0374185 0.324003) 404 746 1
(0.246556 0.236946 0.137585 0.378912) 404 746 2
(0.496468 0.235686 0.133489 0.134357) 404 793 1
(0.275237 0.0952511 0.267586 0.361926) 404 792 1
(0.237641 0.380126 0.33473 0.0475021) 405 792 2
(0.429787 0.166448 0.134798 0.268967) 405 748 2
(0.40924 0.279244 0.17399 0.137527) 405 795 1
(0.311808 0.00220277 0.332913 0.353076) 405 795 2
(0.196427 0.417908 0.240755 0.144909) 406 794 2
(0.541946 0.150973 0.0941899 0.212892) 406 750 2
(0.255769 0.358364 0.192424 0.193444) 406 797 1
(0.19889 0.0998816 0.384413 0.316815) 406 797 2
(0.116057 0.458102 0.216633 0.209208) 407 796 2
(0.206145 0.410712 0.205568 0.177575) 407 798 1
(0.424945 0.0276432 0.269967 0.277445) 407 751 2
(0.153977 0.162981 0.438824 0.244217) 407 798 2
(0.480014 0.215759 0.253248 0.0509795) 408 1497 2
(0.47804 0.113366 0.163755 0.244839) 408 799 1
(0.524303 0.0175041 0.213395 0.244798) 409 755 2
(0.487927 0.270827 0.137502 0.103744) 409 799 2
(0.000388 0.155737 0.328431 0.515444) 409 801 1
(0.39544 0.318433 0.00106174 0.285065) 410 757 1
(0.276021 0.173998 0.181111 0.368869) 410 757 2
(0.447099 0.292504 0.0065615 0.253836) 410 804 1
(0.045263 0.272465 0.217042 0.46523) 410 803 1
(0.119052 0.45662 0.118897 0.305431) 411 759 1
(0.732992 0.128724 0.0434105 0.0948736) 411 806 1
(0.114184 0.382172 0.0768879 0.426756) 411 805 1
(0.840243 0.0927046 0.00240678 0.0646454) 412 805 2
(0.196311 0.417961 0.306084 0.0796441) 412 807 2
(0.0439665 0.461921 0.33139 0.162722) 413 810 1
(0.651947 0.162594 0.0552831 0.130175) 413 763 1
(0.194904 0.240587 0.418679 0.145831) 413 810 2
(0.271771 0.380248 0.122443 0.225538) 413 809 2
(0.293465 0.0209476 0.369394 0.316194) 414 809 1
(0.387185 0.290263 0.163611 0.15894) 414 765 1
(0.48806 0.104441 0.272096 0.135402) 414 812 2
(0.21522 0.0443097 0.351016 0.389454) 414 765 2
(0.290761 0.189013 0.339146 0.18108) 415 811 1
(0.0318634 0.467948 0.323569 0.176619) 415 767 1
(0.726762 0.06297 0.0897589 0.120509) 415 813 1
(0.221398 0.373159 0.0509837 0.354459) 416 813 2
(0.708206 0.0612691 0.0895913 0.140933) 416 769 2
(0.119258 0.449811 0.238052 0.192879) 417 815 2
(0.10054 0.438245 0.359234 0.101981) 417 818 1
(0.305707 0.312322 0.0442271 0.337744) 417 771 2
(0.299423 0.222973 0.334176 0.143428) 417 818 2
(0.0198992 0.505775 0.431897 0.0424291) 418 817 2
(0.204325 0.148321 0.413931 0.233423) 418 817 1
(0.701651 0.0718672 0.160966 0.0655152) 418 820 2
(0.0979074 0.431805 0.434882 0.0354057) 419 819 1
(0.219546 0.305727 0.0717879 0.402938) 419 775 2
(0.329062 0.319629 0.0374105 0.313898) 419 822 1
(0.111421 0.279611 0.148544 0.460424) 419 821 1
(0.489796 0.251802 0.0018191 0.256582) 420 777 2
(0.0369584 0.485223 0.147182 0.330636) 420 823 2
(0.354013 0.0263274 0.306863 0.312797) 420 824 2
(0.434599 0.212919 0.0841512 0.26833) 421 779 2
(0.442447 0.282545 0.220624 0.0543842) 421 826 1
(0.249722 0.124083 0.391224 0.234971) 421 826 2
(0.0905823 0.470842 0.170036 0.26854) 422 825 2
(0.821027 0.0688251 0.0161932 0.0939543) 422 781 2
(0.0557701 0.471634 0.274001 0.198595) 422 828 1
(0.0077784 0.480474 0.503329 0.00841832) 422 827 2
(0.791845 0.118391 0.014328 0.0754351) 423 830 1
(0.0858576 0.191332 0.262073 0.460737) 423 783 2
(0.071941 0.273981 0.206122 0.447956) 423 829 1
(0.25554 0.379001 0.129857 0.235602) 424 785 1
(0.473659 0.278944 0.0115499 0.235847) 424 832 1
(0.370029 0.0631192 0.268022 0.29883) 424 785 2
(0.0869404 0.128775 0.325611 0.458673) 424 831 1
(0.448771 0.291342 0.00673732 0.25315) 425 787 1
(0.265497 0.376045 0.0553786 0.30308) 425 834 1
(0.532274 0.0235898 0.226328 0.217808) 425 787 2
(0.170341 0.00619752 0.392552 0.430909) 425 833 1
(0.379992 0.298952 0.234394 0.0866615) 426 833 2
(0.112146 0.428402 0.121333 0.338118) 426 836 1
(0.666417 0.151953 0.0256898 0.155939) 426 835 2
(0.286038 0.37289 0.0380538 0.303019) 427 835 2
(0.74332 0.144484 0.109424 0.00277196) 427 837 2
(0.276711 0.321218 0.375738 0.0263325) 428 837 1
(0.76122 0.013464 0.113494 0.111822) 428 793 2
(0.171517 0.412087 0.106017 0.310378) 429 839 2
(0.849189 0.010101 0.0491717 0.0915387) 429 795 2
(0.120123 0.0713259 0.37501 0.433542) 429 841 1
(0.888362 0.0396862 0.0672367 0.0047155) 430 843 2
(0.085484 0.441118 0.00232125 0.471077) 431 843 2
(0.597905 0.0726644 0.118561 0.21087) 431 1529 1
(0.480025 0.243876 0.261273 0.0148257) 432 1498 1
(0.068833 0.449653 0.275948 0.205565) 432 847 1
(0.569678 0.211124 0.070095 0.149104) 432 846 2
(0.526182 0.124783 0.0966096 0.252425) 433 802 2
(0.116974 0.44584 0.0940844 0.343102) 433 802 1
(0.302938 0.0793795 0.364082 0.2536) 433 846 1
(0.0521946 0.362796 0.484505 0.100504) 433 849 2
(0.573492 0.197159 0.0877964 0.141553) 434 848 2
(0.466667 0.250555 0.109852 0.172926) 434 850 2
(0.00899767 0.419493 0.510776 0.0607339) 434 851 2
(0.520473 0.229031 0.231861 0.0186345) 435 850 2
(0.111093 0.0227933 0.446014 0.4201) 435 850 1
(0.414905 0.0480789 0.228332 0.308684) 435 806 2
(0.294436 0.309428 0.357968 0.0381682) 435 853 2
(0.268714 0.349537 0.0914275 0.290321) 436 808 1
(0.0548267 0.191135 0.468737 0.285301) 436 852 1
(0.107337 0.238881 0.19145 0.462332) 436 808 2
(0.593137 0.190447 0.192026 0.024389) 436 855 2
(0.0195544 0.362627 0.142078 0.475741) 436 854 1
(0.895382 0.0489676 0.0359231 0.0197275) 437 857 1
(0.110734 0.428967 0.42156 0.0387393) 437 856 2
(0.787878 0.122198 0.0465556 0.0433682) 438 812 1
(0.102796 0.458854 0.262552 0.175798) 438 858 2
(0.0655375 0.243341 0.474948 0.216173) 438 859 2
(0.566297 0.10904 0.11724 0.207423) 439 814 2
(0.371208 0.29832 0.226893 0.10358) 439 861 1
(0.0870592 0.185189 0.255151 0.472601) 439 860 1
(0.324344 0.353948 0.041126 0.280582) 440 816 1
(0.102688 0.271458 0.162191 0.463662) 440 816 2
(0.560967 0.203476 0.0153012 0.220255) 440 863 1
(0.0499978 0.364763 0.0942582 0.490981) 440 862 1
(0.900452 0.0391997 0.0590946 0.00125406) 441 862 1
(0.148395 0.441909 0.335959 0.0737363) 441 864 2
(0.620665 0.175858 0.0907975 0.11268) 442 820 1
(0.221752 0.394158 0.0785197 0.30557) 442 866 2
(0.226675 0.0899766 0.402774 0.280575) 442 867 2
(0.638716 0.174596 0.184229 0.00245944) 443 866 1
(0.377427 0.312763 0.158775 0.151036) 443 868 2
(0.115939 0.425857 0.286044 0.172161) 444 824 1
(0.463684 0.256747 0.148866 0.130703) 444 871 1
(0.238028 0.358385 0.019045 0.384542) 444 870 1
(0.768654 0.0995515 0.0451355 0.0866594) 445 870 2
(0.135874 0.398656 0.0233469 0.442124) 445 872 1
(0.739543 0.120426 0.102221 0.0378091) 446 875 1
(0.137602 0.229286 0.186386 0.446726) 446 828 2
(0.233854 0.156077 0.210921 0.399148) 446 874 1
(0.331205 0.321072 0.0118223 0.335901) 447 830 1
(0.37403 0.297506 0.139867 0.188597) 447 877 1
(0.502518 0.0790911 0.168206 0.250185) 447 830 2
(0.209489 0.0225474 0.411345 0.356619) 447 877 2
(0.35824 0.305016 0.190847 0.145898) 448 876 2
(0.019827 0.477513 0.164174 0.338486) 448 879 1
(0.645521 0.161116 0.0829481 0.110415) 448 878 2
(0.343429 0.312215 0.0531627 0.291194) 449 878 2
(0.698043 0.136371 0.153374 0.0122118) 449 880 2
(0.0617228 0.0988362 0.386399 0.453042) 450 836 2
(0.750751 0.0176435 0.140601 0.0910049) 450 883 2
(0.260226 0.32598 0.384372 0.0294224) 450 880 1
(0.151682 0.440116 0.289647 0.118555) 451 838 1
(0.18553 0.247012 0.423168 0.14429) 451 882 1
(0.220507 0.038197 0.352383 0.388913) 451 838 2
(0.590639 0.116119 0.220805 0.0724372) 451 885 2
(0.326722 0.344348 0.205797 0.123133) 452 840 1
(0.164967 0.18422 0.42863 0.222182) 452 884 1
(0.00749097 0.159372 0.353022 0.480116) 452 840 2
(0.044575 0.294939 0.166638 0.493848) 452 886 1
(0.071966 0.427101 0.477771 0.0231624) 452 887 2
(0.0643592 0.45236 0.284024 0.199257) 453 842 1
(0.493617 0.229823 0.0263386 0.250221) 453 888 1
(0.339046 0.333219 0.205229 0.122506) 454 844 1
(0.351411 0.325119 0.311153 0.0123172) 454 891 1
(0.290627 0.34739 0.0224258 0.339557) 454 890 2
(0.355057 0.154491 0.317666 0.172786) 454 891 2
(0.163682 0.40901 0.24927 0.178039) 455 845 1
(0.288872 0.118918 0.359262 0.232948) 455 890 1
(0.479969 0.253141 0.160814 0.106076) 455 1530 2
(0.131335 0.219098 0.202057 0.44751) 456 847 2
(0.749415 0.110037 0.0967141 0.043834) 456 894 1
(0.212635 0.167714 0.210156 0.409495) 456 893 1
(0.727673 0.0531071 0.152294 0.0669253) 457 893 1
(0.321979 0.155766 0.175733 0.346522) 457 895 1
(0.148048 0.417264 0.012258 0.42243) 458 851 1
(0.715267 0.131362 0.133816 0.0195547) 458 898 1
(0.282568 0.288882 0.0559504 0.3726) 458 897 1
(0.67718 0.150852 0.0149316 0.157037) 459 897 2
(0.347234 0.321783 0.253212 0.0777701) 459 899 2
(0.00777494 0.480142 0.40214 0.109943) 460 902 1
(0.629594 0.186033 0.148436 0.0359374) 460 899 2
(0.149764 0.327608 0.440081 0.0825466) 460 902 2
(0.408794 0.301764 0.073485 0.215957) 460 901 2
(0.156642 0.0697101 0.43775 0.335898) 461 901 1
(0.403915 0.294218 0.070843 0.231024) 461 857 1
(0.446975 0.220936 0.289661 0.0424284) 461 904 2
(0.253275 0.123314 0.237279 0.386133) 461 857 2
(0.0656476 0.266193 0.480811 0.187349) 462 903 1
(0.0797088 0.445947 0.197882 0.276462) 462 859 1
(0.749582 0.109139 0.0060396 0.135239) 462 906 1
(0.0240193 0.42735 0.0445101 0.504121) 462 905 1
(0.933962 0.0164458 0.0420864 0.00750577) 463 905 1
(0.1073 0.436979 0.428196 0.027524) 463 907 2
(0.842477 0.0641973 0.00329751 0.0900281) 464 863 1
(0.202448 0.384116 0.21073 0.202706) 464 909 2
(0.42471 0.271823 0.161643 0.141824) 465 865 1
(0.157719 0.411647 0.0999701 0.330664) 465 912 1
(0.223105 0.0393916 0.347017 0.390486) 465 865 2
(0.230708 0.0642895 0.304429 0.400574) 465 911 1
(0.0233973 0.498961 0.312548 0.165094) 466 867 1
(0.559489 0.207195 0.153227 0.080089) 466 914 1
(0.335326 0.236878 0.0912331 0.336564) 466 913 1
(0.410544 0.285346 0.0282676 0.275842) 467 869 1
(0.170184 0.39887 0.255004 0.175942) 467 916 1
(0.078035 0.260601 0.208609 0.452756) 467 869 2
(0.457035 0.0403318 0.287618 0.215015) 467 916 2
(0.278387 0.353154 0.110435 0.258024) 468 915 2
(0.0271529 0.470747 0.107957 0.394143) 468 918 1
(0.590612 0.0201661 0.178605 0.210617) 468 871 2
(0.120299 0.0531839 0.455971 0.370546) 468 918 2
(0.225616 0.371844 0.0356212 0.366918) 469 873 1
(0.422957 0.272419 0.160468 0.144156) 469 920 1
(0.166778 0.288613 0.112664 0.431944) 469 873 2
(0.329044 0.0640319 0.255986 0.350938) 469 919 1
(0.230573 0.371964 0.318805 0.0786592) 470 919 2
(0.263318 0.352563 0.204756 0.179364) 470 922 1
(0.581649 0.118361 0.076204 0.223786) 470 875 2
(0.12343 0.149434 0.454384 0.272752) 470 922 2
(0.162471 0.403705 0.140653 0.293172) 471 921 2
(0.842437 0.0639888 0.0359341 0.0576405) 471 923 2
(0.11078 0.391556 0.456113 0.0415506) 472 923 1
(0.164525 0.0934324 0.320047 0.421996) 472 879 2
(0.707051 0.114055 0.15896 0.0199342) 472 926 2
(0.293681 0.344497 0.155424 0.206398) 473 881 1
(0.0509815 0.246964 0.488012 0.214042) 473 925 1
(0.372684 0.0321448 0.266367 0.328804) 473 881 2
(0.435288 0.265131 0.297482 0.002099) 473 928 2
(0.00736136 0.171528 0.309886 0.511224) 473 927 1
(0.455867 0.262663 0.0327406 0.24873) 474 883 1
(0.52492 0.231073 0.0460867 0.19792) 474 929 2
(0.195858 0.390557 0.0380456 0.37554) 474 930 1
(0.0939548 0.00929323 0.432791 0.463961) 474 929 1
(0.433599 0.272906 0.163492 0.130004) 475 929 2
(0.608879 0.18117 0.0932071 0.116743) 475 931 2
(0.016905 0.481312 0.078311 0.423471) 475 932 1
(0.349938 0.313539 0.0807207 0.255802) 476 931 2
(0.448786 0.180938 0.284274 0.0860027) 476 934 2
(0.00181536 0.488665 0.391923 0.117597) 476 933 2
(0.0207179 0.476865 0.393298 0.109119) 477 889 1
(0.323073 0.328308 0.149769 0.19885) 477 935 2
(0.562896 0.208331 0.065424 0.163349) 477 936 1
(0.708098 0.129964 0.0249414 0.136997) 478 935 2
(0.322176 0.323966 0.325444 0.0284144) 478 937 2
(0.22314 0.128425 0.243975 0.40446) 479 892 2
(0.641235 0.16325 0.118422 0.0770926) 479 937 2
(0.355331 0.068083 0.338385 0.238201) 479 939 2
(0.47999 0.244263 0.230626 0.0451211) 480 1500 1
(0.569716 0.200725 0.10097 0.128589) 480 940 2
(0.00828123 0.479771 0.27221 0.239738) 480 941 1
(0.0272836 0.470256 0.497302 0.00515905) 481 943 1
(0.487623 0.21553 0.0247766 0.27207) 481 896 2
(0.116016 0.0367349 0.389136 0.458112) 481 942 1
(0.43382 0.123298 0.143669 0.299212) 482 898 2
(0.256836 0.357385 0.263947 0.121832) 482 942 2
(0.113884 0.152141 0.275632 0.458343) 482 944 1
(0.287525 0.340468 0.0658405 0.306167) 482 945 1
(0.283656 0.342245 0.371972 0.00212642) 483 944 2
(0.139192 0.308767 0.105515 0.446526) 483 900 2
(0.564071 0.202841 0.0902508 0.142837) 483 947 1
(0.184641 0.267263 0.124457 0.423639) 483 946 1
(0.82711 0.0703134 0.0945077 0.00806866) 484 949 1
(0.0040328 0.444265 0.512795 0.0389071) 485 948 1
(0.961338 0.00490673 0.00955443 0.0242013) 485 904 1
(0.0639563 0.453023 0.373202 0.109819) 485 950 2
(0.66622 0.153099 0.133874 0.0468063) 486 906 1
(0.0521821 0.457811 0.25691 0.233097) 486 953 1
(0.228667 0.116764 0.40176 0.252808) 486 953 2
(0.0197536 0.480533 0.238952 0.260761) 487 952 2
(0.451383 0.266138 0.274751 0.00772758) 487 908 1
(0.283912 0.34193 0.235905 0.138254) 487 955 1
(0.0365625 0.482422 0.172379 0.308637) 487 954 2
(0.353401 0.0630267 0.339413 0.244159) 487 955 2
(0.260174 0.358052 0.329811 0.0519619) 488 910 1
(0.428878 0.270608 0.270645 0.0298692) 488 957 1
(0.041658 0.0448746 0.418584 0.494883) 488 910 2
(0.511959 0.0410794 0.186886 0.260075) 488 956 1
(0.737636 0.115231 0.0855142 0.061619) 489 959 1
(0.183351 0.378068 0.0143589 0.424221) 489 958 1
(0.769817 0.0989623 0.0860594 0.0451609) 490 958 2
(0.280838 0.343538 0.164596 0.211028) 490 960 2
(0.940936 0.0135747 0.0336382 0.0118515) 491 962 2
(0.000739454 0.483544 0.360217 0.1555) 491 962 2
(0.0374925 0.465134 0.265821 0.231553) 495 924 1
(0.229344 0.124249 0.245285 0.401121) 495 924 2
(0.420607 0.273603 0.0298043 0.275986) 496 926 1
(0.511935 0.22791 0.0473355 0.21282) 496 972 2
(0.480927 0.243728 0.152734 0.12261) 497 972 2
(0.549626 0.209626 0.148111 0.0926365) 497 974 2
(0.406181 0.280779 0.0268427 0.286197) 498 974 2
(0.62762 0.147063 0.0230024 0.202314) 498 976 1
(0.330638 0.252075 0.350808 0.0664786) 499 976 1
(0.695954 0.0288344 0.107207 0.168005) 499 978 1
(0.0584734 0.0550829 0.404727 0.481717) 499 932 2
(0.670836 0.14846 0.142202 0.0385023) 500 978 2
(0.0808694 0.44972 0.408352 0.0610585) 501 980 2
(0.03063 0.0802054 0.388354 0.500811) 501 936 2
(0.757579 0.0134586 0.136422 0.0925406) 501 980 1
(0.212802 0.299327 0.0784563 0.409414) 502 938 2
(0.45379 0.257072 0.112571 0.176566) 502 985 1
(0.69001 0.139123 0.132229 0.0386377) 503 986 1
(0.101333 0.433209 0.0803163 0.385142) 503 939 1
(0.400837 0.283612 0.3046 0.0109506) 505 943 1
(0.45203 0.258005 0.150919 0.139046) 507 991 2
(0.57774 0.0002687 0.195296 0.226695) 507 947 2
(0.386567 0.291684 0.30348 0.0182684) 508 993 2
(0.271142 0.138092 0.210837 0.379929) 508 949 2
(0.250055 0.358885 0.162626 0.228434) 509 951 1
(0.109684 0.171931 0.257096 0.46129) 509 951 2
)


// ************************************************************************* //
