/*--------------------------------*- C++ -*----------------------------------*\
  =========                 |
  \\      /  F ield         | OpenFOAM: The Open Source CFD Toolbox
   \\    /   O peration     | Website:  https://openfoam.org
    \\  /    A nd           | Version:  8
     \\/     M anipulation  |
\*---------------------------------------------------------------------------*/
FoamFile
{
    version     2.0;
    format      ascii;
    class       vectorField;
    location    "0/lagrangian/kinematicCloud";
    object      torque;
}
// * * * * * * * * * * * * * * * * * * * * * * * * * * * * * * * * * * * * * //


1578
(
(-2.08264e-07 1.596e-07 -5.5977e-07)
(-5.99463e-08 -1.0954e-06 7.9751e-07)
(2.00081e-06 -1.61837e-07 -1.2335e-07)
(8.47158e-07 -9.98234e-08 3.63669e-07)
(2.38302e-07 -9.76835e-08 -1.86265e-07)
(9.4279e-08 6.42102e-07 -2.74504e-07)
(6.43265e-08 2.62022e-07 -2.91838e-07)
(-8.08809e-08 -2.78765e-08 -4.67686e-07)
(1.57216e-07 8.81965e-08 4.72664e-07)
(3.57308e-07 3.99352e-07 -3.09452e-07)
(4.03464e-07 -2.28186e-08 2.02596e-07)
(4.36347e-07 -4.25155e-08 1.59796e-07)
(4.39665e-09 -1.5446e-08 5.69857e-07)
(2.86343e-08 -5.40991e-08 -1.62859e-07)
(1.26183e-07 2.29426e-07 3.10137e-08)
(-1.54661e-07 -2.68291e-07 -8.49582e-08)
(-6.03579e-08 1.86587e-07 -2.5718e-07)
(5.40475e-07 3.54606e-07 2.96262e-07)
(-2.14503e-07 -3.90697e-07 -3.66411e-07)
(-2.64126e-07 -2.63925e-07 4.30237e-07)
(7.47803e-08 -2.60165e-07 6.95892e-07)
(1.84525e-07 6.60413e-07 4.94655e-08)
(-7.49983e-08 -4.42329e-07 -7.25786e-07)
(2.28563e-07 2.90964e-07 -1.56891e-07)
(-1.72993e-07 4.16404e-07 8.39504e-07)
(-4.9597e-07 1.80628e-07 3.33954e-07)
(1.17061e-06 2.73481e-07 7.62083e-07)
(-1.34548e-06 -3.76049e-07 -2.44568e-07)
(1.36964e-07 -9.45389e-07 3.01732e-08)
(-1.15221e-07 1.84361e-08 7.18882e-08)
(1.10755e-07 -1.88275e-07 7.34507e-08)
(-4.54434e-08 -6.47538e-10 3.00197e-07)
(1.0618e-07 1.50499e-07 5.99898e-08)
(1.33218e-07 -9.43391e-09 -1.30917e-07)
(1.13247e-07 1.05457e-07 4.96326e-08)
(2.92707e-08 1.18667e-07 -3.0997e-07)
(2.65409e-07 1.32377e-07 -4.54524e-08)
(-3.64777e-08 7.58756e-09 1.74366e-08)
(-1.67211e-07 2.98055e-08 -6.38269e-07)
(1.27455e-09 2.55861e-07 2.43587e-08)
(-1.45105e-08 1.5101e-08 7.20444e-08)
(1.89256e-08 9.62345e-08 -1.12651e-07)
(1.40219e-07 -1.32235e-07 2.21391e-08)
(1.35951e-07 -7.87806e-08 1.55755e-07)
(1.80874e-07 3.66819e-07 -4.80446e-08)
(2.69565e-08 -1.17872e-07 -2.09638e-07)
(-1.27153e-07 -3.57729e-07 1.22782e-07)
(3.2831e-07 -1.77453e-08 1.10368e-08)
(-1.27199e-07 2.13356e-07 2.7715e-07)
(-1.59069e-07 3.58138e-07 -1.96846e-07)
(-7.71788e-08 -2.37753e-07 -1.56611e-07)
(-1.13622e-07 8.82238e-08 1.77264e-07)
(1.01788e-07 1.82481e-07 -1.28166e-07)
(1.61142e-07 -6.12275e-08 1.90111e-08)
(3.00846e-07 3.34317e-08 1.17082e-07)
(6.26966e-07 2.11779e-07 9.99315e-07)
(-5.05499e-07 -1.27146e-06 -9.80998e-08)
(-3.96353e-08 -5.40004e-08 -5.61676e-07)
(4.49612e-07 -2.61913e-08 -4.19123e-07)
(-3.86723e-07 1.06709e-07 1.05744e-06)
(-6.66246e-07 8.14299e-07 3.77465e-08)
(4.81944e-07 6.23859e-07 -1.06196e-08)
(6.17643e-07 -4.53393e-07 1.18949e-06)
(-2.5023e-07 7.5142e-08 5.47367e-07)
(4.14137e-07 2.35174e-07 -9.22606e-07)
(-1.46479e-07 -2.37771e-07 -8.0214e-07)
(-6.64778e-09 -3.20153e-07 7.18393e-07)
(2.25794e-09 -3.17357e-07 -1.55658e-06)
(-2.76188e-07 2.66769e-07 -7.39332e-07)
(-7.25724e-07 -9.46923e-09 7.88534e-06)
(-2.0433e-07 -6.39012e-07 -3.38783e-07)
(-6.18348e-07 -4.55233e-07 7.19199e-06)
(7.41949e-08 9.67342e-08 1.00405e-07)
(-8.21942e-08 1.91106e-06 -1.82162e-06)
(-4.42523e-07 -2.491e-07 -3.76494e-06)
(-1.76839e-06 1.63015e-06 -2.76432e-06)
(-4.2565e-07 1.31848e-07 -1.17493e-06)
(3.30608e-06 -9.16646e-07 1.00246e-06)
(4.09365e-07 1.82131e-07 1.62012e-07)
(-2.20746e-07 3.2362e-07 -1.44781e-06)
(-3.54438e-07 4.9647e-08 -7.84374e-08)
(-5.81964e-07 -3.07629e-07 -4.52025e-07)
(-8.04144e-08 -1.98361e-07 4.38141e-07)
(1.02869e-07 1.63529e-07 1.13616e-07)
(3.57953e-07 1.227e-07 -9.7357e-08)
(-2.19022e-07 1.75094e-07 -1.25648e-07)
(-3.9443e-07 3.62471e-08 7.41323e-07)
(2.93627e-07 -1.04202e-07 -7.09708e-08)
(1.80281e-07 -1.19269e-07 -1.28729e-07)
(-3.32937e-07 -1.68752e-08 -2.35641e-08)
(-3.21348e-07 -1.64723e-08 1.18839e-07)
(4.16745e-07 -5.4438e-07 -3.15698e-07)
(-1.11284e-06 -5.23889e-07 -1.5758e-07)
(-3.24409e-07 4.93139e-08 1.31352e-07)
(-5.46506e-08 -7.96339e-07 2.14103e-08)
(1.5054e-06 -7.22988e-07 -3.93387e-06)
(-1.8078e-07 -2.38897e-07 5.91422e-07)
(8.06218e-08 2.07399e-07 -8.49648e-07)
(-1.46748e-07 9.62041e-08 -1.35836e-07)
(-8.40762e-08 -4.5676e-07 -3.59865e-07)
(6.10701e-07 -4.68016e-07 -9.57844e-07)
(1.10609e-06 -8.64405e-07 -7.39425e-07)
(3.86929e-07 4.13845e-08 2.66074e-07)
(1.00905e-06 1.33688e-06 -2.07332e-07)
(-3.9145e-07 -3.87895e-07 -2.91783e-07)
(7.19773e-07 6.14085e-07 -2.41231e-06)
(5.96113e-07 2.02353e-07 -3.02186e-07)
(-8.7156e-07 -3.30906e-07 1.10072e-06)
(-1.81697e-07 -1.57221e-07 1.52848e-07)
(1.92179e-08 4.63708e-07 -1.28425e-07)
(2.3184e-07 -4.00322e-08 -6.68241e-08)
(-3.20872e-08 1.49176e-08 -3.04001e-07)
(-1.4967e-07 -5.64482e-08 5.97946e-07)
(-1.4317e-07 -2.76638e-07 -6.82508e-08)
(-1.34659e-07 -2.70004e-07 3.29002e-08)
(4.61447e-08 1.62568e-08 1.1806e-07)
(-7.94856e-08 -2.64214e-07 1.14628e-07)
(6.36196e-07 -2.21081e-08 -1.80636e-07)
(-2.90913e-07 -4.47435e-07 3.3897e-08)
(1.99257e-07 1.89863e-07 2.50929e-08)
(1.98261e-07 2.14056e-07 -1.01345e-07)
(5.29445e-07 -5.86075e-07 2.06102e-07)
(7.49226e-07 1.05477e-08 5.98025e-08)
(5.07542e-07 6.7665e-07 3.29756e-07)
(6.83092e-07 -1.55772e-08 -4.90123e-08)
(2.23718e-07 7.01465e-07 1.29813e-07)
(1.23451e-07 3.02703e-07 -6.34949e-08)
(1.02975e-07 1.3651e-07 -1.0304e-07)
(-6.64833e-07 -3.20883e-07 -2.23431e-08)
(5.24415e-07 1.49901e-06 3.82213e-07)
(6.42353e-07 6.09454e-07 -2.46485e-07)
(-9.30961e-08 9.34835e-08 4.06995e-07)
(-4.69289e-07 -4.14419e-07 8.44408e-07)
(-5.77001e-07 -5.51943e-07 6.71912e-07)
(2.55644e-07 1.26946e-07 -7.53528e-07)
(-7.77843e-07 -5.98693e-07 2.8483e-07)
(1.77478e-07 1.60829e-07 -3.92689e-07)
(-2.2403e-07 1.72061e-07 -1.17867e-06)
(1.26747e-07 -1.74147e-07 5.28733e-08)
(-8.56879e-07 5.75764e-07 -2.64972e-07)
(-5.75871e-07 2.74497e-07 1.34427e-06)
(-5.18928e-07 -1.15993e-07 -5.26769e-07)
(8.05064e-08 5.58481e-07 -3.04349e-07)
(5.55862e-08 1.19929e-07 -2.08385e-06)
(5.90328e-08 -9.00156e-08 3.76155e-07)
(-2.43062e-10 3.11685e-07 -1.02695e-06)
(4.56126e-07 -1.30899e-07 1.30689e-06)
(-4.92893e-07 -2.32108e-07 2.82991e-07)
(-3.78895e-07 1.71249e-06 -3.64e-08)
(-7.44243e-08 5.82855e-07 -4.68445e-06)
(-4.98218e-07 9.18706e-07 -2.4184e-06)
(1.42696e-06 -2.67725e-06 -1.67868e-06)
(6.54487e-07 -2.15067e-06 2.00984e-06)
(8.58977e-07 1.95121e-06 -1.22094e-06)
(-7.55379e-07 9.01041e-07 3.42298e-06)
(-5.78045e-07 -1.75168e-06 8.74996e-06)
(-1.36568e-07 2.73783e-07 6.62501e-07)
(-1.29013e-07 -1.81282e-06 7.42318e-06)
(-2.03943e-07 -1.07968e-07 -1.09129e-06)
(6.41228e-08 -1.17565e-07 2.81982e-07)
(-2.96597e-07 5.3017e-08 -9.22294e-07)
(3.88468e-07 2.2603e-07 -4.07871e-08)
(-1.30908e-07 -1.68586e-07 3.91661e-07)
(-3.65023e-07 1.52777e-07 2.76464e-07)
(2.96466e-08 1.06077e-07 -1.0854e-08)
(-2.28469e-07 -3.40261e-07 -3.74449e-07)
(8.73808e-09 -2.47536e-07 -3.12557e-07)
(-6.33145e-07 2.89259e-07 -5.48117e-08)
(4.32532e-08 2.29359e-07 4.83659e-07)
(7.01825e-08 5.51106e-07 -3.732e-07)
(6.68468e-07 3.01946e-07 1.89227e-07)
(1.1884e-07 -2.0637e-07 2.99566e-07)
(-7.39983e-08 -2.60991e-07 2.86455e-07)
(-1.79329e-07 3.59631e-07 -6.57177e-07)
(-1.76316e-07 3.58128e-07 9.37398e-08)
(3.48099e-07 -1.52099e-07 -4.90957e-08)
(-4.77792e-08 1.03281e-07 -4.53681e-06)
(-2.00625e-08 -2.08625e-07 9.53454e-08)
(1.70479e-07 3.97328e-07 -4.92316e-07)
(-7.21234e-07 1.49006e-06 -8.61175e-07)
(1.19927e-07 -7.28809e-07 2.57663e-06)
(-6.0048e-07 9.76778e-08 -8.93122e-08)
(-1.74114e-08 -4.2151e-07 -7.47983e-07)
(-8.70061e-08 -9.88696e-07 -1.09916e-06)
(4.62028e-07 3.8109e-08 -5.25449e-07)
(5.69526e-07 -1.11875e-07 -1.35705e-07)
(-9.30327e-08 4.53769e-07 4.09237e-08)
(-3.86386e-08 -3.67405e-08 8.50741e-08)
(-8.08267e-08 2.12614e-07 -1.53445e-07)
(6.10693e-08 -3.30836e-08 -1.54994e-07)
(-1.57249e-08 6.11546e-08 1.16042e-07)
(-5.42529e-09 9.599e-08 -1.31645e-07)
(6.68029e-08 -2.01521e-07 -1.26098e-07)
(-6.48274e-08 -6.79263e-08 -2.96845e-07)
(-9.99372e-09 9.13676e-08 5.01133e-08)
(4.26148e-08 -1.61314e-08 -2.01696e-07)
(-4.04248e-08 1.47319e-08 -5.55115e-08)
(-1.44434e-08 -1.22329e-08 3.11485e-07)
(-4.49782e-08 1.52882e-08 6.89522e-08)
(1.53319e-08 1.4409e-08 2.97162e-09)
(-1.16785e-07 -2.06843e-07 2.00643e-07)
(4.00873e-07 3.56983e-07 -7.44936e-08)
(-1.46448e-07 1.38599e-07 -4.79969e-07)
(-9.82814e-08 -4.60229e-08 6.96057e-07)
(5.31055e-08 -2.54562e-07 5.59619e-08)
(3.10386e-07 5.48805e-07 7.28916e-08)
(2.80989e-09 -1.51258e-07 -3.09485e-08)
(-1.9226e-07 -3.33949e-07 -7.33877e-08)
(3.87632e-08 5.67169e-07 -2.96705e-09)
(-6.65436e-08 4.20993e-08 -1.19366e-06)
(7.35842e-08 2.90328e-07 -3.59555e-07)
(-2.29276e-07 2.174e-07 5.34037e-07)
(-4.13531e-08 -2.03846e-07 -7.27857e-07)
(1.2288e-07 -1.92116e-07 1.96738e-07)
(-9.89334e-08 4.21596e-08 -4.04562e-08)
(-1.34368e-07 4.33658e-07 -5.06519e-08)
(6.81183e-07 1.03397e-06 -2.02211e-07)
(2.19016e-07 1.38459e-08 -9.64065e-07)
(3.58779e-07 8.50247e-08 8.24139e-07)
(2.24726e-07 -1.28899e-08 -5.48445e-07)
(1.00476e-08 -1.56885e-07 -8.18139e-07)
(3.20257e-08 -1.69943e-07 1.70719e-06)
(-1.62152e-07 -2.35691e-07 -8.70716e-07)
(-2.54012e-07 -6.72248e-07 2.67055e-06)
(1.37179e-07 -7.22898e-07 -3.54651e-06)
(7.8158e-07 -9.86247e-08 9.00564e-07)
(0 0 0)
(-9.6154e-08 2.79051e-07 -6.34736e-07)
(-7.87074e-07 -7.06338e-07 1.36305e-06)
(8.89128e-07 -2.29123e-06 1.74244e-05)
(2.57173e-08 1.25089e-07 8.23571e-07)
(1.27892e-07 -7.73582e-08 -1.11053e-07)
(8.58881e-08 2.9199e-07 -4.64364e-07)
(4.4072e-07 4.13194e-07 5.72379e-07)
(-7.85517e-08 -3.97266e-07 -1.58772e-07)
(3.31656e-07 4.64465e-08 7.85448e-08)
(-5.53301e-08 7.40191e-08 2.74974e-07)
(-6.23898e-07 4.62734e-08 -4.89045e-07)
(1.09094e-07 -2.04193e-07 1.67005e-07)
(8.61388e-08 -1.39103e-07 -5.38499e-08)
(-4.8486e-09 -1.04657e-07 3.63992e-07)
(4.4977e-08 1.27717e-07 -2.40391e-07)
(-3.53091e-07 4.29704e-08 2.34935e-07)
(-1.37496e-07 -5.35915e-07 -3.27291e-07)
(2.14325e-08 -1.49919e-07 3.95523e-07)
(-6.68562e-07 2.06876e-08 -3.79676e-07)
(3.1401e-07 -3.13848e-07 -4.9108e-08)
(8.38859e-10 1.85972e-07 2.2582e-07)
(-1.50513e-06 7.76205e-07 -2.59819e-07)
(9.34445e-07 8.44263e-07 -2.91585e-07)
(1.36695e-06 6.96008e-07 1.93351e-06)
(6.5853e-07 5.55896e-07 -9.51617e-07)
(6.37889e-07 2.42296e-07 6.86083e-07)
(-4.72845e-07 9.62998e-07 -8.37758e-07)
(-1.44812e-07 9.05022e-09 -2.17539e-07)
(5.06722e-08 3.85611e-08 -7.27346e-08)
(4.45066e-08 -1.08947e-07 1.85192e-07)
(-2.00464e-07 1.41873e-07 4.2809e-08)
(-2.1505e-07 -1.8696e-07 -9.37793e-08)
(3.47286e-07 1.75207e-07 -9.7923e-10)
(1.81105e-07 -1.7016e-07 -1.22418e-07)
(1.18639e-07 -1.85463e-08 -9.01389e-07)
(-1.13433e-08 8.51432e-09 1.61715e-07)
(2.6185e-08 -1.16607e-07 -2.88089e-07)
(-1.58238e-08 -2.41292e-07 -1.7012e-07)
(1.45593e-07 -4.18651e-07 -1.67486e-08)
(-4.17017e-07 -4.02849e-08 -1.71826e-07)
(-2.25479e-08 -3.36455e-07 1.60356e-07)
(1.2959e-07 3.23841e-07 1.90103e-07)
(-1.86561e-07 -4.84198e-08 3.56487e-07)
(3.2418e-07 -1.29698e-07 6.04294e-07)
(-9.18077e-08 -1.68133e-07 7.80909e-08)
(-1.54736e-08 -1.64516e-07 2.51621e-07)
(-6.68536e-09 -5.54917e-08 -1.29668e-08)
(-1.28031e-07 -1.81459e-07 -2.58093e-07)
(-8.4078e-07 6.04435e-07 1.52567e-07)
(2.43934e-07 -1.36159e-07 -1.25472e-07)
(-2.82675e-07 1.46203e-07 2.1233e-07)
(1.42849e-07 1.25555e-07 5.47551e-07)
(-2.42519e-07 1.5667e-08 6.7852e-08)
(1.21034e-07 -2.05238e-07 -2.9365e-07)
(-9.37895e-09 -2.55459e-07 5.25095e-07)
(7.92425e-08 2.8972e-08 2.30842e-09)
(4.77185e-07 -7.79703e-08 -3.43047e-07)
(1.00845e-07 7.11891e-08 -8.03269e-08)
(-5.72463e-07 -6.06677e-07 -3.43593e-07)
(-8.12515e-08 4.01043e-07 1.98547e-06)
(-1.23261e-07 -1.27074e-07 6.33167e-07)
(1.07271e-07 2.31217e-07 3.54935e-07)
(-9.0935e-08 3.6889e-07 -2.36342e-07)
(-5.54983e-08 -3.44088e-07 -1.95016e-07)
(1.97478e-08 -1.3317e-08 -4.69256e-08)
(6.54579e-08 -1.93336e-07 9.83116e-07)
(-4.18937e-07 3.00101e-07 8.38775e-07)
(3.29153e-07 -1.52258e-07 -2.02288e-06)
(3.65782e-08 2.09718e-07 5.53415e-07)
(1.38414e-08 2.39208e-08 3.57888e-06)
(0 0 0)
(-1.60375e-07 1.74976e-07 -1.47403e-06)
(-5.22473e-07 2.86713e-07 -2.28511e-06)
(7.72063e-07 -9.9279e-07 2.31211e-07)
(-1.06415e-06 -1.92938e-08 -3.93831e-06)
(9.4452e-08 4.68948e-08 6.62079e-07)
(2.29301e-08 -6.11317e-08 -1.16548e-06)
(-5.46453e-08 -1.46276e-07 4.04864e-07)
(1.06407e-07 -1.73214e-07 -4.12821e-07)
(2.19222e-07 1.86234e-07 -2.51603e-07)
(-1.73641e-07 3.53343e-07 2.33298e-07)
(-8.34668e-08 5.00708e-08 -1.87615e-07)
(1.18487e-07 1.69811e-08 -2.58637e-07)
(7.25647e-08 9.88029e-08 -2.8826e-07)
(-5.88108e-08 -4.5932e-08 8.53868e-07)
(8.04165e-08 6.73338e-08 -9.43111e-08)
(-1.77401e-07 -6.63387e-08 -4.25835e-07)
(-2.69358e-07 2.55145e-07 4.60193e-08)
(4.01143e-08 -3.16339e-07 1.83808e-08)
(1.20055e-07 -6.15323e-08 -7.85871e-08)
(8.11329e-08 -3.18091e-08 -7.51835e-07)
(-2.66064e-08 -5.22212e-08 1.61792e-07)
(-2.15746e-07 1.82208e-07 6.59378e-07)
(4.55529e-07 -1.00001e-07 -5.43484e-08)
(-2.14062e-07 -3.94283e-07 3.27004e-07)
(-8.60119e-09 -9.49433e-09 2.64494e-07)
(-1.00709e-07 -7.53307e-08 -3.23643e-07)
(7.84979e-09 8.69977e-08 -5.17528e-07)
(-3.69338e-07 2.47622e-07 -2.44579e-07)
(-5.72662e-07 1.18391e-07 2.27578e-07)
(1.20704e-07 5.48268e-08 -3.19607e-07)
(2.85431e-07 1.1719e-07 6.32089e-07)
(-6.90285e-08 3.41439e-08 5.85504e-08)
(5.37333e-08 -5.07339e-09 4.81031e-07)
(-3.84466e-08 1.76193e-07 2.84164e-07)
(5.92929e-07 -4.40316e-07 -1.20756e-06)
(-2.48655e-08 -9.91365e-08 4.92422e-07)
(-4.66893e-07 -1.07873e-07 3.94473e-08)
(2.75205e-07 2.51929e-07 -1.3243e-07)
(-1.14876e-07 -2.94595e-08 8.00388e-07)
(-3.74249e-09 6.93882e-08 -1.31987e-07)
(-7.52184e-08 1.16331e-08 -4.52927e-07)
(8.93715e-08 1.01548e-07 -1.18666e-06)
(-2.43324e-07 3.02862e-09 2.67906e-07)
(5.91617e-07 -3.47625e-07 4.52432e-07)
(1.56e-07 3.10221e-07 4.61404e-07)
(2.02567e-07 8.37552e-09 7.84574e-08)
(-1.57583e-07 -1.53418e-07 -2.0472e-06)
(2.36684e-08 -3.58504e-07 6.75605e-07)
(2.58914e-07 2.35558e-07 3.51498e-07)
(6.89307e-08 -1.85806e-07 7.14672e-07)
(1.56833e-07 4.71616e-07 -8.15617e-07)
(-2.81869e-07 -7.14556e-08 -7.20701e-09)
(-1.99633e-07 -2.89802e-07 6.08404e-07)
(7.44555e-08 2.25342e-07 4.1574e-07)
(-1.5804e-07 1.14516e-07 3.48884e-07)
(4.93021e-07 -3.48768e-08 -1.49966e-07)
(-2.06035e-08 -3.6156e-07 -3.45447e-08)
(1.07648e-07 3.768e-07 6.42897e-07)
(-3.36798e-07 -1.30845e-07 -5.99486e-07)
(-4.58996e-07 2.19101e-07 1.8481e-07)
(-3.34365e-07 -1.08018e-06 -3.2224e-07)
(-5.50727e-07 6.35756e-07 4.32299e-07)
(2.13593e-07 -3.55451e-08 -3.16921e-07)
(1.28077e-07 1.23253e-07 -2.37593e-07)
(-4.19276e-07 -3.60081e-07 -4.66081e-08)
(2.96926e-07 -1.21486e-07 -4.8221e-07)
(3.42854e-07 -8.55828e-08 1.80963e-06)
(1.53157e-07 2.71755e-07 1.26657e-07)
(4.37003e-07 -5.28337e-07 -9.21471e-07)
(-3.2211e-07 5.0157e-07 4.2517e-07)
(-1.51277e-07 -8.68371e-08 -3.4304e-07)
(8.57992e-08 1.23697e-07 -3.19372e-07)
(-3.98005e-07 1.58579e-07 -2.34066e-06)
(-7.81417e-08 -3.18649e-07 -2.36922e-06)
(-3.3428e-07 9.415e-08 1.82183e-06)
(-2.14452e-07 3.24476e-07 -1.58979e-06)
(-1.31041e-07 9.34037e-08 5.06173e-07)
(-1.55668e-07 -4.75199e-07 -9.84184e-08)
(5.16064e-07 4.75748e-07 7.33641e-07)
(-8.31486e-08 1.39364e-07 8.3833e-07)
(-1.31468e-07 1.30968e-07 -1.36244e-06)
(1.07585e-07 -2.27215e-08 -4.30816e-07)
(-1.12469e-07 -7.76221e-09 6.76052e-07)
(2.68489e-09 -6.75498e-08 9.03584e-07)
(1.9579e-07 -2.00206e-07 6.14083e-07)
(4.23366e-08 2.76292e-08 1.65256e-07)
(1.30993e-07 4.2941e-08 1.05043e-06)
(-6.72116e-08 3.62493e-07 -1.04844e-06)
(-1.91876e-08 -7.09906e-08 1.29699e-07)
(4.72534e-07 -2.88641e-07 2.54041e-07)
(-7.74915e-08 6.0088e-08 1.25561e-07)
(-3.00914e-07 3.07514e-07 5.03604e-07)
(-1.5745e-07 1.84253e-08 -4.08988e-07)
(1.52223e-07 -4.97321e-08 -1.77312e-07)
(-2.96382e-07 -1.94167e-07 -3.59799e-07)
(-6.48707e-07 -1.47176e-07 -2.58946e-08)
(-3.37493e-08 2.80908e-08 8.25793e-08)
(-7.46075e-08 1.38906e-07 -3.12786e-07)
(2.9773e-07 -1.91047e-07 1.61119e-06)
(-6.45847e-07 -3.49083e-07 -9.98519e-07)
(2.51648e-07 -1.65925e-07 -1.40161e-06)
(2.64599e-08 -1.34505e-09 3.63569e-07)
(-7.69919e-08 9.36523e-08 -3.00832e-07)
(-5.58964e-08 1.18869e-07 1.64952e-07)
(-3.57426e-07 -9.80783e-08 1.37806e-08)
(7.6129e-08 -9.17001e-08 -3.44575e-08)
(-1.52668e-07 -2.61094e-07 4.39085e-07)
(-6.2878e-09 -9.99601e-08 6.93267e-10)
(-1.01233e-07 4.96239e-08 -5.83574e-07)
(6.08557e-07 2.00459e-10 8.86149e-07)
(4.42496e-07 2.79663e-07 -1.11366e-06)
(-1.23696e-08 -4.71114e-08 7.61499e-08)
(1.65538e-07 7.00259e-08 -3.86829e-07)
(-1.87827e-07 1.4193e-08 1.45883e-07)
(1.82721e-07 -1.86451e-07 -2.5602e-07)
(3.70076e-09 -1.56179e-07 3.37967e-07)
(5.63893e-07 1.52762e-07 2.34663e-08)
(1.11923e-07 4.62489e-07 -1.67203e-07)
(2.41588e-08 -1.04812e-09 -7.60342e-08)
(3.20357e-08 -1.49245e-07 4.68214e-07)
(-2.15859e-08 7.68996e-09 -1.00786e-06)
(-3.20781e-07 1.09552e-08 1.5567e-07)
(-2.10508e-08 4.71821e-08 -8.04801e-07)
(-3.29984e-07 6.94374e-08 -2.50942e-07)
(-2.15055e-07 -1.54826e-07 -8.10657e-07)
(4.0258e-07 2.15049e-07 -6.86597e-07)
(-3.1312e-08 1.73151e-07 -2.11694e-07)
(-2.22266e-08 -1.59722e-07 -2.45549e-07)
(4.61193e-08 -1.01432e-07 -1.08283e-07)
(-2.9837e-07 -4.72044e-07 7.90898e-07)
(4.11941e-08 -3.83684e-07 -1.3973e-07)
(-5.22653e-07 -2.48278e-08 1.86453e-07)
(2.61581e-07 -3.73979e-08 1.93772e-07)
(4.07738e-08 -5.58671e-07 -2.32075e-07)
(-1.2184e-07 1.35423e-06 4.46682e-07)
(1.89395e-07 -3.79296e-07 -2.44639e-07)
(2.2006e-07 2.50447e-07 -7.82784e-07)
(-2.82989e-07 -1.2571e-07 1.99891e-07)
(9.18392e-08 2.65957e-07 2.56644e-07)
(2.74401e-07 -3.07021e-07 2.83311e-07)
(-2.6915e-08 1.2883e-07 -1.74846e-07)
(-6.69573e-07 5.57761e-07 6.59205e-08)
(2.98233e-07 3.18461e-07 2.64998e-08)
(-2.54194e-07 -2.42951e-07 7.17623e-07)
(2.55095e-07 -2.97223e-07 -1.95235e-07)
(1.20901e-07 3.02247e-09 1.09911e-06)
(-6.39105e-07 -1.39271e-07 8.75757e-08)
(1.12242e-07 -1.5166e-07 1.17604e-06)
(-8.74189e-08 5.22277e-07 4.81429e-07)
(4.26037e-08 -1.378e-07 4.99742e-09)
(-5.44451e-08 8.82372e-08 -5.20814e-07)
(2.51025e-07 -4.18954e-07 3.72414e-07)
(1.51094e-07 4.93582e-07 1.14506e-06)
(-5.84637e-07 3.5233e-07 -1.02876e-06)
(9.93022e-08 4.85946e-07 -6.59096e-08)
(2.46212e-07 -3.96963e-07 5.22796e-07)
(-3.91449e-07 -7.18592e-07 2.67519e-06)
(6.7256e-08 6.10251e-07 -1.76762e-06)
(2.55878e-07 -1.54002e-07 1.89087e-07)
(-3.36005e-07 7.26811e-07 7.91144e-08)
(-1.39721e-07 8.582e-09 -4.82368e-07)
(-3.27683e-08 -1.59877e-07 -1.95869e-07)
(-4.42038e-07 -1.17652e-07 2.53868e-07)
(-3.13304e-07 -1.37265e-07 -1.55488e-07)
(-3.39326e-07 -5.83684e-07 6.35969e-08)
(1.167e-07 3.62825e-07 -4.51616e-07)
(-1.24201e-07 2.84251e-08 -2.79545e-07)
(4.31679e-07 4.08203e-08 4.40821e-07)
(-4.03144e-07 1.82436e-07 7.09075e-07)
(1.51678e-08 2.29888e-07 -2.59598e-07)
(1.47615e-07 3.60555e-08 -5.23323e-07)
(-1.34949e-08 5.95889e-08 -6.67529e-07)
(4.95149e-07 -2.04739e-07 1.9184e-08)
(1.40042e-07 4.07505e-08 -2.70291e-07)
(2.76193e-07 1.49898e-07 1.9684e-07)
(-1.79393e-07 -5.75755e-07 -3.0532e-07)
(-8.20692e-07 1.38931e-07 -3.44604e-07)
(1.64206e-08 5.52403e-08 -1.24954e-06)
(-8.00761e-08 -7.72428e-08 -8.00333e-07)
(-1.63407e-07 9.58883e-08 2.28027e-07)
(-9.36317e-08 -2.07425e-07 -1.68827e-07)
(1.05211e-07 -4.89086e-08 -1.45998e-07)
(7.58856e-08 2.32813e-08 -4.20538e-07)
(-9.91747e-08 -4.85253e-07 -1.5244e-07)
(9.80297e-08 -2.84398e-08 8.01594e-07)
(2.29888e-07 1.59626e-08 3.21583e-07)
(1.09604e-07 6.42123e-08 -4.46434e-07)
(1.12993e-07 -1.7832e-07 -1.09718e-06)
(1.17966e-07 2.07524e-07 4.24041e-07)
(2.45008e-08 1.33677e-07 2.31699e-07)
(1.99977e-07 1.55837e-07 2.38552e-07)
(-1.03798e-07 5.43715e-08 3.83202e-07)
(-1.9901e-07 -3.23683e-08 5.67391e-07)
(-2.92452e-09 4.79766e-07 4.94291e-06)
(-2.16394e-08 4.39239e-07 4.8342e-07)
(1.45193e-07 2.14942e-07 -4.42605e-07)
(-7.22069e-08 1.32872e-08 -6.25956e-07)
(-1.45743e-07 1.02612e-07 5.37776e-07)
(6.42526e-08 -2.76878e-08 1.45864e-07)
(1.89158e-07 -5.75567e-08 5.34629e-07)
(-1.62901e-07 6.12094e-08 1.49721e-07)
(-1.31611e-07 -6.0397e-08 2.40289e-07)
(-1.20893e-07 -2.30748e-08 -4.5575e-07)
(-3.09446e-08 -8.80785e-08 3.55053e-07)
(-7.2392e-08 -6.78897e-08 2.51308e-08)
(-2.38613e-07 -1.7735e-07 -1.8028e-07)
(-1.30598e-09 -3.55754e-07 1.44025e-07)
(9.58638e-07 1.73397e-07 -1.36559e-07)
(-1.17129e-07 6.40818e-07 2.3245e-07)
(8.58233e-08 -1.01721e-07 -8.44636e-07)
(2.14334e-08 2.37575e-07 7.53408e-07)
(-1.50814e-09 -2.69556e-07 -2.42015e-08)
(-2.40024e-07 1.98346e-07 -1.52361e-07)
(2.15117e-08 2.3372e-07 -1.61927e-07)
(-1.27893e-08 5.48206e-07 -4.94483e-07)
(5.35293e-07 -1.18288e-07 3.83263e-07)
(-1.2477e-07 1.40189e-09 -1.04002e-07)
(-7.24865e-08 -1.33677e-07 2.12198e-07)
(-3.31852e-07 3.14889e-07 3.67852e-07)
(-3.18165e-08 -9.63637e-08 -3.04103e-07)
(3.69661e-07 -5.19426e-07 5.60477e-08)
(-6.42271e-07 1.20122e-06 6.74777e-07)
(-4.64867e-08 -8.00621e-08 4.35063e-08)
(-1.15169e-07 -7.31773e-08 4.34224e-07)
(1.20351e-07 3.04455e-08 -2.42317e-07)
(1.04743e-06 -3.78256e-07 -5.65395e-07)
(-3.93321e-07 -1.96536e-06 4.25235e-06)
(-5.43352e-07 6.85439e-07 4.44426e-07)
(5.51312e-07 -4.49739e-07 1.926e-06)
(-3.16964e-09 -2.29926e-07 9.14016e-07)
(-3.38659e-07 -2.43529e-08 -2.34194e-07)
(5.7891e-07 -9.10242e-08 -5.52877e-07)
(7.64919e-07 -1.28577e-07 2.32062e-07)
(1.11512e-07 -2.62972e-07 4.18272e-07)
(-1.27749e-07 -1.05436e-07 2.79811e-07)
(-4.29822e-07 3.60314e-07 -1.28565e-07)
(-1.38009e-07 2.46861e-07 3.99968e-07)
(-4.7652e-07 2.05631e-07 -3.11576e-07)
(-9.58137e-08 -3.24364e-07 -1.66717e-07)
(4.3138e-08 6.53057e-09 1.04586e-07)
(8.22281e-08 5.77379e-08 -5.73397e-08)
(-3.83804e-08 9.71229e-08 4.19826e-08)
(-1.20051e-07 -1.9817e-07 1.86318e-07)
(2.47684e-07 -3.56601e-08 -1.4948e-07)
(-2.24134e-07 -2.29179e-09 2.58137e-08)
(-2.95882e-07 1.66158e-07 2.4948e-07)
(2.9597e-07 1.22206e-07 3.80139e-07)
(-9.51998e-07 -6.29136e-08 8.88254e-07)
(5.52096e-07 1.99455e-07 -2.24534e-07)
(-3.5216e-07 -1.63784e-07 -5.2856e-07)
(1.18635e-07 -1.10459e-07 -1.43169e-06)
(-1.10059e-07 7.17601e-08 1.18709e-06)
(3.29216e-07 5.13297e-08 1.78555e-07)
(1.53569e-07 1.46517e-07 -1.00321e-06)
(1.43248e-07 8.592e-08 2.07342e-07)
(4.72901e-08 4.98733e-08 -2.06336e-06)
(2.82085e-09 -1.46893e-07 1.11713e-06)
(-3.27022e-07 1.97269e-07 -6.88776e-08)
(-1.83312e-07 3.12889e-07 4.26997e-07)
(-3.42573e-07 -2.12255e-07 -3.0042e-07)
(3.28761e-07 4.05559e-07 -4.99399e-07)
(-3.30667e-07 4.40463e-08 -1.76594e-07)
(-4.08039e-07 -1.47556e-07 2.60984e-06)
(-4.76209e-07 -1.83729e-07 2.97983e-06)
(-1.13258e-07 1.24597e-07 -3.05209e-07)
(-1.45211e-07 2.56831e-07 -1.39123e-06)
(2.6952e-07 -3.65899e-07 -1.10372e-07)
(1.96117e-07 9.72225e-08 1.81755e-06)
(2.70015e-07 -2.46397e-07 7.92859e-06)
(-3.40619e-07 4.73659e-08 5.17275e-06)
(1.29563e-07 -8.44948e-08 -8.77302e-08)
(-2.90803e-07 -1.31438e-07 3.26641e-06)
(-8.03012e-08 8.17464e-07 6.06712e-07)
(4.72139e-07 -4.06903e-07 -4.2663e-08)
(1.93755e-07 -1.05287e-07 3.54769e-07)
(1.00889e-07 8.43973e-08 -4.62833e-07)
(1.34826e-07 2.49976e-07 -8.22517e-07)
(1.07393e-07 -1.21181e-07 -1.19688e-06)
(-9.34298e-09 -1.91546e-07 8.03645e-07)
(-3.36557e-08 9.43782e-08 -2.78677e-07)
(-8.96269e-08 1.74366e-09 3.38491e-07)
(-5.29009e-09 -3.11444e-08 1.33299e-07)
(1.25702e-07 -1.45444e-07 -1.16034e-07)
(2.1809e-07 9.68074e-08 -2.75428e-07)
(-1.40901e-07 -5.18919e-08 3.44647e-07)
(-1.75762e-07 7.17507e-08 2.35698e-07)
(-8.60663e-08 -6.42638e-08 -2.78613e-07)
(-2.01568e-08 3.018e-08 3.83796e-08)
(1.23352e-07 3.78928e-07 2.40037e-08)
(4.88119e-07 1.02546e-07 -1.62943e-07)
(-2.13253e-07 -3.28518e-07 3.43401e-07)
(1.45102e-07 -2.45006e-07 -2.80675e-07)
(1.19786e-07 3.2493e-07 1.84386e-07)
(-2.46511e-07 -7.29123e-07 3.80015e-07)
(5.25367e-07 6.39029e-07 -6.46999e-08)
(-3.38413e-07 1.11399e-07 8.4737e-07)
(-1.57396e-07 1.27269e-07 -2.04727e-07)
(6.3683e-08 -2.2592e-08 1.10914e-06)
(-5.83476e-08 -7.58325e-07 -1.28292e-06)
(1.40145e-06 1.70581e-07 7.28098e-07)
(-1.48407e-07 -7.24698e-07 1.47047e-06)
(3.1688e-07 3.36191e-07 1.0464e-06)
(-1.28338e-06 9.93174e-08 -2.62961e-07)
(2.19802e-07 7.86673e-08 2.11531e-06)
(9.50621e-08 -7.89048e-07 -8.25689e-07)
(-6.54107e-07 -3.89767e-08 -1.96881e-06)
(-1.65991e-06 2.04786e-07 -1.47325e-06)
(4.22997e-07 -3.67526e-07 4.82771e-07)
(3.31901e-07 -5.57074e-07 -1.60788e-07)
(-3.5826e-07 1.39303e-07 4.89076e-07)
(2.72508e-09 4.23095e-08 3.45242e-07)
(1.05143e-07 -1.60783e-07 2.63476e-07)
(-2.54354e-07 -5.84297e-08 -3.42554e-07)
(2.42663e-07 -3.00952e-07 -7.94574e-08)
(3.07003e-07 -9.39657e-08 6.42578e-08)
(1.93909e-07 1.43009e-07 -3.9133e-07)
(4.74229e-07 1.54166e-07 -1.70086e-07)
(-2.04456e-07 -1.37535e-08 -1.39891e-07)
(-2.10404e-07 -1.16971e-07 -7.44071e-07)
(-3.69204e-08 1.92954e-08 3.13471e-07)
(6.08962e-07 5.2728e-07 -2.81584e-07)
(-3.08487e-08 -1.00583e-07 -2.11896e-08)
(1.1982e-07 1.58708e-07 2.58881e-07)
(-5.07429e-07 -1.8825e-07 -3.63999e-07)
(-3.9715e-07 3.88649e-08 -3.28679e-08)
(6.45873e-08 -5.36739e-08 3.47751e-07)
(-1.25741e-07 -5.67743e-07 3.16129e-07)
(-3.44246e-07 -2.15216e-07 -4.46579e-07)
(2.57719e-07 3.08277e-07 -1.28589e-07)
(-3.08011e-07 -2.77231e-07 -1.21669e-06)
(1.81005e-07 -6.6157e-08 1.09216e-06)
(2.03298e-07 4.87001e-07 -1.47631e-07)
(1.92914e-07 1.39974e-07 7.12833e-07)
(-4.1758e-07 -2.87691e-07 -7.01389e-09)
(-4.49843e-07 7.79946e-08 -1.26232e-07)
(-1.0166e-07 2.29037e-07 -4.71094e-07)
(-3.49939e-07 -3.46637e-07 -4.46632e-07)
(1.39646e-06 -1.48284e-07 -1.31738e-06)
(1.99048e-07 -3.48309e-07 -1.34955e-06)
(2.01899e-07 2.23266e-08 -5.66592e-07)
(-1.98292e-07 2.6945e-07 8.74989e-07)
(-3.1659e-07 -5.80846e-08 -9.21416e-07)
(2.99668e-07 -2.92686e-08 1.98119e-06)
(-1.09886e-07 1.70956e-07 1.82768e-06)
(-4.25998e-08 -7.24532e-08 -2.11371e-06)
(3.02539e-07 -1.89198e-07 -8.48185e-07)
(2.30911e-07 -6.51631e-07 -2.23661e-07)
(2.09991e-07 -2.10798e-07 -8.63513e-07)
(-3.60534e-07 1.18389e-07 -4.32154e-07)
(3.41885e-07 2.3669e-07 -2.45698e-07)
(1.75787e-07 2.60935e-07 7.87882e-07)
(-1.30299e-08 2.96026e-08 -2.27688e-08)
(1.49689e-08 5.12893e-07 -6.32142e-07)
(-8.91244e-08 -3.4766e-08 1.48759e-08)
(-5.69048e-09 -3.33935e-07 -1.62972e-08)
(-3.7691e-08 -8.94998e-08 2.47616e-08)
(1.78062e-07 -4.47114e-07 -1.25946e-07)
(2.00272e-08 4.90014e-08 -3.39172e-08)
(4.14516e-08 -6.61556e-08 7.39946e-08)
(-3.67853e-08 4.85773e-08 1.19067e-07)
(2.90299e-07 3.51008e-07 6.72284e-08)
(-2.46349e-07 -3.08744e-07 -2.05908e-08)
(-1.27114e-07 -2.93653e-07 1.27055e-07)
(-1.20752e-07 5.77001e-08 -3.03738e-07)
(-7.28504e-08 8.40497e-08 -6.04948e-08)
(-2.03812e-07 -1.58242e-08 1.04625e-07)
(1.46668e-08 -1.42665e-07 1.12766e-07)
(5.00335e-07 3.31376e-07 2.92975e-07)
(3.57456e-08 -6.57432e-09 9.24638e-07)
(-2.09961e-08 4.29163e-07 -3.33889e-07)
(-6.22468e-07 -8.02867e-07 -9.97535e-07)
(4.63145e-07 2.94765e-07 -2.8386e-07)
(6.39391e-07 2.86169e-07 7.83846e-07)
(2.02869e-08 1.60903e-07 1.21627e-07)
(1.57601e-07 1.86776e-07 -9.65356e-07)
(-5.83444e-07 -1.14334e-06 7.1145e-07)
(4.57863e-09 3.77291e-08 -2.49875e-07)
(8.29264e-07 9.50329e-08 -2.52997e-06)
(-5.55873e-07 1.42658e-07 3.82656e-08)
(-2.18268e-07 2.67846e-08 -3.9126e-07)
(3.16488e-07 -3.69612e-08 2.09737e-07)
(5.09875e-08 -1.78432e-07 -1.18275e-07)
(2.08637e-08 3.53742e-07 9.51314e-07)
(1.75116e-07 1.09256e-08 -2.22632e-07)
(6.83737e-08 6.37485e-09 -3.80079e-07)
(-1.22553e-06 -6.99404e-07 5.66183e-08)
(7.94006e-08 -5.38044e-07 -5.4697e-08)
(2.45345e-07 2.80232e-07 1.11188e-07)
(-4.26259e-07 -1.1631e-07 4.19143e-07)
(-2.09978e-07 -2.52046e-07 3.31884e-07)
(-1.49552e-07 -4.30679e-08 3.0648e-07)
(-1.20621e-07 2.5971e-07 2.99375e-07)
(-9.24905e-08 3.31666e-07 8.89382e-07)
(-8.25849e-09 1.09771e-07 2.40399e-08)
(-2.22533e-07 -1.77995e-07 2.62903e-07)
(1.29199e-07 2.08132e-07 4.92504e-07)
(7.0792e-07 -3.4849e-07 -8.7284e-08)
(7.74034e-08 1.13172e-07 3.69109e-08)
(3.35796e-07 -1.47041e-07 -6.24516e-07)
(8.52148e-08 -5.98425e-08 -1.31572e-06)
(7.30536e-08 -2.24851e-07 5.11308e-07)
(-4.91464e-08 3.64269e-07 1.68008e-06)
(-7.76367e-09 2.33519e-07 9.50006e-09)
(1.38219e-07 -6.38561e-08 -1.41325e-06)
(-7.04263e-08 1.80096e-07 -1.2817e-06)
(-3.68186e-07 8.33589e-08 -9.50228e-08)
(3.10378e-07 -2.49074e-07 -3.31156e-07)
(1.82798e-08 -2.5559e-07 -2.31283e-07)
(-7.12863e-07 -7.69929e-07 -5.95171e-07)
(-9.28133e-08 6.94341e-08 2.5965e-07)
(-5.49938e-08 5.98775e-07 -9.23723e-07)
(1.30934e-07 1.62055e-08 6.42768e-07)
(-3.11408e-07 -1.71554e-07 8.29583e-07)
(5.90251e-07 2.41327e-07 -4.58125e-07)
(4.74443e-08 -4.4605e-09 -2.79715e-07)
(-2.41924e-07 -5.93395e-09 -1.97267e-07)
(3.8525e-07 -1.88122e-07 1.35133e-06)
(2.52934e-08 2.0594e-08 5.73717e-07)
(1.04111e-07 -1.90829e-07 -6.4697e-07)
(5.94858e-08 -8.61813e-09 -4.7566e-07)
(-1.15132e-07 1.23259e-07 -7.71831e-07)
(-3.52858e-08 -1.07039e-07 -1.15463e-06)
(4.19245e-07 -2.34502e-07 -3.68862e-07)
(6.64324e-08 -8.04844e-08 -6.14086e-08)
(2.10086e-07 -1.12454e-07 2.17404e-07)
(-3.38426e-08 -4.22056e-08 3.38487e-07)
(1.58967e-07 -2.63711e-09 -1.72827e-07)
(9.98461e-08 -1.95001e-07 6.80476e-07)
(2.06427e-08 -2.8975e-08 4.69735e-07)
(2.34625e-07 9.21652e-08 -8.34886e-07)
(2.28738e-07 4.31557e-07 4.90343e-08)
(6.07635e-08 -1.80905e-07 1.87034e-08)
(2.35349e-07 1.18715e-07 2.4914e-08)
(-4.8392e-07 -3.44553e-07 3.55291e-08)
(-8.83201e-08 2.90237e-07 -1.43855e-07)
(1.88659e-07 -3.53061e-08 -1.32106e-07)
(2.65551e-07 2.31061e-07 -2.11787e-09)
(-1.70553e-07 -3.15353e-07 1.12649e-07)
(1.70931e-08 1.29099e-07 8.32e-08)
(1.3309e-07 1.791e-07 -1.51327e-07)
(2.306e-07 -5.88007e-08 3.87076e-08)
(-5.69891e-08 -1.85704e-07 -8.94216e-08)
(-8.59506e-08 -4.67545e-07 2.97339e-08)
(-2.24365e-07 1.17597e-07 -2.36052e-07)
(1.6245e-07 5.33442e-07 -6.05785e-07)
(2.64805e-07 2.90642e-08 3.81032e-07)
(-1.37622e-07 -7.56345e-08 7.75013e-07)
(1.59349e-08 1.54055e-07 -2.51668e-07)
(-5.29834e-08 -2.96631e-07 6.08249e-09)
(1.37781e-07 1.34587e-07 -2.28097e-07)
(-2.75906e-07 -1.57813e-07 2.82629e-08)
(3.14613e-07 6.11966e-08 -4.88079e-07)
(-5.06832e-07 -3.8691e-07 1.4541e-06)
(3.62186e-07 3.02607e-08 6.76263e-07)
(-7.94229e-09 4.50662e-07 -3.7355e-07)
(3.08131e-07 1.12288e-07 -5.72519e-07)
(-1.62019e-07 1.3698e-07 1.52409e-06)
(-3.45916e-07 2.03406e-07 -2.81729e-07)
(-3.30273e-07 1.6808e-07 -1.8512e-06)
(2.13452e-07 -1.5105e-07 3.59735e-07)
(-4.05668e-07 -1.04312e-07 3.97113e-07)
(-3.03029e-08 -3.15725e-07 -1.48934e-07)
(-1.93047e-08 1.24364e-07 4.09312e-07)
(1.61377e-07 2.17508e-07 8.99588e-08)
(-2.21027e-07 2.04857e-07 1.51308e-07)
(-3.86553e-07 -3.40549e-08 7.62542e-08)
(1.26865e-07 -2.61626e-07 -4.68585e-07)
(6.96445e-08 3.10349e-08 4.95917e-07)
(-1.09159e-07 2.59739e-07 5.92109e-07)
(-1.02649e-07 -1.64615e-07 -1.47777e-07)
(-1.14134e-07 -2.23569e-07 4.22022e-07)
(2.22721e-07 4.48674e-08 -4.71842e-07)
(-7.8819e-08 -1.29499e-08 -9.44905e-07)
(-1.53787e-07 1.41059e-07 2.51875e-07)
(-1.42395e-07 2.34155e-07 -1.73593e-07)
(-3.26534e-07 -6.34731e-07 -3.86515e-07)
(-9.59836e-08 -9.00571e-08 1.44962e-07)
(-5.07849e-07 7.4849e-08 3.07663e-07)
(-6.85485e-09 -7.03378e-08 -1.76993e-07)
(6.42588e-08 -1.86104e-07 -1.42819e-06)
(-9.28285e-08 -2.05102e-07 -4.4868e-07)
(-3.59843e-07 -5.37136e-07 -6.82234e-07)
(2.59973e-07 -8.77825e-08 1.9323e-06)
(2.7401e-07 6.01748e-09 2.19791e-06)
(-1.4745e-07 3.10638e-07 -1.26772e-07)
(3.6156e-07 -1.16951e-07 -7.23873e-06)
(-1.53829e-07 -2.85183e-08 1.36009e-06)
(4.49628e-07 -5.63522e-07 -5.31745e-06)
(1.23988e-08 -1.12713e-07 -6.96875e-08)
(7.7306e-08 -2.92706e-07 2.19836e-07)
(-5.59276e-09 1.46211e-07 -2.91152e-07)
(-1.02574e-07 7.37362e-08 2.5713e-07)
(-4.16011e-08 -1.50263e-07 -3.77984e-07)
(1.82157e-07 2.83213e-07 -2.35179e-07)
(-1.983e-07 4.60841e-07 -4.09874e-07)
(6.4436e-08 -8.58374e-08 -4.00688e-07)
(2.72569e-08 -1.17028e-07 3.73808e-07)
(-7.21677e-08 -1.69405e-07 4.24978e-07)
(5.48527e-08 -4.85233e-09 1.9176e-07)
(3.66803e-09 -9.16949e-08 -3.56384e-07)
(4.81993e-08 -1.94023e-07 1.92915e-07)
(-5.44154e-08 -5.96279e-08 -2.10492e-07)
(-1.29819e-07 -4.85384e-07 -4.56281e-08)
(7.24888e-08 6.88973e-07 -1.98191e-07)
(2.71556e-07 2.1566e-07 -1.48471e-07)
(2.24163e-07 4.79073e-07 -4.94186e-08)
(1.38339e-07 5.13396e-08 1.43204e-07)
(-7.10405e-08 -4.54653e-08 7.6575e-08)
(-2.57134e-08 -1.38863e-07 -3.93621e-08)
(-2.48674e-08 8.51058e-08 -7.81406e-08)
(2.3114e-09 -4.26972e-08 -1.20166e-08)
(-1.33598e-07 -1.9403e-07 -9.20493e-08)
(6.46453e-08 -2.69181e-07 -8.25384e-09)
(-6.9664e-08 8.56363e-08 -3.14366e-08)
(-6.24923e-07 6.72634e-08 -1.63931e-07)
(-1.00706e-08 2.27679e-07 1.20166e-07)
(1.57443e-07 -7.31571e-08 -4.67283e-08)
(3.65646e-08 -7.89615e-08 -4.23864e-07)
(-8.26794e-07 -2.48541e-07 2.09865e-08)
(3.46331e-07 1.23225e-07 3.01754e-07)
(-8.59758e-08 -3.91312e-07 -1.08934e-07)
(3.91348e-07 -3.44283e-07 5.218e-08)
(-2.71691e-08 6.70191e-08 1.24336e-07)
(-3.30961e-07 7.6705e-07 -4.39263e-07)
(2.89651e-08 -1.73105e-07 -6.23533e-07)
(2.33959e-07 -3.44981e-07 5.4942e-07)
(-4.60879e-07 3.79135e-07 1.08819e-06)
(1.04265e-07 -8.02147e-08 3.05807e-07)
(1.60895e-07 3.20328e-07 5.39904e-07)
(-3.18953e-07 -4.05989e-07 -1.421e-07)
(6.0627e-07 -1.66978e-07 1.53273e-07)
(-6.00693e-07 -2.2811e-07 -1.37767e-06)
(-8.60651e-08 1.4783e-08 -1.28164e-07)
(-1.49667e-07 1.89994e-07 -1.00741e-08)
(-5.21347e-07 -2.26716e-08 6.60287e-07)
(-5.01666e-07 -5.14954e-08 -4.37735e-07)
(8.09858e-08 1.08654e-07 3.54832e-07)
(2.60594e-07 3.75437e-07 3.1661e-07)
(-1.03989e-07 -2.33983e-07 -4.61225e-07)
(1.42019e-08 -4.09281e-08 -5.62211e-07)
(-3.20553e-08 -3.38302e-08 -1.19293e-06)
(-4.63575e-07 3.59384e-07 7.00526e-07)
(-3.05256e-07 -1.36607e-07 3.16098e-07)
(2.01365e-07 2.7656e-07 -3.68621e-07)
(4.42955e-08 5.49855e-08 -2.67158e-07)
(-3.83302e-07 1.88312e-11 -2.35696e-07)
(3.40062e-08 -1.69848e-08 -1.85548e-07)
(-9.3085e-08 3.43437e-07 -1.54323e-08)
(2.1592e-07 6.44505e-09 6.04005e-07)
(3.06225e-07 2.63613e-07 4.00858e-07)
(1.90012e-08 1.64163e-07 1.43279e-07)
(2.37471e-07 -1.75046e-07 3.51891e-07)
(1.60333e-08 3.37469e-07 1.23407e-06)
(-1.1192e-07 3.38612e-07 -2.86364e-06)
(3.07492e-07 -2.35975e-07 1.40142e-06)
(-5.46898e-07 4.39365e-08 1.91853e-06)
(1.69486e-07 -2.88663e-07 1.88793e-06)
(-7.58664e-07 -3.26401e-07 6.23265e-07)
(-4.05646e-07 2.47202e-07 3.2416e-07)
(-3.99876e-07 -3.72323e-07 2.0083e-06)
(2.62681e-07 2.71598e-07 1.70589e-06)
(-2.34238e-08 -1.97243e-08 -1.89821e-06)
(-4.20753e-07 -5.16959e-07 4.45529e-08)
(-1.42036e-07 2.80871e-07 7.44939e-07)
(-9.58019e-08 9.69876e-09 -3.71137e-07)
(3.06384e-07 1.06304e-08 -8.86479e-08)
(-3.35125e-07 1.87062e-07 4.79456e-08)
(-2.90292e-07 -1.41926e-07 -1.93019e-07)
(-1.97788e-07 -1.18775e-07 -2.18226e-08)
(4.42063e-08 8.35624e-08 1.98059e-07)
(-3.3204e-07 8.78351e-08 -1.31543e-07)
(-9.85767e-08 3.3079e-07 -1.01232e-07)
(1.8612e-07 -4.35533e-08 2.38911e-08)
(6.9522e-08 -1.96582e-07 1.1388e-07)
(1.28311e-07 1.07112e-08 1.80534e-08)
(5.0385e-08 8.81745e-08 4.10697e-07)
(-2.90718e-09 -1.05881e-07 2.39255e-07)
(5.41155e-09 -1.46094e-07 1.94001e-07)
(-3.08451e-08 4.06466e-07 4.24943e-08)
(-2.41541e-07 -1.39076e-07 -6.66002e-08)
(4.1438e-07 3.25041e-07 3.10267e-07)
(9.09093e-08 4.16431e-08 3.8209e-07)
(-1.78385e-07 -2.70707e-07 3.41998e-07)
(1.87764e-07 -3.11026e-10 2.55524e-08)
(1.69185e-07 1.01638e-07 -1.18782e-07)
(6.65303e-07 3.58537e-07 1.10151e-07)
(-3.59953e-07 -9.25828e-09 1.63762e-07)
(4.15627e-07 1.33092e-07 -1.92848e-08)
(1.11551e-07 -4.36299e-08 -9.62132e-08)
(4.80483e-09 -1.16833e-07 3.60653e-08)
(-1.53522e-07 -3.01953e-09 5.74243e-09)
(2.24546e-07 1.36555e-07 4.45204e-08)
(-1.78114e-07 -1.42237e-07 5.15068e-08)
(-2.49683e-08 3.58388e-07 -4.85756e-08)
(-2.62752e-07 1.3363e-07 5.35269e-07)
(4.6904e-07 2.71323e-07 2.12756e-07)
(-1.57725e-07 7.10658e-08 2.45768e-07)
(2.0898e-07 1.21042e-07 1.62313e-07)
(-5.10199e-07 1.59684e-07 1.29851e-07)
(-1.7456e-07 -1.66257e-07 1.33866e-07)
(-7.82233e-08 4.34809e-07 2.22153e-07)
(-8.29296e-10 -4.85397e-07 -7.36886e-07)
(7.81775e-08 1.19949e-07 2.08521e-07)
(8.72779e-08 1.56377e-07 6.55121e-07)
(-4.82501e-09 -6.22185e-08 -9.95223e-07)
(-2.05904e-07 1.23157e-07 4.00425e-07)
(1.29382e-08 -3.40462e-08 3.00093e-07)
(-1.81349e-07 3.741e-07 -7.09383e-07)
(-2.65076e-08 9.71285e-08 -6.49505e-07)
(-3.60641e-08 1.34405e-07 4.90237e-07)
(2.61895e-07 -1.853e-08 -6.87241e-07)
(-1.2348e-08 -1.56049e-07 -7.6157e-07)
(7.16679e-08 1.03425e-07 -1.44445e-07)
(-3.85041e-07 -4.87758e-08 -1.46624e-07)
(-1.29404e-08 -2.02402e-07 3.01523e-07)
(3.88353e-07 -1.2956e-07 5.92477e-07)
(4.69417e-07 1.71048e-07 -1.41521e-06)
(1.9016e-07 2.91226e-07 -5.62236e-08)
(-5.04224e-07 3.10397e-07 -1.68606e-07)
(1.26856e-07 -1.83305e-07 -4.82941e-07)
(-2.02578e-07 1.85485e-07 1.20187e-06)
(-5.39113e-08 1.11973e-07 1.09058e-06)
(-3.28897e-07 1.46854e-07 3.41914e-07)
(3.70551e-07 -1.02661e-07 2.91755e-07)
(2.44223e-07 -4.8699e-07 -5.04616e-07)
(4.84741e-07 -2.17854e-07 2.53325e-07)
(3.39026e-07 2.0153e-07 2.20076e-08)
(-1.56961e-07 3.08841e-07 4.35157e-07)
(1.40817e-07 -2.36479e-07 4.51264e-08)
(1.05631e-07 3.32929e-07 4.8205e-07)
(-1.87255e-07 4.90301e-08 3.55128e-07)
(3.2243e-07 -1.38325e-08 1.92168e-06)
(4.16137e-07 -2.64151e-07 6.27515e-07)
(1.03678e-08 -1.27371e-07 3.65148e-07)
(1.15898e-07 -6.71045e-09 -1.57303e-06)
(-1.41045e-07 -3.53064e-07 -5.77104e-08)
(-1.46825e-07 7.5852e-08 1.26896e-06)
(5.22078e-07 5.53511e-07 4.31454e-07)
(1.01111e-07 -3.63633e-07 -1.19298e-06)
(-4.36312e-07 2.6365e-08 8.16505e-07)
(-3.33529e-07 4.09467e-07 1.41391e-06)
(1.11367e-07 -1.35911e-10 -3.80121e-07)
(2.79914e-07 -1.39791e-07 7.07747e-07)
(-4.34662e-07 -9.66511e-10 6.63378e-07)
(1.21968e-07 5.68662e-07 4.45638e-08)
(-1.02643e-07 2.35809e-07 3.01678e-07)
(5.48645e-07 3.36323e-08 8.25096e-08)
(5.20504e-07 2.9542e-07 -8.13531e-08)
(2.21729e-08 -3.40304e-07 -8.6816e-08)
(-2.5974e-08 -2.39481e-07 -1.0101e-06)
(-1.37868e-09 -2.93772e-08 -9.7513e-08)
(-4.56255e-07 2.89849e-07 -4.59374e-07)
(2.01505e-07 -1.30933e-07 -1.28946e-07)
(-2.60218e-07 -1.69091e-07 9.55812e-07)
(-4.46916e-07 -1.73136e-07 -1.01538e-06)
(5.48631e-07 2.60498e-07 -9.36354e-07)
(-5.01979e-07 -2.49673e-07 1.17725e-07)
(-2.31784e-08 -4.56968e-07 -3.18407e-07)
(2.23058e-08 6.60176e-07 2.0672e-07)
(2.645e-07 -1.81697e-07 4.5516e-08)
(-2.4489e-07 -2.45275e-07 -7.22323e-08)
(-6.17058e-08 3.84719e-08 -4.05739e-08)
(4.17054e-07 -3.99988e-06 9.23586e-08)
(-9.0512e-08 -3.43329e-07 -6.2839e-08)
(5.3234e-07 -4.1144e-06 1.91666e-07)
(3.74953e-08 -2.92922e-07 1.08132e-07)
(-7.75054e-08 -6.81469e-08 -3.23496e-08)
(8.64191e-08 7.07912e-08 -5.97868e-08)
(-1.00323e-07 2.76863e-08 -1.91969e-07)
(2.00925e-07 9.17654e-08 1.29321e-07)
(-5.94425e-08 2.05925e-08 -1.55456e-07)
(-2.58581e-08 -4.57894e-07 -8.33629e-08)
(1.28002e-07 -4.091e-07 6.38007e-07)
(1.08786e-06 3.34151e-07 3.56024e-07)
(8.24444e-07 -6.45083e-08 -2.99666e-07)
(3.29812e-08 3.93532e-07 -1.06261e-06)
(-4.79719e-07 -4.32029e-07 -2.03448e-08)
(4.25402e-07 2.19988e-07 6.06952e-07)
(-1.28886e-07 4.43616e-07 -2.66076e-07)
(5.96221e-07 3.56648e-08 -2.47686e-08)
(3.84158e-07 2.01654e-07 5.38472e-07)
(-1.87532e-07 -2.61907e-07 7.17165e-07)
(-1.5365e-07 1.32012e-07 -4.11258e-06)
(2.63059e-07 2.09985e-09 5.62037e-07)
(-2.43236e-07 2.79592e-07 5.95361e-07)
(-2.19472e-07 4.37758e-07 -2.21792e-07)
(-1.54595e-08 -8.3607e-07 -3.3179e-07)
(-2.19623e-08 2.66441e-07 7.47404e-08)
(-2.72202e-07 -5.08063e-08 1.84079e-07)
(7.38696e-07 3.4514e-07 -1.84624e-07)
(-8.01032e-07 1.35388e-07 6.43031e-09)
(-9.02464e-07 -6.24146e-07 -4.90294e-07)
(-3.18363e-07 -7.67645e-09 -4.31801e-08)
(-1.19345e-07 2.77068e-07 -1.59509e-06)
(8.19627e-08 2.45675e-07 -1.06983e-07)
(-2.44827e-07 -1.67252e-07 1.21595e-06)
(-5.57735e-07 -3.97383e-07 1.28223e-06)
(3.26067e-07 1.24364e-07 -1.17609e-06)
(-2.37473e-07 -6.50291e-08 2.00707e-07)
(-2.10039e-07 3.32679e-08 4.62942e-07)
(-3.08673e-08 8.02439e-08 5.64974e-07)
(-1.12288e-07 8.90289e-08 -3.25415e-07)
(-3.3611e-07 3.49745e-08 -6.50264e-07)
(2.0907e-07 -5.57281e-07 -1.11816e-08)
(-2.21327e-08 3.22563e-08 1.8839e-07)
(-3.00514e-07 2.30199e-07 -3.13512e-07)
(-4.74269e-07 -2.69129e-07 -6.91183e-08)
(-2.43973e-09 -2.63283e-07 -2.78983e-07)
(4.33201e-07 -5.33056e-07 -8.67393e-07)
(1.98995e-07 -1.12246e-07 -1.10436e-07)
(4.56878e-07 7.96223e-08 -7.29688e-07)
(-1.39822e-07 -9.18318e-08 2.09934e-07)
(2.41824e-07 2.52615e-07 -6.10744e-07)
(-3.29457e-07 2.57913e-07 5.64096e-08)
(1.19326e-07 -6.02923e-07 4.90797e-09)
(1.17899e-06 -5.72566e-07 7.05043e-07)
(-3.15479e-07 9.22929e-08 9.71544e-08)
(-1.24653e-07 1.9995e-07 2.08642e-07)
(-2.83867e-07 9.96186e-08 4.20018e-07)
(-7.56676e-08 -4.76628e-09 6.38868e-07)
(3.39788e-07 -6.3554e-08 -9.15403e-08)
(3.70339e-07 1.53425e-06 3.28118e-07)
(-2.97396e-07 -1.14028e-08 3.05342e-07)
(-2.18124e-07 -1.10744e-06 -1.23364e-07)
(5.55152e-07 1.09748e-07 -6.41051e-07)
(-7.4855e-07 -1.04927e-06 -3.26091e-07)
(-2.48859e-07 2.06202e-07 3.64789e-07)
(3.82755e-07 -1.58225e-07 -1.96641e-07)
(2.16297e-07 1.08572e-07 6.07851e-08)
(2.73971e-07 2.65398e-07 -3.93377e-07)
(-2.78197e-07 -4.74846e-07 -8.14061e-08)
(1.45182e-07 1.92149e-07 -1.71025e-07)
(-5.84413e-08 -3.24636e-07 -4.48433e-07)
(7.31129e-08 1.6576e-07 -7.72681e-08)
(-3.41903e-07 -2.30496e-07 2.18563e-08)
(-1.82943e-07 5.66542e-07 4.66649e-07)
(-1.12199e-07 -1.47012e-08 -5.14616e-07)
(-3.391e-07 2.62664e-07 2.27597e-07)
(-9.84421e-08 -1.96617e-07 -1.17485e-07)
(3.56684e-07 -1.01262e-07 1.92947e-07)
(2.21796e-08 2.69648e-07 -1.15703e-07)
(1.76176e-07 2.47654e-07 -7.35632e-09)
(3.01929e-07 5.47601e-07 -2.39416e-08)
(-4.94097e-08 -3.93807e-07 -2.31144e-07)
(8.70132e-08 -5.07163e-07 -1.47605e-07)
(-7.84239e-07 -4.83508e-07 -3.5709e-09)
(-2.05254e-07 -1.44806e-08 3.14158e-07)
(5.97645e-07 6.57783e-07 9.95455e-08)
(1.23977e-07 9.27947e-07 -6.35474e-07)
(-3.01558e-07 3.61209e-08 2.06018e-07)
(-3.46647e-07 6.47457e-08 1.18645e-07)
(4.73851e-08 -3.38657e-07 -1.68898e-07)
(5.75793e-07 1.59252e-07 4.57606e-07)
(1.79841e-07 -4.89519e-07 5.63901e-08)
(-1.47166e-07 1.93335e-07 -2.57934e-07)
(-1.16672e-07 -4.57018e-07 2.01166e-07)
(-1.14086e-08 9.66587e-08 -2.67832e-07)
(-2.48906e-07 -2.93729e-07 -3.44038e-07)
(-1.60916e-08 -4.89378e-08 -2.43874e-07)
(-1.85283e-07 9.87841e-08 -1.23621e-06)
(2.40307e-08 7.19242e-10 8.65151e-07)
(-4.97053e-08 -4.54996e-08 -5.80089e-07)
(-1.14491e-07 -5.84685e-08 -8.62872e-07)
(-9.33158e-11 8.1817e-09 4.26276e-07)
(-2.92657e-07 1.48645e-07 -2.21639e-07)
(1.37746e-07 5.76589e-07 -8.19883e-07)
(-2.16039e-07 4.44527e-07 -1.57275e-06)
(-7.14935e-08 -5.11967e-07 8.35338e-07)
(1.12311e-06 -2.31993e-07 -7.30608e-09)
(1.76003e-07 2.53299e-07 3.64843e-08)
(2.98913e-08 -8.08111e-08 2.92336e-06)
(-3.17416e-07 -6.98429e-08 1.7897e-07)
(1.40667e-06 -7.21704e-07 -3.19643e-06)
(9.30337e-08 -8.27352e-08 1.53203e-06)
(-5.64121e-08 -3.04418e-07 3.1726e-07)
(-1.33247e-07 -4.24866e-07 9.25627e-07)
(1.80424e-08 -4.99445e-07 -1.87624e-07)
(-1.40164e-07 -2.84998e-07 2.80261e-06)
(-2.07125e-07 7.20319e-08 1.94255e-07)
(-1.79934e-07 -1.37656e-07 1.96324e-06)
(-2.02528e-07 7.50155e-08 5.73282e-09)
(-3.06518e-07 1.39804e-08 -1.12273e-08)
(-5.21915e-07 -5.12488e-07 3.01889e-07)
(2.97513e-07 -2.29297e-07 -6.46797e-08)
(-4.20871e-08 7.96768e-08 -4.01309e-07)
(-3.2396e-07 2.59374e-07 -6.53282e-07)
(1.9136e-07 1.07809e-07 1.67297e-07)
(-6.30766e-07 4.7208e-07 -8.54636e-07)
(-1.23173e-08 4.46454e-09 3.0605e-07)
(-3.21479e-07 -7.60597e-08 4.58231e-07)
(1.69834e-07 -2.93605e-08 3.63e-08)
(2.18904e-07 9.75474e-07 4.96816e-07)
(1.31666e-07 2.45585e-07 -6.30242e-07)
(-8.59901e-08 -4.30429e-07 -4.57103e-07)
(7.54067e-07 1.48805e-10 5.80315e-07)
(-4.04373e-07 5.22636e-07 -8.83768e-07)
(-1.09773e-06 4.89811e-07 1.67116e-07)
(7.32623e-07 -4.13854e-08 4.15511e-07)
(-8.08563e-07 -5.73811e-08 -8.93746e-07)
(-3.80828e-08 -1.62815e-07 5.19396e-07)
(-5.56284e-08 7.35695e-07 1.16874e-07)
(6.83083e-07 8.40968e-08 4.96837e-08)
(1.28427e-07 -4.02798e-07 -7.92537e-07)
(1.00126e-07 3.35477e-07 6.67906e-07)
(-2.75896e-07 -2.85737e-08 9.25218e-08)
(3.40654e-07 -7.93547e-07 -5.57841e-07)
(-6.64497e-07 2.97643e-07 8.07166e-08)
(-1.65811e-07 8.034e-08 -2.43066e-07)
(1.24618e-07 2.04361e-07 6.24136e-07)
(-2.63042e-07 1.98143e-07 4.56923e-07)
(1.50006e-07 1.68606e-07 -4.81786e-07)
(-2.15012e-07 -1.11044e-08 -9.82711e-08)
(3.1051e-08 -1.12491e-07 6.66219e-08)
(6.66732e-07 -4.61076e-08 1.33318e-07)
(-1.00799e-07 1.07143e-06 5.61387e-07)
(-8.82892e-07 -8.38503e-07 -8.92619e-07)
(8.70251e-07 -2.29578e-07 6.57814e-08)
(-1.36486e-07 -5.08746e-08 -1.22829e-07)
(-1.28902e-07 6.94928e-07 7.73141e-08)
(7.41965e-08 2.77609e-07 4.74326e-07)
(2.73698e-07 -2.80824e-07 -6.36895e-08)
(-2.32796e-07 -4.02154e-08 -2.94551e-08)
(-5.3856e-08 -1.05342e-07 2.29449e-07)
(1.53071e-07 -7.2227e-08 9.00905e-07)
(6.86642e-07 2.20073e-07 -5.19144e-07)
(6.11232e-08 -2.61839e-07 3.00161e-07)
(3.13499e-07 -2.54522e-07 9.87406e-08)
(2.4379e-07 3.68648e-07 3.6864e-07)
(-1.4242e-07 -8.17276e-07 8.2454e-08)
(5.79881e-07 5.42571e-07 1.06238e-07)
(-9.22967e-08 7.82932e-08 -7.47501e-07)
(4.10797e-07 -9.81246e-08 -1.59432e-06)
(-5.2076e-07 1.86124e-07 -5.71544e-07)
(4.80687e-08 3.16503e-07 9.78986e-07)
(-3.55498e-07 -4.90733e-07 -1.36225e-06)
(6.66679e-08 -1.24648e-07 -4.91707e-07)
(1.60546e-07 2.21663e-07 -4.04514e-07)
(-5.07801e-07 2.2771e-07 -6.99705e-07)
(4.27014e-09 -3.06962e-10 1.40735e-08)
(6.09765e-07 -1.51477e-07 6.37616e-07)
(-2.73543e-07 -6.14165e-08 -7.88948e-07)
(-1.58739e-07 -1.08543e-07 3.96032e-07)
(0 0 0)
(7.50695e-07 2.28544e-07 2.16846e-08)
(-6.62554e-07 7.93935e-07 -1.16512e-06)
(-2.17831e-07 -6.55721e-07 1.53734e-06)
(-9.33499e-07 -9.07618e-08 6.90125e-07)
(1.72104e-06 -1.00428e-07 -1.43468e-06)
(1.03781e-08 -1.06072e-06 2.86038e-07)
(6.78876e-07 5.2412e-07 -2.15132e-07)
(1.85517e-07 1.95162e-06 5.69341e-07)
(4.80563e-07 -1.05351e-07 2.4569e-06)
(4.56469e-07 -3.12435e-07 9.95091e-08)
(-2.54582e-07 -8.39092e-08 8.35182e-07)
(-1.85039e-07 -6.0748e-08 -1.06266e-06)
(4.04365e-07 2.43729e-07 -2.92441e-07)
(2.97303e-07 2.16097e-07 -6.77806e-07)
(1.81022e-07 8.44794e-08 -1.48992e-06)
(1.32822e-07 -7.63822e-08 5.72476e-07)
(2.37545e-07 -3.84191e-07 2.81806e-07)
(-1.60163e-07 -2.09492e-07 -1.6854e-08)
(4.85274e-07 1.56317e-07 2.68591e-09)
(-1.15191e-07 3.894e-07 -6.19108e-07)
(-1.66926e-07 2.21044e-07 -2.39282e-08)
(-2.69408e-08 -4.65598e-07 -4.14141e-09)
(-4.68132e-08 1.69936e-07 2.35827e-07)
(-2.00186e-07 1.83375e-07 -5.5607e-07)
(3.86229e-07 -4.5527e-07 -4.78313e-09)
(-2.49997e-07 3.94687e-07 6.25061e-07)
(-4.85008e-07 -1.72423e-07 -1.91088e-07)
(-3.59609e-08 -4.67199e-07 2.63621e-07)
(-4.75047e-07 3.18037e-07 1.6557e-07)
(-2.29966e-07 -3.53186e-07 -8.10683e-07)
(1.16911e-06 8.34241e-07 3.86845e-08)
(-2.83538e-07 -1.49691e-06 -1.08336e-07)
(-5.93183e-07 2.41703e-07 -3.24975e-07)
(-1.99147e-06 -1.88079e-07 8.38659e-08)
(-1.43055e-06 -1.00171e-07 -5.49768e-07)
(-4.62289e-07 -5.25942e-07 5.54176e-07)
(2.40908e-07 -5.07882e-07 1.26457e-06)
(1.33538e-07 4.46476e-07 -7.24415e-08)
(6.65348e-08 -5.24783e-08 5.65772e-07)
(4.37271e-07 -6.73484e-07 5.82963e-07)
(-3.64744e-07 1.29363e-07 5.81406e-07)
(-2.54829e-07 5.01554e-07 -9.47467e-08)
(6.44866e-08 2.42862e-07 3.99438e-07)
(3.56282e-07 1.45366e-07 4.2429e-08)
(-2.21815e-07 4.0398e-08 -2.30867e-07)
(3.55706e-07 -2.14875e-07 1.3056e-07)
(6.05895e-07 1.29308e-08 5.29629e-07)
(-7.86839e-07 1.00156e-07 -1.8699e-07)
(-5.97833e-07 2.82788e-07 -5.19436e-07)
(1.19595e-06 -2.52647e-06 2.01804e-06)
(9.91029e-07 6.36788e-07 1.2595e-07)
(3.51582e-07 -1.97452e-06 1.75226e-06)
(2.22591e-06 1.70588e-06 8.08324e-08)
(1.32579e-06 9.05352e-07 -8.81899e-07)
(-2.768e-07 -2.11521e-06 8.03087e-07)
(-1.47725e-06 7.34152e-07 -1.74142e-06)
(2.12299e-07 1.30066e-06 6.63094e-07)
(7.08899e-08 4.2129e-09 -7.32164e-07)
(6.39472e-07 -4.17776e-07 2.85486e-08)
(1.24581e-07 4.00991e-07 -6.57968e-08)
(-2.015e-07 1.7742e-07 2.49928e-08)
(-4.79432e-07 -4.43449e-07 1.35481e-06)
(-8.13284e-08 1.45893e-07 -1.52199e-06)
(-1.71331e-07 -1.81024e-08 -1.35766e-07)
(-1.464e-07 -3.46431e-08 -3.94286e-07)
(-5.07407e-07 2.14055e-07 -1.77906e-06)
(8.80626e-08 -2.94433e-08 1.27534e-06)
(2.63929e-07 -1.08021e-08 -1.86371e-06)
(1.6533e-07 1.90336e-07 1.35819e-06)
(-2.96142e-07 3.86914e-08 4.02697e-07)
(4.45641e-08 -9.28453e-08 -1.251e-06)
(6.21802e-07 2.20496e-07 3.04944e-07)
(4.25044e-07 -4.66012e-07 3.56013e-06)
(-5.81985e-07 4.43832e-07 -1.70814e-06)
(5.49913e-07 -1.26264e-07 -8.28553e-08)
(-6.6761e-07 -9.86773e-07 1.14692e-07)
(-1.096e-06 8.93285e-07 1.23796e-06)
(1.82851e-06 -9.33325e-07 -1.70424e-06)
(1.62036e-06 1.91045e-06 -6.3733e-07)
(-1.49113e-06 2.67872e-06 1.33304e-06)
(-9.4562e-08 -3.26811e-07 1.91048e-07)
(-1.00305e-07 -6.74285e-07 -4.96086e-07)
(1.16988e-06 -1.33376e-06 1.74991e-06)
(1.81722e-07 -1.97975e-07 1.17306e-06)
(-2.65559e-08 4.44013e-07 -2.13364e-06)
(-1.77706e-07 9.5554e-08 1.14089e-06)
(-3.18517e-08 1.1705e-07 -2.8645e-07)
(1.31493e-08 -8.13277e-08 2.66255e-06)
(4.42472e-08 5.61343e-08 -1.16183e-07)
(-1.50337e-07 -1.48254e-07 9.99199e-07)
(-2.06284e-07 -5.43525e-08 -1.81028e-06)
(-2.18662e-07 -5.18304e-08 1.00635e-06)
(-2.42957e-08 3.92394e-08 1.28975e-06)
(-7.05603e-08 -1.47756e-07 2.56653e-07)
(1.23519e-08 -4.1541e-07 9.63923e-07)
(1.59731e-07 -8.24522e-08 1.03801e-06)
(1.32589e-08 2.04291e-07 1.16076e-06)
(1.91285e-07 1.34231e-07 -1.25681e-06)
(-1.93052e-07 -2.43076e-07 -1.70923e-06)
(4.33124e-07 1.73593e-07 -2.00034e-07)
(-4.5384e-07 -2.10358e-07 1.82e-06)
(4.65736e-07 3.79452e-07 1.12448e-08)
(2.40226e-07 1.64966e-07 -6.90388e-07)
(8.02092e-07 1.27398e-06 -2.61447e-07)
(6.29702e-07 -6.28408e-07 1.09965e-06)
(-1.60917e-07 6.22592e-07 4.02059e-07)
(2.16441e-06 -3.56216e-07 -1.20459e-07)
(-1.74087e-07 -4.35924e-08 4.69401e-07)
(-1.3136e-07 -8.80393e-08 1.23573e-06)
(-6.58632e-07 3.54066e-07 2.72199e-06)
(-8.40125e-08 -8.26892e-08 5.68248e-08)
(1.86142e-07 -1.24968e-07 1.62525e-06)
(3.91457e-07 1.77559e-07 2.65301e-07)
(1.07949e-07 -1.5547e-07 -1.08854e-08)
(1.66545e-07 -2.83503e-07 -2.13948e-07)
(-4.46368e-07 1.48307e-07 3.26894e-07)
(3.67525e-08 2.19769e-08 -6.42847e-07)
(-4.6801e-08 3.41787e-07 -8.60776e-07)
(-4.50021e-08 -2.70204e-10 4.93474e-07)
(1.88252e-07 -1.30354e-06 1.1959e-06)
(-3.251e-07 -7.32176e-08 4.30441e-07)
(-1.94848e-06 3.35245e-07 5.80958e-09)
(2.09819e-07 -5.32293e-07 2.06467e-06)
(1.9197e-07 1.3013e-06 -1.07034e-06)
(1.50183e-06 6.75754e-07 -9.43419e-07)
(-1.8381e-07 -2.18345e-06 -2.19633e-07)
(-3.19214e-07 -2.23995e-09 -1.98047e-07)
(1.37531e-07 -4.40763e-07 -1.57328e-07)
(3.21927e-07 9.00323e-07 6.73347e-07)
(-1.88274e-07 7.88641e-07 -3.60214e-07)
(2.68071e-07 -2.03383e-07 2.29954e-07)
(8.80214e-07 5.06456e-07 -7.12365e-07)
(-2.31551e-07 -4.01233e-07 -1.61703e-06)
(3.16072e-07 4.1351e-07 9.16281e-07)
(-1.05283e-07 -3.90351e-07 1.1333e-06)
(2.89577e-08 3.46954e-07 4.00486e-07)
(5.32502e-07 5.3443e-09 -3.43637e-07)
(-6.15167e-08 -3.9515e-08 -5.94962e-07)
(9.30733e-08 -1.57164e-07 -9.87843e-07)
(-9.8917e-08 1.73199e-07 1.07893e-07)
(-5.22285e-07 -1.1299e-07 4.30096e-06)
(1.95817e-07 9.71486e-08 -2.81996e-06)
(-2.00579e-07 -1.36525e-07 -7.2369e-07)
(1.05532e-07 2.39945e-07 1.50691e-06)
(-2.10948e-08 8.71377e-08 3.76343e-06)
(1.72079e-07 -1.60912e-08 1.36765e-07)
(2.00256e-08 1.04848e-07 -1.99899e-07)
(1.18434e-07 -5.43691e-08 -5.48242e-07)
(4.88611e-07 2.13963e-08 2.39035e-07)
(-2.34332e-08 5.06098e-08 3.18442e-07)
(2.39936e-07 6.38082e-09 4.83501e-06)
(6.96931e-07 4.27247e-07 -2.16722e-06)
(-1.15943e-06 -5.09113e-07 -7.81975e-07)
(-3.07308e-08 -1.72119e-08 1.74528e-07)
(-3.9599e-07 -1.2235e-08 -1.59696e-06)
(-8.68011e-07 -1.8933e-07 1.82603e-06)
(5.06182e-07 -1.50344e-06 6.47857e-06)
(-8.77613e-07 1.04372e-06 5.18636e-06)
(-1.03665e-06 -3.86404e-07 2.6861e-06)
(1.86017e-06 -1.48065e-07 -2.15019e-06)
(-3.05158e-07 6.78564e-08 -2.26778e-06)
(-2.56973e-08 -1.31732e-07 -2.09568e-06)
(-2.50195e-08 1.02472e-06 2.71748e-06)
(-1.48684e-07 2.05514e-07 1.13253e-06)
(-6.66379e-07 -3.07197e-07 8.26303e-07)
(1.62876e-08 -3.04008e-09 -8.47861e-07)
(-1.39301e-07 -6.17894e-08 -1.31283e-06)
(6.94282e-08 6.94316e-09 1.87402e-07)
(3.99794e-07 5.53137e-08 -5.03817e-07)
(-8.34397e-08 2.12103e-07 2.13759e-08)
(-1.20298e-07 5.23302e-08 -3.43117e-07)
(7.67984e-09 -4.96453e-08 8.42034e-07)
(-2.39044e-07 -1.60317e-07 5.81823e-07)
(-3.44751e-08 -7.61584e-08 -7.52961e-08)
(1.62076e-08 2.90692e-07 -9.75913e-07)
(-5.19504e-07 -8.25028e-08 -1.0127e-06)
(3.65665e-07 -5.89728e-08 1.15259e-06)
(-4.49645e-07 -2.82764e-07 6.61658e-07)
(-3.3004e-07 7.57166e-07 -3.25108e-06)
(7.87854e-07 -4.93991e-08 -7.901e-07)
(3.53404e-07 -3.48244e-06 2.13943e-06)
(-2.74156e-06 9.49496e-07 1.5896e-06)
(5.46943e-06 1.19716e-06 2.59477e-06)
(8.65766e-08 6.42975e-08 -7.01736e-06)
(-3.38419e-07 -4.70923e-07 -7.47528e-06)
(2.78083e-07 -9.38134e-08 5.46075e-06)
(-1.42945e-06 1.17066e-06 3.36827e-07)
(-1.30854e-06 2.09994e-06 6.3689e-07)
(-2.50142e-07 2.87764e-08 3.54362e-07)
(-7.67671e-08 8.19591e-09 -1.3941e-07)
(-8.66521e-07 -2.59176e-06 6.16065e-07)
(-2.19797e-07 2.5602e-07 -1.49581e-07)
(-2.40937e-07 3.49154e-07 -2.65288e-08)
(-6.58104e-10 -1.82141e-07 -1.83085e-06)
(-3.96815e-07 1.60853e-07 -1.90502e-07)
(-3.80555e-07 -6.89308e-08 4.07343e-07)
(6.63044e-07 -7.16865e-09 -2.70915e-07)
(9.53082e-07 2.84794e-07 -5.55207e-07)
(2.39926e-07 -9.63345e-07 -3.09154e-07)
(2.48231e-06 -6.6271e-07 3.95512e-07)
(1.10655e-06 5.88577e-07 -4.69746e-07)
(-1.27832e-06 -1.31097e-06 7.10387e-08)
(-1.63871e-07 2.60232e-07 5.15225e-07)
(2.39354e-07 -3.53859e-09 -1.12576e-06)
(-5.20593e-07 1.57689e-07 5.19505e-07)
(1.57063e-06 1.80943e-06 -1.02005e-06)
(1.58748e-07 5.6136e-07 6.04193e-07)
(1.54642e-06 -8.11008e-07 -3.90426e-07)
(1.23242e-07 -7.89399e-07 -7.32708e-07)
(-3.55655e-07 2.51122e-07 7.43529e-08)
(-4.06816e-08 3.39409e-07 -1.46463e-06)
(-1.09992e-07 -3.0451e-08 4.18299e-07)
(4.80413e-07 -3.18252e-08 -9.96823e-07)
(-5.77876e-07 -6.35444e-07 2.06056e-07)
(-2.12432e-07 -1.95912e-07 -1.51306e-06)
(-3.04693e-07 9.30662e-08 1.51286e-06)
(3.47689e-07 3.56434e-07 7.31986e-06)
(-1.48782e-07 -1.71906e-07 2.43391e-06)
(-9.41189e-08 -7.22786e-08 3.17553e-06)
(-7.898e-08 -4.76927e-08 2.12239e-07)
(-2.16488e-08 2.31739e-07 -1.03338e-06)
(-2.6096e-08 2.92156e-09 9.86451e-07)
(3.23581e-07 -8.31152e-08 2.42229e-06)
(-1.51144e-07 -1.54748e-07 -7.90148e-06)
(-1.60254e-07 8.03762e-08 -1.11803e-06)
(8.65806e-08 -1.74937e-08 7.93979e-07)
(-1.49169e-07 5.7343e-08 1.95925e-06)
(5.85341e-09 -1.26817e-08 3.81722e-07)
(-6.04054e-08 -3.33418e-09 7.7228e-07)
(-6.14403e-08 -2.05454e-07 -5.26247e-07)
(-2.53782e-07 -4.96566e-08 1.37501e-06)
(1.98743e-07 2.2616e-07 8.66081e-06)
(8.44414e-07 -6.20278e-07 1.47709e-06)
(-8.32402e-07 -3.03452e-07 1.68313e-06)
(-1.40872e-07 -1.18044e-06 -1.18823e-07)
(1.98391e-07 -8.55646e-07 -1.55831e-06)
(-1.24091e-06 -4.97699e-07 2.49733e-07)
(-1.86105e-07 -1.36123e-06 -3.7186e-07)
(-2.38834e-07 -6.38527e-07 -1.02973e-07)
(-1.77207e-07 1.6125e-08 7.86903e-07)
(1.11005e-07 -2.0691e-07 1.66627e-07)
(-9.97133e-07 2.56708e-08 -9.86415e-07)
(-3.27457e-07 5.88862e-08 6.83505e-07)
(9.05233e-08 1.51432e-08 5.9084e-07)
(-5.60912e-08 1.00777e-07 -8.93605e-07)
(7.20104e-08 -3.24711e-08 1.46109e-06)
(2.03609e-07 9.58404e-08 7.63067e-07)
(7.81262e-08 -4.83395e-08 5.877e-07)
(2.3735e-07 2.08835e-07 -1.14625e-06)
(2.78397e-07 6.45879e-08 1.90418e-07)
(3.76724e-07 -4.89818e-07 2.04318e-06)
(-3.21377e-08 1.63291e-07 1.43936e-07)
(-4.68693e-08 -4.59905e-08 2.82271e-06)
(-1.85619e-07 -2.17965e-07 -4.00816e-06)
(9.47853e-07 2.08662e-06 -5.97084e-08)
(-6.73025e-08 -9.24139e-09 -1.88994e-07)
(-1.37252e-06 -5.5942e-07 -1.01055e-06)
(6.83444e-07 1.10592e-07 -1.03716e-07)
(-2.82904e-07 -6.45395e-08 1.46776e-06)
(1.59815e-07 1.00889e-07 1.25346e-07)
(-8.17695e-07 9.44395e-08 6.57846e-08)
(3.43336e-06 -1.00851e-07 1.48707e-07)
(4.291e-07 -3.81225e-08 -1.30236e-06)
(-9.29833e-08 4.38409e-08 -8.34867e-07)
(-5.15252e-07 4.42212e-07 4.66786e-07)
(-4.72229e-07 -5.71435e-08 3.00459e-07)
(-7.48636e-07 8.28235e-07 1.6797e-08)
(8.13728e-07 -6.43506e-08 -3.57645e-07)
(-1.48493e-06 1.26585e-06 1.69833e-06)
(1.17604e-06 1.28662e-06 -1.06828e-06)
(8.53935e-07 5.66803e-07 -1.28792e-06)
(-7.10022e-07 6.92637e-07 2.27174e-06)
(-1.27658e-06 1.68875e-06 1.76904e-06)
(-6.89503e-08 2.32884e-07 -7.49764e-07)
(3.58309e-07 -3.07503e-07 3.01052e-06)
(-1.11492e-07 -3.00572e-07 -4.70198e-07)
(-4.05118e-07 -9.29349e-09 1.03952e-06)
(1.84113e-07 2.84396e-07 -8.88531e-07)
(2.03106e-07 -3.05312e-07 -9.19838e-07)
(1.05289e-06 4.32061e-07 4.18198e-07)
(-1.17072e-07 -5.28368e-07 -4.88142e-06)
(2.85162e-07 5.44548e-07 5.38152e-07)
(1.33991e-07 1.76816e-07 -3.0581e-06)
(-4.81947e-08 2.45018e-07 1.32698e-06)
(-2.24413e-07 -5.77841e-07 1.8647e-06)
(1.87174e-07 1.58355e-07 -2.29208e-07)
(5.95453e-07 -9.38721e-08 -9.32019e-07)
(2.35348e-07 -8.53663e-08 -5.76903e-07)
(-4.36604e-08 -7.24726e-08 1.17172e-06)
(1.2595e-09 2.27735e-07 -3.18219e-07)
(5.80091e-08 5.79696e-08 1.34274e-07)
(1.00585e-07 -2.50542e-08 1.55379e-06)
(1.81782e-07 1.29862e-07 -3.8783e-06)
(-1.29853e-08 -1.00825e-07 1.79838e-06)
(-1.69043e-07 -6.77858e-08 2.92037e-06)
(-4.67619e-08 -9.76525e-08 5.33908e-07)
(1.37474e-07 1.26242e-07 2.27678e-07)
(-1.37702e-08 -4.91828e-08 3.50232e-07)
(-4.39865e-09 -4.78548e-09 5.06673e-07)
(1.22211e-08 1.23667e-08 -3.62799e-07)
(-1.28575e-08 -3.75698e-08 2.32316e-06)
(-7.24541e-08 -2.59555e-08 -1.86751e-06)
(2.66158e-08 1.66257e-08 2.62062e-07)
(-4.34666e-07 -2.51604e-07 2.29554e-06)
(-7.28135e-08 -2.83329e-08 2.97554e-06)
(3.35983e-08 -1.51406e-08 1.63543e-06)
(3.83871e-08 3.60802e-08 -3.94425e-06)
(1.68345e-07 -4.77052e-09 5.97629e-07)
(-1.67456e-07 -7.07355e-08 -3.39015e-07)
(-2.1842e-08 -8.43758e-09 -2.89369e-08)
(-1.50946e-07 -6.83093e-08 1.76715e-06)
(7.93042e-08 -2.12114e-07 4.84442e-07)
(5.12309e-07 -1.2996e-07 -6.42968e-09)
(-6.0922e-07 2.03739e-07 -3.54335e-08)
(1.68002e-07 -3.45231e-07 -7.6516e-07)
(9.77086e-08 6.48004e-07 5.60074e-07)
(-4.26287e-07 -2.10065e-07 -1.25353e-06)
(-4.39589e-09 -3.69122e-09 6.27013e-07)
(-5.02521e-08 1.75e-07 -1.69377e-06)
(7.28161e-07 -4.92234e-08 1.48271e-06)
(-1.50633e-08 1.00883e-07 -1.30603e-06)
(6.58473e-08 -1.30447e-07 2.84538e-06)
(-3.9145e-07 5.14594e-08 -1.3034e-06)
(9.90198e-08 2.20983e-07 1.82971e-06)
(-4.03019e-08 -1.18048e-06 6.83047e-07)
(-2.60299e-08 4.28045e-07 -7.86841e-07)
(-5.69738e-06 -5.73045e-07 2.87126e-07)
(2.52064e-07 -5.82532e-07 -1.06842e-06)
(-2.6526e-07 1.97316e-06 -1.46451e-06)
(-2.99215e-07 -4.54129e-07 6.38883e-07)
(-3.35133e-09 2.55792e-07 -1.214e-06)
(5.81534e-08 3.77854e-08 -2.37572e-07)
(1.5249e-07 7.85071e-08 8.65446e-08)
(1.6563e-07 3.4629e-08 -6.56326e-07)
(-1.45727e-07 1.48324e-07 1.65401e-07)
(-2.64568e-07 -3.30136e-07 -1.13968e-06)
(1.04192e-07 -3.3137e-08 -4.70924e-07)
(-1.71923e-07 1.30455e-07 4.35419e-07)
(4.74117e-08 -5.18468e-08 1.12336e-06)
(-1.84053e-08 1.88507e-07 1.40347e-06)
(1.17214e-09 2.46034e-08 1.61435e-09)
(2.07702e-08 1.74449e-07 6.44845e-07)
(-1.71142e-07 -8.19364e-08 -5.38604e-08)
(3.09515e-07 -1.75418e-08 1.38895e-08)
(1.29737e-07 9.12931e-08 1.19713e-06)
(-2.55118e-07 -4.20945e-07 -5.20695e-07)
(-2.07081e-08 9.68276e-09 -1.79699e-07)
(-3.92308e-07 -2.4607e-07 3.39847e-07)
(-5.0315e-08 -3.69712e-08 2.41109e-07)
(5.27586e-09 6.18556e-09 1.51952e-06)
(-9.27199e-08 6.14505e-08 4.48996e-07)
(-4.01686e-07 2.2456e-07 -3.61074e-07)
(-7.11092e-08 -3.81448e-08 2.21407e-07)
(9.98149e-09 -2.93962e-08 1.41467e-06)
(5.41238e-07 -1.00493e-07 1.10337e-06)
(2.3754e-07 -1.41474e-07 -5.16314e-08)
(-1.57264e-09 5.18992e-08 -1.09529e-06)
(-2.39369e-07 9.22366e-10 1.36633e-07)
(-1.14138e-07 8.75728e-08 -3.51447e-06)
(2.00073e-07 1.07898e-07 -6.60994e-07)
(-2.55288e-09 2.22626e-08 -1.44387e-06)
(-3.67241e-07 1.2819e-07 -5.209e-06)
(-1.29906e-07 -2.16449e-07 2.89465e-06)
(-1.26502e-07 -4.12999e-08 1.88613e-06)
(8.13649e-09 -2.29483e-07 1.06693e-07)
(-8.35539e-08 -1.77782e-07 1.25796e-06)
(-1.46718e-07 -2.15998e-07 3.26372e-06)
(-6.52863e-08 -6.70695e-08 -9.76675e-07)
(1.98647e-08 1.30006e-07 -2.38866e-06)
(-2.66264e-08 -3.64511e-08 7.20828e-06)
(7.85092e-09 -5.26153e-08 2.38826e-06)
(1.14182e-07 -5.18558e-08 3.81487e-07)
(1.44091e-08 -3.3771e-08 9.64275e-07)
(-7.35916e-09 1.70861e-08 -2.35796e-06)
(1.82102e-08 2.19525e-10 -3.31528e-08)
(-3.57459e-10 7.53521e-09 8.95257e-07)
(2.39228e-10 9.27662e-09 1.13314e-06)
(-4.1893e-10 1.04481e-10 -2.82598e-07)
(0 0 0)
(0 0 0)
(0 0 0)
(2.40241e-08 -1.14599e-08 -9.2311e-07)
(-3.31105e-09 -8.97433e-10 -2.18677e-07)
(-2.66755e-08 -1.30875e-08 -1.25584e-06)
(0 0 0)
(-9.17209e-09 -1.25969e-08 -8.91293e-07)
(6.54391e-08 4.89084e-08 1.76092e-06)
(2.42341e-09 -2.06247e-09 -1.18481e-06)
(-5.07009e-08 3.8358e-08 -5.29832e-07)
(1.49817e-07 5.13546e-08 -1.99463e-06)
(-3.5339e-08 2.7303e-08 4.88338e-07)
(-3.5532e-08 5.95537e-08 -1.71332e-06)
(2.46314e-07 3.99304e-08 1.28696e-06)
(-3.04334e-08 1.03598e-09 1.27363e-06)
(0 0 0)
(1.01735e-08 -2.63835e-09 -1.82685e-06)
(7.24536e-07 -1.41325e-08 2.8003e-06)
(3.59458e-08 -1.24583e-09 1.3611e-06)
(0 0 0)
(-2.49596e-07 -1.46374e-06 -2.37237e-06)
(0 0 0)
(-4.46104e-07 -1.71051e-06 -3.42696e-06)
(-4.16584e-07 2.99387e-07 -1.40105e-06)
(-5.46565e-08 5.75872e-08 -6.26106e-07)
(-5.81997e-08 4.05969e-08 3.99571e-07)
(3.08973e-08 -1.34818e-08 1.81639e-06)
(-9.06798e-07 4.47681e-08 -7.99642e-07)
(1.64782e-07 -7.7665e-09 -2.68721e-07)
(1.23594e-09 4.76489e-09 -3.95301e-07)
(6.94804e-08 -4.92362e-08 1.01858e-07)
(-3.03932e-09 -7.74814e-09 7.37164e-07)
(-7.6898e-08 -5.88038e-08 -4.91942e-07)
(0 0 0)
(0 0 0)
(5.25277e-08 3.18063e-08 1.86172e-06)
(-1.95059e-08 -1.24833e-08 -1.48677e-06)
(-9.16552e-09 -2.06695e-09 -6.96949e-07)
(1.52847e-08 6.17222e-09 2.4847e-06)
(4.33269e-08 -2.04406e-08 -1.85087e-07)
(6.62976e-08 4.31828e-08 1.50553e-07)
(-7.29072e-08 -4.75257e-08 -3.62119e-07)
(-6.79141e-08 -5.48414e-08 -5.83208e-07)
(6.70382e-09 -5.95443e-09 -5.5687e-07)
(-2.66264e-08 -3.64511e-08 7.20828e-06)
(9.95091e-09 -3.36905e-09 3.19007e-07)
(0 0 0)
(-8.47825e-09 4.82175e-09 -3.87994e-07)
(0 0 0)
(-1.3108e-09 9.51082e-11 -2.33226e-06)
(5.84124e-09 3.18648e-09 -4.93958e-07)
(0 0 0)
(1.54213e-10 -3.20396e-11 -9.05029e-08)
(1.09792e-09 -4.80842e-10 -5.87303e-07)
(4.42051e-08 7.34339e-09 -2.04694e-06)
(8.95118e-08 2.08086e-08 -4.36389e-07)
(1.91219e-07 8.70861e-08 1.01757e-06)
(2.08024e-08 4.26436e-08 9.69685e-08)
)


// ************************************************************************* //
