/*--------------------------------*- C++ -*----------------------------------*\
  =========                 |
  \\      /  F ield         | OpenFOAM: The Open Source CFD Toolbox
   \\    /   O peration     | Website:  https://openfoam.org
    \\  /    A nd           | Version:  8
     \\/     M anipulation  |
\*---------------------------------------------------------------------------*/
FoamFile
{
    version     2.0;
    format      ascii;
    class       vectorField;
    location    "0/lagrangian/kinematicCloud";
    object      U;
}
// * * * * * * * * * * * * * * * * * * * * * * * * * * * * * * * * * * * * * //


1578
(
(-6.54596e-06 0.000608939 5.93334e-05)
(-0.000301323 0.000776315 0.000466028)
(-0.000342049 -0.00126508 1.80528e-05)
(0.000111986 -0.00102843 3.01786e-05)
(0.000105692 -0.00042035 -0.000986177)
(-0.00047399 -0.000865986 0.00014985)
(0.000203789 -2.48973e-05 0.00019519)
(0.000460212 0.000322199 -0.00916529)
(-0.000244467 -6.8562e-05 -0.000241869)
(-6.79259e-05 4.17273e-05 3.16636e-05)
(0.000117736 -0.00161303 -9.97533e-05)
(-9.98579e-05 -5.12491e-05 0.000526679)
(0.000736242 -0.00156763 0.000583979)
(-0.000194475 0.000138319 0.00821054)
(-0.000169419 -0.000449284 -4.09918e-06)
(-3.66275e-05 -0.00046127 -1.61851e-05)
(-8.36522e-05 -0.000542437 -6.46597e-05)
(-0.000206932 -0.000892418 -5.26929e-05)
(0.000228525 -0.000803959 3.53324e-05)
(2.33565e-05 6.09165e-05 0.000130518)
(0.000175076 -0.000512848 -2.55707e-05)
(-0.000154747 -0.000107237 4.34984e-05)
(3.72266e-06 -0.000666511 5.7787e-05)
(8.57342e-05 -0.000471769 -1.37547e-05)
(0.000120005 -0.000248395 -2.6122e-05)
(0.000145627 -1.45359e-05 2.23566e-05)
(0.000837709 -0.000643806 0.000341169)
(0.000664568 -0.000653562 -0.000520006)
(0.000827369 -0.000600985 0.000535073)
(0.000574991 -7.1589e-05 4.45696e-05)
(0.000440107 -0.000176019 -6.31498e-05)
(0.000654545 -0.00012772 -1.25418e-05)
(0.000438748 -0.000235057 7.79845e-05)
(0.000640758 -0.000531789 0.000182809)
(0.000648418 -0.000626052 -4.09398e-05)
(0.000780519 -0.000585112 -6.18617e-05)
(0.000503204 -0.00100379 0.000785285)
(0.00075216 -0.000670131 -0.000302791)
(0.000764094 -0.000341783 0.000695661)
(0.000709163 -0.000429907 -8.14017e-05)
(0.000824577 -0.000506794 0.000841869)
(0.000731077 -0.0005102 -0.000110029)
(0.000685364 -0.000454136 0.000299049)
(0.000652649 -0.000379405 0.000867315)
(0.000688852 -0.000414688 -1.41149e-05)
(0.000661196 -0.000399308 -0.000325031)
(0.000737438 -0.000486327 -7.09735e-05)
(0.000667748 -0.000532447 -2.0997e-05)
(0.000622917 -0.000552721 8.45968e-06)
(0.000674447 -0.000578185 -1.70726e-05)
(0.000584715 -0.000571609 1.62619e-05)
(0.000709595 -0.000619221 -5.28725e-05)
(0.000578332 -0.000478149 1.47523e-05)
(0.00102213 -0.000469273 0.000418091)
(0.000859564 -0.000201268 0.000359538)
(-8.35136e-05 -0.000402993 0.00152358)
(8.7876e-05 -0.000296601 5.24331e-05)
(0.000788737 -0.000547203 -0.000154027)
(-0.000538192 -0.000357264 -0.000353953)
(-0.000596895 -0.000498682 -0.000195736)
(-0.000857959 -0.000892836 -0.000379375)
(-0.000333336 -0.000378547 -5.50445e-05)
(-7.41274e-06 -0.00103517 -0.000114589)
(-7.88622e-05 -0.00143417 -0.000272602)
(0.000144628 -0.00115021 1.17948e-05)
(0.000196532 -0.000750543 0.000270701)
(0.000347059 -0.00182996 0.000204865)
(0.0004794 -0.00210763 0.000623309)
(0.00029471 -0.00265112 0.000115534)
(0.000710664 -0.00319101 -3.35282e-05)
(4.73134e-05 -0.00232835 -2.3968e-05)
(-0.000736788 -0.00110164 0.000174736)
(-0.0031011 -0.00202877 -1.38234e-05)
(-0.000627568 0.0017536 6.30714e-05)
(-0.00114889 0.000816143 -8.04515e-05)
(0.000636395 0.000373053 -0.000614426)
(0.000140021 -0.00127084 0.000286208)
(0.000468199 -0.000792827 0.00116252)
(-0.000210864 0.00106001 1.03467e-05)
(0.00119986 -0.000813755 -0.00137524)
(0.00048763 -0.000562927 -0.00784832)
(-0.000241004 -0.000193738 -0.000129207)
(0.000270455 -0.000507365 -0.000134512)
(0.000236416 0.00014608 1.02825e-05)
(6.5013e-05 1.53261e-05 -0.000101861)
(8.49019e-06 -0.000136282 -4.8467e-05)
(5.10678e-05 2.55081e-05 6.63291e-05)
(0.000145005 -0.000124514 -1.21199e-05)
(0.000115481 -0.000450586 0.000136543)
(0.000103614 -0.000405363 -1.9794e-05)
(0.000105266 -0.000545047 2.86078e-05)
(1.47148e-05 -0.000539504 2.92082e-05)
(2.27019e-05 -0.000686757 3.15712e-05)
(-9.98592e-05 -0.000627663 5.3411e-05)
(6.71208e-05 -0.000692191 2.99441e-05)
(0.000147078 -0.000484081 -4.06093e-05)
(0.000146884 -0.000598759 -6.54358e-05)
(-0.000518816 -0.000174622 -7.58129e-05)
(0.000364649 -0.000340595 -0.00205021)
(-8.05412e-06 -0.000266976 -9.17685e-05)
(0.00103827 -0.00152795 4.72773e-05)
(0.000918774 -0.00103734 0.000709796)
(-0.000374896 -0.000327554 -0.000239463)
(0.000749532 -0.000959779 8.0598e-05)
(0.000702235 -0.000415998 0.000184512)
(-0.000265919 -0.000918107 -0.00175188)
(0.000484609 -0.000439151 0.000186064)
(0.000515794 -0.000385069 0.000568703)
(0.000665465 -6.21773e-05 1.34386e-05)
(0.00031126 -0.000274926 -0.000115896)
(0.000609261 -0.00013249 0.00010708)
(0.000785623 -5.09934e-05 0.00108668)
(0.00092142 -0.000487834 0.00021571)
(0.000508829 7.39372e-05 8.72662e-05)
(0.000481911 -0.000322953 4.4447e-06)
(0.000572441 -0.00046508 -5.86545e-05)
(0.000615549 -0.000528535 7.32398e-05)
(0.000641855 -0.000373502 -1.84066e-05)
(0.000708192 -0.000339256 6.90625e-05)
(0.000659658 -0.000298276 -1.1413e-05)
(0.000787119 -0.000330882 1.52477e-05)
(0.00073773 -0.000359675 -0.000319532)
(0.00070765 -0.000483153 -3.38396e-05)
(0.000769478 -0.000436781 -3.76279e-05)
(0.000682642 -0.000515382 -5.42881e-06)
(0.00070102 -0.000506313 4.58602e-05)
(0.000779033 -0.0006206 -5.50002e-05)
(0.000660093 -0.000570276 -0.000262078)
(0.00084909 -0.000662629 4.23733e-05)
(0.00089223 -0.000298948 4.41776e-05)
(0.000912942 -0.000302728 -3.07988e-05)
(0.000550424 -0.000599705 7.90765e-05)
(0.000383418 -0.000177986 0.000793472)
(0.000742767 -0.000637092 5.76521e-05)
(0.000445913 -0.00025542 -0.000287309)
(0.000500743 -0.000215432 0.00015533)
(0.000686752 -0.000433891 -0.000109404)
(0.00105487 -0.000906577 0.00011531)
(0.000582945 -0.000860582 -0.000416478)
(0.000568223 -0.0010311 0.000127628)
(0.000311451 -0.00140284 -3.7116e-06)
(-0.000411876 -0.00154041 -0.000847631)
(-4.25863e-05 -0.00210523 -0.000861179)
(0.000500745 -0.00172339 -0.00125609)
(0.000154368 -0.00244721 -0.000512123)
(-0.00057861 -0.00323265 -9.9002e-05)
(-6.72174e-06 -0.00250389 0.000362042)
(7.71453e-05 -0.00136949 -0.000155495)
(-0.00148124 -0.00254332 -0.000815439)
(5.6796e-05 0.002143 0.00200945)
(1.4484e-05 0.000940701 5.5825e-05)
(0.00115558 0.000790857 -0.000640933)
(0.00197853 -0.00256097 -0.00178567)
(0.000362848 -0.00173335 0.00052007)
(0.000296485 -0.00177784 9.63384e-05)
(0.0171601 -0.00444455 -0.00144282)
(-0.000295409 -3.31027e-05 -5.72426e-05)
(0.000696737 -0.00107074 -4.31231e-05)
(-0.000227743 -0.000907726 -7.53304e-05)
(0.000322009 -0.000465225 1.32075e-05)
(-8.59354e-07 -0.00142482 8.50384e-05)
(0.00010359 -0.000285866 7.56145e-05)
(0.000120171 0.000136089 -4.451e-05)
(-0.000205589 -0.000257783 2.57301e-05)
(0.000391544 -0.000256631 1.11522e-05)
(-3.0376e-05 -0.000127762 -1.80982e-05)
(0.000377336 -0.0004586 2.34786e-05)
(7.58981e-05 -0.000156866 -1.05032e-05)
(0.000150658 -0.000700418 -3.53338e-07)
(0.000130292 -0.000676073 5.88588e-05)
(0.000150091 -0.000807612 -1.59111e-05)
(0.000153385 -0.000799797 5.58004e-05)
(0.000190433 -0.000879022 0.000148315)
(0.000146984 -0.000615656 -0.000118162)
(-0.000224354 -0.000647349 0.000204472)
(-0.000249394 -0.000195437 -4.45035e-05)
(-0.000355415 -0.000358808 -0.000129504)
(-0.000197142 -0.000459121 0.000637464)
(-0.00084555 -0.000160663 0.00151222)
(-0.000470603 -0.000901317 0.000289766)
(-0.000276833 -0.000722428 0.00205629)
(-0.000878034 -0.000560199 -0.000225514)
(0.000523458 -0.000858619 -0.000429196)
(-0.00014357 -0.000420895 -0.000177236)
(0.00123927 -0.00102293 4.08617e-05)
(0.000568955 -0.00058913 -0.000218168)
(0.000421754 -0.000229421 0.000149466)
(0.000561612 -0.000358853 6.21449e-05)
(0.000655247 -0.000325362 -9.21498e-05)
(0.000503335 -0.000343921 4.77015e-05)
(0.000468911 -2.68797e-05 -2.05945e-05)
(0.000641328 -0.000117528 3.92868e-08)
(0.000407652 -0.0001611 0.000148979)
(0.000524057 -0.000311069 7.78084e-06)
(-0.000429407 -0.000403663 1.9597e-06)
(-0.000532895 -0.000663447 -1.22291e-05)
(-1.26735e-05 -0.000694734 -1.53524e-05)
(0.00073109 -0.000309339 3.43903e-05)
(-0.000178299 -0.000721809 -9.10963e-05)
(0.000236524 -0.000304394 0.0066255)
(0.000580495 -0.000586476 1.47069e-05)
(0.000955592 -0.00031079 -7.68128e-05)
(0.000756975 -0.000324683 -7.10292e-05)
(0.00044613 -0.000355092 -0.000266358)
(0.000256505 -0.000491882 -0.000451797)
(0.000812015 -0.000621452 -6.21676e-05)
(0.0006518 -0.000628714 -7.53159e-05)
(0.000851704 -0.000565617 1.3359e-05)
(0.000842759 -0.000513522 -9.61223e-05)
(0.000799308 -0.000602115 6.54765e-05)
(0.00090362 -0.000245172 1.01776e-05)
(0.000225784 7.56533e-05 -0.000141092)
(0.00103048 -0.000573231 -4.90259e-05)
(0.00103144 -0.000833346 -2.58414e-06)
(0.000154898 -0.000190512 -0.00160908)
(0.000539518 -0.00048176 2.5228e-05)
(0.00100531 -0.000682795 -0.000196157)
(0.000883337 -0.000623758 -0.000169324)
(0.000336255 -0.000922026 0.000129419)
(0.00149311 -0.00134904 0.000586712)
(0.000131808 -0.0013608 0.000295842)
(0.00081346 -0.00209501 0.000437836)
(-9.40993e-06 -0.00161443 -0.000675372)
(-0.000713273 -0.0023458 -0.000124978)
(-0.0004296 -0.00142462 -6.12194e-05)
(-0.0018536 0.0005028 -0.000860282)
(0.0110073 0.00408323 0.00172568)
(0.00107586 -0.00231581 0.00129582)
(0.00267623 -0.00271186 -0.00116104)
(0.000395018 -0.00194818 2.7175e-05)
(0.000245069 -0.000728913 0.000221571)
(-0.000285051 -0.00144953 -1.33551e-05)
(-0.000134022 -0.00135886 -8.11399e-05)
(0.000476231 -6.33822e-05 -0.000317395)
(0.000435763 -0.000365067 -0.000622953)
(0.000501844 -0.000226301 4.95653e-05)
(5.67904e-06 -0.000410825 0.00131495)
(6.55106e-05 -0.00103742 -3.15502e-05)
(0.000384521 -0.00130087 -0.000567945)
(0.000195921 -0.00123529 -4.38538e-05)
(0.000166539 -0.000911165 -0.000108622)
(0.000138833 -0.00101824 4.93505e-05)
(0.000253082 -0.00116581 4.68747e-05)
(-0.00516526 -0.00272644 4.96527e-05)
(-0.00445382 -0.00186674 -0.000238783)
(-0.000245664 -0.000656636 0.000191584)
(-5.21173e-05 -0.000461344 -0.000164019)
(2.61589e-05 -0.000162831 -3.52367e-06)
(0.000514585 -0.000442295 1.38955e-05)
(-0.00111001 -0.000214421 -0.00359236)
(-0.000443493 -0.000585231 -0.000656581)
(-0.000356752 -5.49001e-05 -0.000172945)
(0.000701514 -0.00150015 -0.000354272)
(0.000478157 -0.00138095 0.000100947)
(0.000352141 -0.00163507 3.18951e-05)
(0.000729955 -0.00103828 1.54305e-06)
(0.000407435 -0.000769614 -5.01879e-05)
(0.000433452 -0.00034112 -8.89739e-05)
(0.000327152 -0.000404474 -2.25089e-05)
(0.000269058 6.33482e-05 -1.86282e-05)
(0.000376199 -1.30683e-05 -4.07704e-06)
(-0.00302934 -0.000880226 0.000483614)
(0.000462481 0.000101348 -2.95546e-05)
(0.000919891 0.000138878 0.000175937)
(0.000637755 -0.000187411 7.95164e-05)
(0.000118637 -0.00105258 1.71434e-05)
(0.000640906 -0.000820832 -7.61381e-05)
(0.00111494 -0.000356374 9.4677e-06)
(0.00143022 -0.000365181 -2.97125e-05)
(0.000905474 -0.000593866 -8.11507e-05)
(0.000997815 -0.000666191 7.43517e-06)
(0.000390176 -0.000379069 0.000118339)
(0.000834601 -0.000559099 2.8093e-05)
(0.000516866 -0.000615902 6.51389e-05)
(0.000829785 -0.000654651 -8.1622e-06)
(0.000712324 -0.000604603 -7.32683e-05)
(0.000828605 -0.000411743 0.000124926)
(0.000730002 -0.000163431 -3.72717e-06)
(0.000412594 -0.000289716 -8.10792e-05)
(0.000570992 -0.000359631 -1.49241e-05)
(0.000542055 0.0001089 0.00012595)
(0.000729668 -0.000607475 0.000122257)
(0.000524814 -0.000666913 6.00855e-06)
(0.000456522 -0.00103257 -1.33786e-05)
(0.000250335 -0.000434743 -5.50507e-05)
(0.000743448 -0.000585235 8.14061e-05)
(0.000632759 -0.000778528 -8.27619e-05)
(-0.000217941 -0.000529234 -0.00021686)
(-0.00010857 -0.00185505 -6.40484e-06)
(0.00157425 -0.00133769 -9.9643e-05)
(0.000397499 -0.00157933 7.92324e-06)
(-0.000746649 -0.00133248 -8.91541e-05)
(-8.28162e-05 -0.00196657 0.000225784)
(0.000102524 -0.00125297 -1.634e-05)
(-0.0007053 -0.00173055 -0.000333007)
(0.000411469 0.000909127 -0.000181106)
(0.00166268 -0.00100805 -9.557e-06)
(0.0014677 -0.00209563 -0.00367678)
(0.000961324 -0.00163082 0.000611546)
(0.00179074 -0.00155937 -0.000237463)
(0.000117839 -0.00251622 -2.31263e-05)
(-0.000956493 -0.00355894 0.000179995)
(0.000191399 -0.000750028 0.00392617)
(0.000194949 -0.00273615 0.0168295)
(9.70801e-05 -0.0033114 0.000484003)
(0.000155361 -0.00132892 -1.33163e-05)
(0.000742001 -0.0010475 0.00149597)
(-0.00113088 -0.000692646 0.000113988)
(0.00031416 -0.000172746 7.00353e-05)
(0.000554319 0.000179639 0.000663145)
(0.000652952 -0.0010557 -3.57449e-05)
(0.00110511 -0.000847522 0.000236292)
(0.00016337 -0.00145573 -0.000548469)
(0.000191344 -0.00132154 0.00124663)
(1.13468e-05 -0.00133119 -3.0929e-05)
(-0.00324296 -0.00268069 -0.00454724)
(0.000115668 -0.00142718 8.61846e-05)
(0.000871737 -0.00273208 -0.00380833)
(0.00128692 -0.00674156 4.45508e-05)
(0.000512423 -0.00102732 0.000213905)
(0.000344634 -0.0010183 4.07757e-05)
(0.000277429 -0.000607971 -4.79041e-05)
(0.000759185 -0.00270036 0.000621438)
(0.000269161 -0.00103416 8.94517e-05)
(-0.000698751 -0.00114022 0.000330512)
(0.00110562 -0.00165736 0.00725248)
(0.000443755 -0.00135094 -0.00190964)
(-0.000158973 -0.00147439 0.00469205)
(-0.000622545 -0.00210103 3.54647e-05)
(-0.000505629 -0.00107941 -0.00592774)
(-0.000550124 -0.000653613 -0.00220829)
(-0.00015274 -0.000534744 -0.000144539)
(-0.000824508 -0.000313743 -0.000813398)
(-0.000817891 -0.000615026 1.23558e-06)
(-0.00126645 -5.19735e-05 -0.000753465)
(-0.00139256 -0.000170101 1.45301e-06)
(-0.00436008 -0.00177939 0.000830905)
(0.00113275 -0.000167489 6.36509e-05)
(-0.00107219 -0.00249164 9.96531e-05)
(0.000451237 -0.0010045 -4.39494e-05)
(0.000845815 -0.000571804 -3.04276e-05)
(0.00125529 -0.000521929 3.18078e-05)
(0.00126579 -0.000646534 2.1186e-05)
(0.00029219 -0.0010349 -1.88967e-05)
(-0.000193777 -0.00105326 5.11881e-05)
(0.000285171 -0.000823199 3.84265e-05)
(0.000352385 -0.000727944 0.000501812)
(0.00133332 -0.000406509 1.08966e-07)
(-0.000102515 -0.00050141 -1.32431e-05)
(0.000780355 -0.000569294 5.41907e-05)
(0.000861323 -0.0003077 7.22812e-06)
(0.000918063 -0.000573092 -0.000242753)
(0.000852789 -0.000657434 -4.46311e-05)
(0.000862005 -0.000609757 3.86892e-05)
(0.000867191 -0.000524163 0.000423312)
(0.00104897 -0.00038716 3.11765e-05)
(0.000797276 -0.000266842 0.000154604)
(0.00126244 -8.96911e-05 0.000480974)
(0.000923796 -0.000252221 -0.000113338)
(0.000521153 -0.000517195 -0.000324219)
(0.000424926 -3.83135e-05 -3.67522e-05)
(0.000813817 -0.000756024 1.38437e-05)
(0.000655096 -0.000425845 1.10169e-05)
(0.00147441 -0.00216079 -5.00098e-05)
(0.000612271 -0.000702021 0.000164728)
(0.000462407 -0.000430655 -4.31542e-05)
(0.000144637 -0.000836827 3.22464e-05)
(0.000538622 -0.00151191 -0.000180494)
(0.00075233 -0.00280807 -0.000310011)
(0.000921607 -0.00240522 -0.000270483)
(-0.000949076 -0.00249221 0.00197867)
(8.09934e-05 -0.00236686 -0.000946022)
(2.99794e-05 -0.00163579 -5.6897e-05)
(0.0004348 -0.00222084 0.000365032)
(0.00236909 -0.0015004 -0.000333496)
(-0.000100716 -0.00289988 -7.58381e-05)
(-0.000744111 -0.00365025 -1.42751e-07)
(0.000488645 -0.00135822 0.000505554)
(0.000218994 -0.00129482 -0.000191703)
(-0.000259262 -0.00334729 -0.000386691)
(0.00142296 -0.000973648 -0.00160111)
(-0.00106959 -0.000746894 -0.000170485)
(-0.0014988 -0.000739613 -0.00777084)
(-0.00116725 0.000215745 0.00533774)
(-0.000645753 -0.00158664 7.69052e-05)
(0.000596931 -0.000758167 5.04199e-05)
(-0.000176401 -0.00141778 -4.6349e-05)
(0.000370343 -0.00123828 1.87707e-05)
(-0.000921403 -0.0015817 6.13225e-05)
(0.000133465 -0.00136504 6.34066e-06)
(-3.65636e-05 -0.00123961 3.18026e-05)
(-0.000164465 -0.00138226 -8.02773e-05)
(0.000225214 -0.00146611 -3.37335e-06)
(0.000437204 -0.00162076 4.83484e-05)
(-0.00101269 -0.00488585 0.00248861)
(-0.000168854 -0.00120836 -3.15582e-05)
(-0.000159313 -0.000566514 -0.00112866)
(0.00013796 -0.0007661 6.26445e-05)
(0.000149101 -0.0011088 -7.87695e-05)
(-8.14358e-06 -0.000459287 -2.48619e-05)
(-0.000353702 -0.00090131 1.43116e-05)
(-0.000768104 -0.00164301 0.00825166)
(-0.00107222 -0.00243444 3.46035e-05)
(-0.000513158 -0.00191286 0.000169832)
(-0.000393295 -0.00129174 -6.92693e-05)
(-0.000671818 -0.00158144 -0.000140402)
(-0.000414818 -0.000539298 -9.25715e-06)
(-0.000568834 -0.000169015 0.000118437)
(-0.00080003 -0.000314401 -0.00351215)
(0.000416904 -0.00260006 -5.48172e-05)
(-0.000739409 -0.00081351 -2.41834e-05)
(0.000301192 -0.00181897 -1.36677e-05)
(-0.00190455 -0.00279908 0.000300126)
(8.54293e-05 -0.00275974 4.25895e-05)
(-0.00199006 -0.00436645 0.000109046)
(0.00100944 -0.000613722 3.96486e-05)
(0.000140109 -0.000704203 0.00104674)
(0.000491743 -0.000423161 9.58005e-05)
(0.000499461 -0.000431875 5.02374e-06)
(0.00018377 -0.00127268 -7.88817e-05)
(0.000152646 -0.0011937 -9.87703e-05)
(0.000462493 -0.000219353 0.000178385)
(0.000299212 -0.000577442 -1.55689e-05)
(0.000480329 -0.000776393 -1.83453e-05)
(0.00080699 -0.000631914 -6.59213e-06)
(0.000745441 -0.000577521 -8.59008e-05)
(0.000708399 -0.000499292 -7.86952e-05)
(0.00198748 -0.00094606 -1.403e-05)
(0.000565611 -0.000592442 5.83797e-06)
(0.000564432 -0.000454238 0.000121124)
(0.000635117 -0.000469336 -5.45565e-05)
(0.000842 -0.000535723 -0.000131363)
(0.000583414 -0.000537834 -0.000353538)
(0.00138631 -0.000569468 -0.000863476)
(0.000851664 -0.000757398 2.28613e-05)
(0.000681033 -0.000588242 0.000121621)
(0.00103205 -0.000451967 -0.000339109)
(0.0007508 -0.000514351 -6.6195e-05)
(0.000783168 -0.000470329 4.6733e-05)
(0.000619851 -0.000638123 -6.62014e-05)
(0.000736617 -0.000399444 -5.84051e-05)
(0.00115638 -0.000229815 -0.000649322)
(0.000889065 -0.00170781 4.53785e-05)
(-9.50349e-05 -0.00260408 -7.33873e-05)
(0.00110167 -0.00207458 -9.03153e-05)
(0.000151711 -0.00209693 8.23126e-05)
(0.00111974 -0.0018948 -1.36703e-05)
(-0.000934142 -0.00217803 -0.0005902)
(-0.000178485 -0.00150062 0.00203018)
(-0.000324941 -0.00103764 0.00402773)
(2.40226e-06 -0.0018216 0.00399763)
(0.00047392 -0.00229281 0.00017218)
(-0.00078223 -0.00195319 0.000170441)
(0.000122205 -0.00240307 -0.000157795)
(0.000286717 -0.00280218 7.05536e-05)
(0.000605372 -0.000493662 -0.000175046)
(-8.29822e-05 -0.000811901 -0.000127103)
(-0.000170121 -0.000242436 7.26486e-05)
(-0.00147825 -0.00300774 8.15458e-05)
(-7.06371e-06 -0.000790118 0.000169827)
(0.000330836 -0.000201526 -0.000313193)
(-0.000505546 -0.000909679 -0.000204089)
(0.00052779 -0.000781295 -0.000121714)
(-0.00069949 -0.00156257 -1.59261e-05)
(-0.000625591 -0.00133275 8.00415e-05)
(-7.22505e-05 -0.00132587 1.45195e-05)
(0.000119605 -0.00131322 -3.95805e-05)
(-0.000202759 -0.00126194 6.63048e-05)
(-0.0054847 -0.00370556 -0.000323805)
(0.000208228 -0.00123374 -0.000501935)
(0.000210774 -0.0014127 -9.82221e-06)
(8.36082e-05 -0.00156535 -0.000105032)
(6.14902e-06 -0.00129038 -3.22587e-05)
(0.000144667 -0.0012314 2.66999e-05)
(-0.000285287 -0.00149061 0.000134372)
(0.000133825 -0.00128826 8.3453e-05)
(-4.14486e-05 -0.000477759 -4.59574e-05)
(-0.000137908 -0.000366272 -0.000153436)
(0.000309779 -0.000617162 2.71289e-05)
(-0.000475838 -0.00145722 7.12467e-05)
(0.000249714 -0.00118834 -0.00056307)
(-0.000435025 -0.00176315 -5.10009e-05)
(0.000672266 -0.00105716 3.02143e-05)
(0.00104456 -0.00145881 -3.26366e-05)
(0.00249152 -0.00144051 2.98256e-05)
(0.000876476 -0.00140324 3.66636e-05)
(0.00179305 -0.00117384 -0.000230814)
(0.000976385 -0.00238123 0.000154519)
(0.00143996 -0.00179795 1.91171e-05)
(0.00226924 -0.00302003 1.37086e-05)
(0.000594754 -0.000714651 -0.000195552)
(0.00279073 -0.0013355 -8.78385e-05)
(0.000294335 -0.000369119 -9.32399e-05)
(0.000233672 -0.000555774 0.000430811)
(0.000576898 -0.000758036 -1.0262e-05)
(0.000397888 -0.000604973 -6.28875e-06)
(0.00053943 -0.000752401 -3.3563e-05)
(0.000380493 -0.000573732 -1.78713e-05)
(0.000755439 -0.000485571 -0.000239942)
(0.000831508 -0.000452505 -7.42976e-05)
(0.00102035 -0.000506368 9.19658e-05)
(0.000898451 -0.000488761 -9.60643e-05)
(0.000969678 -0.000269537 -0.000153443)
(0.000974951 -0.00069782 -8.57328e-07)
(0.00110628 -0.000695253 -9.96061e-05)
(0.0010909 -0.000775578 8.90477e-05)
(0.00107373 -0.000861138 0.000141251)
(0.00106006 -0.000630098 -0.000273202)
(0.00102965 -0.000631337 -0.000130096)
(0.000869684 -0.000699681 -6.99231e-05)
(0.000814645 -0.000513476 0.000171705)
(0.000831755 -0.000469911 8.59053e-06)
(0.000759099 -0.00035113 2.13367e-05)
(0.0012201 -0.000796028 -3.65471e-05)
(0.00138478 -0.000690346 -0.000187005)
(0.00151771 -0.00121927 -0.00184896)
(0.0014536 -0.00130851 -8.15841e-05)
(0.000987059 -0.00139235 -0.000139168)
(0.000661526 -0.00172449 -6.20446e-05)
(0.000611521 -0.00170975 -0.000691227)
(0.000409837 -0.0014912 -0.00103149)
(0.0004432 -0.000791778 0.000584003)
(-0.000910441 -0.00181664 -0.000176662)
(0.00279422 -0.00313614 0.0032618)
(0.00110721 -0.00296461 -0.00121356)
(6.74383e-05 -0.00263054 -0.000158937)
(-0.000277702 -0.00118502 0.000622586)
(-0.000278854 -0.000759346 -0.000419219)
(0.000127902 -0.000912666 0.000368117)
(0.000341276 -0.000536421 0.000109166)
(0.000143742 -0.00100527 0.000435742)
(0.000323735 -0.00131398 -0.000719664)
(0.000225929 -0.000969877 -1.6523e-06)
(0.000220013 -0.00100263 5.77076e-06)
(-3.24856e-05 -0.00145518 0.00215366)
(-2.25849e-05 -0.00135099 9.90617e-05)
(-0.000356384 -0.00146108 -5.88564e-07)
(-0.000257711 -0.00148688 -9.40359e-05)
(-0.000139517 -0.00121231 1.81202e-05)
(0.000143101 -0.00122239 -0.000194471)
(0.00031965 -0.00123029 -0.000206422)
(0.000387988 -0.0011722 -0.000295769)
(0.000446528 -0.000968878 -3.69512e-05)
(0.000141676 -0.00112598 -3.91065e-05)
(0.000193766 -0.000712644 -0.000309259)
(0.000325678 -0.00140468 0.000226884)
(9.21771e-05 -0.00115136 -0.000150136)
(0.000576323 -0.00145507 0.0002727)
(7.38075e-06 -0.00123248 -2.84685e-05)
(0.000168593 -0.00118976 -6.33569e-05)
(0.000748269 -0.000929052 0.000135767)
(0.000782445 -0.00105458 2.11835e-05)
(0.000361877 -0.00127943 -0.0027949)
(0.000678866 -0.00148064 -0.00188628)
(0.000441496 -0.0012662 -0.00304678)
(0.000875436 -0.00198758 -0.000554532)
(0.00125111 -0.00193162 0.0002444)
(0.0016325 -0.00109626 0.000109026)
(0.00174115 -0.00172896 -4.29887e-05)
(0.00208756 -0.00160623 0.000160556)
(0.0019623 -0.0016025 0.000181717)
(0.00101418 -0.00225161 0.00014935)
(0.000260365 -0.00159695 0.000463662)
(0.00262341 -0.00290068 0.002213)
(5.27061e-05 -0.00287908 1.49785e-06)
(0.00276136 -0.00138617 -0.000138454)
(0.00119021 0.000222453 -0.000122908)
(0.00132219 7.61152e-05 -6.76874e-05)
(0.000745727 -0.000248084 -0.000147961)
(0.00144149 -0.00122601 -0.00105814)
(0.000850998 -0.000300179 4.23852e-05)
(0.000657713 -0.000547208 -1.42838e-05)
(0.000646946 -0.000876472 -0.000111632)
(0.000739032 -0.000680851 -1.75246e-05)
(0.000690151 -0.000714172 0.000233867)
(0.000371469 -0.000744498 0.00067878)
(0.000823048 -0.000598781 -0.000173443)
(0.0010023 -0.000467444 -0.000293804)
(0.000996469 -0.000598459 -0.000238666)
(0.00105791 -0.000588925 -0.000482142)
(0.00098157 -0.000647259 0.000473923)
(0.000949247 -0.000721266 -1.30121e-05)
(0.00101507 -0.00065413 4.42987e-05)
(0.000863011 -0.000660976 -3.58738e-05)
(0.000930489 -0.000639806 0.000593463)
(0.000856366 -0.0006162 -2.22759e-05)
(0.000910753 -0.000668466 4.37301e-05)
(0.00090819 -0.000478508 8.48768e-05)
(0.000578343 -0.000576879 0.000131496)
(0.000937119 -0.000664797 -4.81863e-05)
(0.00093855 -0.000524313 0.000664634)
(0.00083967 -0.000476081 8.04428e-06)
(0.00116734 -0.00061641 -3.10977e-05)
(0.00131344 -0.000983469 -0.000116707)
(0.000778177 -0.00144501 0.00175011)
(-0.000297041 -0.00124871 -0.00163048)
(0.000242077 -0.00100829 0.00021797)
(-4.34546e-05 -0.00108454 -0.0002724)
(7.51906e-05 -0.000742817 0.000158098)
(0.00026506 -0.000520979 -5.35308e-05)
(-0.000221482 -0.00274711 -0.00021197)
(0.00197757 -0.00324623 0.000864311)
(0.000227265 -0.00300127 -0.000499711)
(0.000251077 -0.00157539 0.000525217)
(-0.000105874 0.000114371 -0.000412747)
(0.000151572 -0.000639896 -0.000378918)
(0.000407061 0.000161632 9.97906e-05)
(0.000135933 -0.00116554 5.42753e-07)
(0.000348459 -0.000488747 -6.39663e-05)
(0.000434756 -0.00196661 -5.30982e-05)
(0.000579161 -0.00125343 -4.32745e-05)
(0.000382109 -0.000948082 -7.03451e-05)
(9.00338e-05 -0.000992378 -1.21777e-05)
(8.7608e-05 -0.00123503 7.5595e-06)
(0.000333343 -0.00127413 -2.38948e-05)
(0.000238306 -0.00110309 3.24619e-05)
(0.000270757 -0.000871691 6.04161e-05)
(0.000159426 -0.00124089 -3.74004e-05)
(-0.000126915 -0.00125216 3.48817e-05)
(0.000310643 -0.00125 -0.000403336)
(-1.76753e-05 -0.00104542 -6.77467e-05)
(0.000226696 -0.000627497 0.000177111)
(0.000344245 -0.000700318 1.81077e-05)
(0.001032 -0.00082084 4.45935e-05)
(-0.000240427 -0.000940234 -8.49985e-05)
(0.000161052 -0.00117438 9.14766e-05)
(-0.000565571 -0.00113029 -0.000170585)
(0.000144124 -0.00110067 -0.000150599)
(0.000833461 -0.00125098 -0.000148594)
(-7.64349e-05 -0.000850661 -0.000111438)
(0.000808619 -0.00118855 -3.31741e-05)
(0.00108898 -0.00159839 0.000268244)
(0.000858112 -0.00199061 -0.000337602)
(0.000961272 -0.00145986 1.44665e-06)
(0.000920912 -0.00164293 9.37351e-06)
(0.000966395 -0.0021143 -0.000245054)
(0.00156992 -0.00176598 0.000251161)
(0.001148 -0.00144768 2.36226e-05)
(0.00120976 -0.00131589 0.00040637)
(0.00115487 -0.00212877 -3.75541e-05)
(0.00107664 -0.00125789 -0.000228308)
(0.00102921 -0.000361793 8.32802e-05)
(0.000530625 9.22738e-05 -0.000162879)
(0.000455814 -0.000486451 0.000178969)
(0.000590383 -0.000653743 1.92622e-05)
(0.000478403 -0.00105466 5.49247e-05)
(0.000166322 -0.0010301 -3.52487e-05)
(0.000104632 -0.000997656 0.00392134)
(0.000978539 -0.00073487 0.000554605)
(0.000757631 -0.00074068 -0.00287524)
(0.00110602 -0.000847065 -0.00239855)
(0.000985928 -0.000656358 -0.000142069)
(0.000946644 -0.000944836 -0.000347973)
(0.00094549 -0.000739454 -0.000422798)
(0.000801862 -0.000750145 0.000161327)
(0.000811034 -0.00068732 2.52321e-05)
(0.000782761 -0.000622752 1.59552e-05)
(0.000858144 -0.000570427 0.000210156)
(0.000855032 -0.000633994 6.07003e-05)
(0.000766509 -0.000543811 3.98318e-05)
(0.000829334 -0.000408526 -0.000167196)
(0.00078709 -0.000520036 -0.000147234)
(0.00093815 -0.000619884 1.51045e-05)
(0.000792463 -0.000665169 -3.19573e-05)
(0.00084063 -0.000709773 0.000166827)
(0.000647069 -0.000407768 -1.15764e-05)
(1.25381e-05 -0.00066708 0.000139335)
(0.000268789 0.000227489 -0.000196912)
(0.000375981 -0.000811155 -0.000175261)
(0.00037836 -0.000946685 3.81529e-05)
(0.00102154 -0.00155271 0.00077413)
(0.00203123 -0.000663907 0.00497972)
(0.000602168 -0.0011641 0.000487678)
(0.000702862 3.0504e-05 -0.000131497)
(-0.000266418 -0.00165052 -7.02456e-05)
(0.000802223 -0.000770808 0.000214582)
(-0.00141079 -0.000293666 -0.000619132)
(0.000144163 0.000285689 4.69581e-05)
(-0.000128268 0.000134633 -9.31224e-05)
(0.000698225 0.000519095 -0.000854873)
(0.000334543 -0.00160528 -0.000391591)
(-1.39688e-05 -0.0018976 0.00231003)
(0.00217566 -0.00196493 2.50463e-06)
(0.000132873 -0.00110897 -0.000222257)
(-6.67229e-05 -0.000627542 6.54565e-05)
(8.67997e-05 -0.000671183 -2.33511e-05)
(2.21006e-06 -0.000683264 0.000481915)
(0.000196413 -0.000875246 9.23355e-06)
(2.45887e-05 -0.000655603 -0.000138614)
(6.41845e-05 -0.000803026 -5.67878e-06)
(3.52311e-06 -0.000536007 2.20441e-05)
(-0.000259675 -0.00105126 5.35804e-05)
(0.000206683 -0.000790655 2.45585e-05)
(-0.000249 -0.000948197 0.000127909)
(-0.000112143 -0.00111849 -0.000151397)
(0.000278177 -0.000481753 -3.23541e-06)
(-0.00048574 -0.000807901 -0.000288841)
(0.000803314 -0.000659116 -0.00042624)
(0.0010914 -0.00107419 0.000125717)
(-0.000393677 -0.00107757 0.00029634)
(0.000632998 -0.00125172 0.00239903)
(-5.34131e-05 -0.00171688 6.35463e-05)
(0.000821972 -0.00128321 -3.76775e-05)
(0.00102595 -0.00132376 0.000137546)
(0.000908363 -0.00126987 9.32189e-05)
(0.000714565 -0.00145255 -0.00134523)
(0.00127364 -0.00154326 0.000252524)
(0.00148211 -0.0022315 0.000162809)
(0.00142024 -0.00206204 8.24764e-05)
(0.000591742 -0.00197904 0.000135245)
(0.00115696 -0.00134201 -0.000111004)
(0.000680039 -0.00149504 -1.00535e-05)
(0.00101361 -0.00169567 -0.00038819)
(0.000594507 -0.00214183 0.000123613)
(0.000931053 -0.00200759 9.3891e-05)
(0.000558659 -0.00116542 2.42386e-05)
(0.000722605 -0.000803802 -0.000758172)
(0.000516977 0.00029914 0.000128205)
(0.000236049 2.15993e-05 -0.00040697)
(0.000129835 -0.000618322 5.51218e-05)
(0.0005396 -0.000929754 7.51107e-05)
(0.000503773 -0.000653131 -6.0983e-06)
(0.000297272 -0.00114501 -8.66583e-05)
(0.000704262 -0.0011135 1.2727e-05)
(0.000806882 -0.00183059 -0.000447212)
(0.000543166 -0.00115951 0.000167376)
(0.000963195 -0.00128728 0.00183922)
(0.000891869 -0.00163235 0.00452377)
(0.00109302 -0.00087898 -1.71781e-06)
(0.000942962 -0.000817988 -0.00015059)
(0.000721854 -0.000793708 -1.16274e-05)
(0.000890868 -0.000806634 3.45558e-05)
(0.000912551 -0.000808966 -0.000386096)
(0.00098813 -0.000628766 9.05257e-06)
(0.00102246 -0.000669496 2.90245e-05)
(0.000859548 -0.000651075 5.72157e-05)
(0.000849508 -0.000622089 0.000115166)
(0.00092758 -0.000636953 0.000214471)
(0.000852472 -0.000594637 4.92005e-05)
(0.000889112 -0.000729553 0.000188908)
(0.00066323 -0.000583072 -0.000276713)
(0.000696156 -0.000569655 6.86108e-05)
(0.000579679 -0.000586051 -2.23324e-05)
(0.00104155 -0.00103283 0.00013429)
(0.000586731 0.000864548 2.88033e-05)
(0.000883091 0.00127573 0.000759357)
(0.000190902 0.000723306 -0.000126723)
(0.000654639 -0.000731553 0.00216139)
(0.000480641 -0.000895941 0.000110391)
(0.0010847 -0.0010301 -0.000186987)
(0.00101456 -0.000765334 -4.92527e-05)
(0.000953353 -0.000345803 -0.00030024)
(0.00137168 -0.000133984 -0.000171858)
(0.000565961 -0.000273099 -0.000197154)
(0.00153515 0.000404394 0.000180665)
(-0.00190387 0.00144286 -0.00398238)
(-0.0010598 -0.00203082 0.000253244)
(-0.00258407 -0.00200538 0.0036011)
(-0.000458947 -0.00093865 0.000199652)
(2.09449e-05 -0.000173063 -1.97924e-06)
(6.66727e-05 -0.00019657 0.00176743)
(-0.000265619 -0.00023806 3.01251e-05)
(-4.14278e-05 -0.000128347 8.40124e-05)
(-0.00016939 9.22383e-05 2.04088e-06)
(0.000154789 -0.000615974 9.51619e-05)
(-0.00104261 -0.00141602 0.000471576)
(0.000560349 -0.000690209 -0.000122881)
(8.5406e-05 -0.000913653 5.27484e-05)
(4.8991e-05 -0.000499875 8.78431e-06)
(-3.23453e-05 -0.000483141 -0.000228654)
(0.000198972 -8.76086e-05 0.000673205)
(9.33718e-06 -0.000455988 -2.25377e-05)
(0.000410519 -0.000702179 -7.08314e-05)
(0.000389269 -0.000970911 8.89601e-07)
(-0.000331379 -0.000643655 1.15709e-05)
(-0.000838992 -0.000515764 5.43886e-05)
(0.000955579 -0.00144531 -0.000994633)
(0.000411387 -0.00218283 -9.87996e-05)
(0.0001278 -0.000735589 -0.000212172)
(0.000453504 -0.00212045 -0.000280168)
(-0.000242854 -0.00110691 -0.017491)
(0.000916358 -0.00129109 0.000136152)
(0.00141635 -0.00184445 6.11285e-05)
(0.000164916 -0.00103421 -0.000296767)
(0.00133729 -0.00183163 -0.00022593)
(0.00058913 -0.00155532 -9.05109e-05)
(0.00093767 -0.00192166 5.2941e-05)
(0.000500067 -0.000885963 0.000556229)
(0.000564264 -0.0016639 -0.00133762)
(0.000426957 -0.00174371 -0.000293437)
(0.000788547 -0.00188323 -0.0001659)
(0.000400653 -0.000894427 -0.000121023)
(0.000270988 -0.000383656 0.000109281)
(0.000625295 -0.000434175 0.000119419)
(0.000991634 -0.000366045 0.000746367)
(0.000420138 -0.000341054 -0.000101675)
(0.000866218 -0.000688072 0.00167418)
(0.00127731 -0.000732701 0.000134257)
(0.00161507 -0.000945097 1.88818e-05)
(0.00119544 -0.00108346 0.000202709)
(0.00111367 -0.0013353 -5.99236e-05)
(0.00134008 -0.000999012 -0.000402071)
(0.00132954 -0.000879237 -0.000321175)
(0.00131244 -0.000678119 4.83751e-05)
(0.00111585 -0.000748824 -0.000231709)
(0.00134267 -0.000764256 -0.00011315)
(0.00105029 -0.000875017 -0.000172836)
(0.00127742 -0.000819009 1.61615e-05)
(0.00110537 -0.00083591 -8.44549e-05)
(0.00117818 -0.000748175 0.000174909)
(0.00105317 -0.000733277 -0.000495479)
(0.00114077 -0.000657959 -0.000192699)
(0.00123979 -0.000705149 0.000157952)
(0.00116442 -0.000743793 0.000474444)
(0.00128554 -0.000701547 0.000205425)
(0.0013903 -0.000851873 0.000153357)
(0.00112477 -0.000635844 9.50511e-05)
(0.00106751 -0.000855821 0.000117836)
(0.0012593 -0.000887482 0.000143017)
(0.00159991 -0.000771779 -2.00445e-05)
(0.000857975 -0.000823365 2.89226e-05)
(0.000462577 0.000365815 -0.000302771)
(0.000381089 -0.000345964 0.000171789)
(0.000232009 -0.000203502 1.40849e-05)
(0.000452882 0.000163011 -0.000101471)
(0.000351431 -0.000198715 0.000295173)
(0.000793023 -0.000647308 -0.00389462)
(-0.000150949 -0.00163538 -0.00282899)
(1.90093e-05 -0.00114581 0.000471377)
(0.000123204 -0.000926187 -0.000967439)
(-6.10319e-05 -0.000196594 -2.55054e-05)
(-0.00023794 -0.000192261 -0.000245914)
(0.000468036 -0.000313113 -2.50197e-05)
(-0.000439055 -0.000505231 -0.00290207)
(0.00025888 -0.000301256 -0.00327606)
(-0.000813392 -0.000116896 -0.00013159)
(-0.000289156 -0.00079059 0.000239328)
(0.000923195 -0.000516562 -2.56956e-05)
(-0.000657436 -0.000907043 0.000117004)
(-0.000742333 -0.000298817 0.000222184)
(-0.000355694 4.60897e-05 5.78357e-06)
(0.000160183 -0.000779596 -2.93907e-05)
(0.000279917 -0.000681229 0.000131788)
(-0.000138586 -0.000314592 -5.53096e-05)
(0.000311928 -0.0008924 0.000692279)
(-0.000121407 -0.000721176 0.000264959)
(0.000144553 -0.000712536 0.000492226)
(0.00129582 -0.000188831 -0.000121382)
(0.000541906 -0.000425886 2.62445e-06)
(0.00145683 -0.00153801 -0.00234997)
(-4.55394e-05 -0.00167992 -0.00075888)
(0.000727774 -0.00066475 0.00166203)
(0.00114836 -0.000909985 -6.86887e-05)
(-0.000205238 -0.00181202 -0.000586557)
(0.000942247 -0.00138741 9.56732e-05)
(0.000478533 -0.00139194 -0.00166372)
(0.000240004 -0.0012247 3.22175e-05)
(0.000313063 -0.00150131 7.22921e-06)
(3.50608e-05 -0.00145097 0.000309341)
(0.000413623 -0.00185461 0.000172074)
(0.00065464 -0.00150027 -0.00397382)
(0.000902763 -0.00154947 -0.000212708)
(0.00198015 -0.00171054 -0.00551905)
(0.00076663 -0.00172462 -6.05174e-05)
(0.000735452 -0.00208627 9.77025e-05)
(0.000604806 -0.00193734 1.27819e-05)
(9.16763e-05 -0.00181419 -7.48067e-05)
(0.000265227 -0.00115992 0.000146673)
(0.00189467 -0.00163983 -0.000517361)
(0.000179217 -0.000344204 0.000253183)
(0.00119676 -0.000502065 0.000159425)
(0.000241786 -0.000628258 -4.58238e-05)
(0.000734472 -0.000832821 0.000113442)
(0.000528077 -0.000783238 0.000331549)
(0.000817949 -0.00111848 0.000342756)
(0.000909642 -0.00152047 9.20699e-05)
(0.00139752 -0.00102052 -1.53783e-05)
(0.00132581 -0.00114018 -0.000465687)
(0.00136842 -0.00098764 -0.000252957)
(0.00129209 -0.000834185 -0.000548067)
(0.00124806 -0.000791647 -6.64116e-05)
(0.00138972 -0.000642062 0.000301313)
(0.00142255 -0.000679786 2.19544e-05)
(0.00136449 -0.000680599 0.000162991)
(0.00145885 -0.000582451 0.000288847)
(0.00131172 -0.000692802 0.000348565)
(0.00132048 -0.000640564 0.000220453)
(0.00116471 -0.000703902 -0.000648238)
(0.00129704 -0.000701637 -0.000394844)
(0.0012403 -0.000714835 -0.000250164)
(0.00123392 -0.000666316 3.618e-05)
(0.0010828 -0.000582053 -0.000183673)
(0.00117792 -0.000751071 -0.000211405)
(0.00120715 -0.000687705 -8.25583e-05)
(0.00114068 -0.000722255 9.23464e-05)
(0.00132654 -0.00064 0.000725902)
(0.00139042 -0.000332426 -4.93449e-05)
(0.00119809 -0.000100963 -6.08436e-05)
(0.00126177 -0.000575558 -9.96665e-05)
(0.000983696 8.43148e-05 0.000116463)
(0.00136283 0.000881455 -0.000112544)
(0.000557796 0.000265991 6.53668e-05)
(0.000566096 3.83418e-05 0.000954151)
(0.000295687 0.000256499 0.000714438)
(0.00058916 -0.000374438 0.000276269)
(0.00059851 -0.000393436 -0.000252195)
(0.00122908 -8.74108e-05 -4.04735e-05)
(0.00145322 -0.000370733 -0.000429866)
(0.00169554 1.23964e-05 0.00132141)
(0.000739557 -0.000622937 -0.000240908)
(-0.000195091 -8.29598e-06 0.000188678)
(-0.000268548 -0.000596829 -0.000191135)
(-0.000395722 -0.000410659 4.30649e-05)
(0.000345853 -0.000190845 5.0738e-05)
(0.00068178 -2.70689e-05 8.83889e-05)
(0.000973665 -0.000151348 -0.000196533)
(0.00104536 0.000257618 0.000783044)
(0.000178845 -0.000646301 0.000277512)
(0.000103925 -0.000259741 -3.8774e-05)
(-0.000701109 0.000271488 -0.000141119)
(0.00023075 -1.57469e-05 0.000163366)
(-0.000314468 -0.00028593 -1.21074e-05)
(0.000493068 0.000387235 -0.000303823)
(-0.000140683 -0.00057251 0.000145749)
(-0.000251598 -0.000414254 6.77766e-05)
(-0.000394127 -0.00068231 -0.000179739)
(0.000264321 -0.000439469 -1.80716e-05)
(0.000104766 -0.000381674 1.10952e-05)
(0.000270687 -0.000888192 0.000727966)
(0.000939682 -0.00082889 2.64897e-07)
(0.00112221 -0.00149918 0.000210565)
(0.000870491 -0.00176542 -3.60848e-05)
(0.000554269 -0.000455405 -0.00126627)
(0.00111362 -0.00141562 0.000109659)
(0.00103093 -0.00122329 0.000714054)
(0.00112967 -0.0016689 0.000468115)
(0.00122526 -0.00163891 0.000160379)
(0.000729409 -0.00181664 0.000300136)
(0.000384401 -0.00145791 -0.00308355)
(5.72475e-05 -0.00144796 0.00439573)
(0.000796508 -0.00169095 -0.000155901)
(-2.4408e-05 -0.00188224 0.000666255)
(0.000616042 -0.00197315 0.00119222)
(0.00131845 -0.00187281 -0.00435112)
(-0.000472141 -0.00202123 0.000245677)
(0.00191106 -0.00154765 7.75042e-05)
(0.00162769 -0.00106936 3.9997e-05)
(0.00104361 -0.000619926 0.000513547)
(0.00082487 -0.000969656 -0.00614044)
(0.00171103 -0.000971668 0.00018151)
(0.00100085 -0.00142374 0.000507789)
(0.00170392 -0.000643715 -7.83625e-05)
(0.00164682 -0.000677953 6.4467e-05)
(0.00152339 -0.000527642 0.000227217)
(0.00137125 -0.000730251 -5.82031e-06)
(0.00139152 -0.000719533 -0.000141974)
(0.00141668 -0.000559457 0.00041593)
(0.00150558 -0.000558539 9.87971e-05)
(0.00148992 -0.000608487 -1.42312e-05)
(0.00155207 -0.000471995 -4.36165e-05)
(0.00144553 -0.000555553 0.000251988)
(0.00166198 -0.000550391 -0.000118122)
(0.00139696 -0.000625518 5.30451e-05)
(0.0016332 -0.000479965 0.000124592)
(0.00130649 -0.000646499 -0.000285513)
(0.000860988 -0.000711196 -0.000758753)
(0.000934094 -0.000400276 -6.36086e-05)
(0.000969118 -0.00048504 0.000170075)
(0.00114912 -0.000486958 0.000233038)
(0.00148387 -0.00037478 -0.000146741)
(0.000583106 -0.00054669 0.00169957)
(0.000421342 0.000497315 0.000101986)
(0.000801374 0.000267867 -0.00234539)
(0.000854634 -0.000365636 0.000202715)
(0.000430435 8.26047e-05 -0.000102807)
(0.000300873 -0.000379397 -0.000387019)
(0.000262123 -0.000700148 -0.000184458)
(-0.000420776 -0.000601182 -0.000104748)
(-0.000192873 -2.05944e-05 -8.05319e-05)
(-0.000196984 0.000296691 0.000105213)
(-0.000346079 -0.00294465 4.24919e-05)
(-0.000670982 -0.00014415 0.000460817)
(2.8827e-05 -0.00321258 8.74011e-05)
(-1.5954e-05 -0.000706633 -0.000484814)
(-0.000171585 -0.00045747 -0.000344123)
(-0.000361627 -0.00040574 -0.00111082)
(-9.8829e-05 2.77397e-05 -0.000149039)
(-0.00048392 6.92835e-05 0.00091161)
(-7.14273e-05 -0.000272467 6.74966e-05)
(-0.000171143 -0.00016784 0.00090253)
(0.000265735 -1.41679e-05 2.23957e-05)
(0.0011749 -0.000978889 0.000522669)
(0.000802482 -0.000710886 -8.61852e-05)
(0.00161165 -0.000910943 -0.000433618)
(0.000453513 -0.000360721 -7.69068e-06)
(0.00116187 -0.0017963 0.000784652)
(0.00122452 -0.00077389 5.85255e-05)
(0.00108035 -0.00115462 -0.00012227)
(0.000817223 -0.00229612 0.003944)
(0.000231221 -0.00156412 -0.000822183)
(0.000573416 -0.00221161 0.000258887)
(0.000884598 -0.00148737 -0.00365094)
(0.000486719 -0.00170988 8.33685e-05)
(0.000857338 -0.00154936 0.000247767)
(0.000829754 -0.00137289 0.00128254)
(0.000679695 -0.00132811 0.000112393)
(0.000483791 -0.00169885 -0.000292856)
(0.000564782 -0.00191708 0.000217495)
(0.000648336 -0.00220843 0.000436699)
(0.00114008 -0.00249896 0.000175842)
(0.000997713 -0.00210646 -0.000378746)
(0.000713189 -0.00214805 7.89877e-05)
(0.0014043 -0.00216881 0.00078838)
(0.00169478 -0.00273445 -0.000213755)
(0.000915686 -0.00249613 0.00549098)
(0.00112587 -0.00225027 -0.000504018)
(0.0013247 -0.000830062 -0.0011016)
(0.000620962 -0.00178496 0.00563459)
(0.001546 -0.00110295 -7.13715e-05)
(0.00173002 -0.000559829 0.000961942)
(0.00172354 -0.000876315 -6.29849e-05)
(0.00177933 -0.000879392 7.82972e-05)
(0.00167465 -0.000829245 0.000539505)
(0.00161271 -0.000773079 0.00331729)
(0.00166266 -0.000578809 -0.00155095)
(0.00125992 -0.000745076 -2.10496e-07)
(0.00131451 -0.000768684 -0.00300542)
(0.00123019 -0.000497194 0.000179051)
(0.00123767 -0.000563464 8.15063e-05)
(0.00129917 -0.000487979 6.34936e-05)
(0.00111664 -0.000497417 -0.000439509)
(0.00116925 -0.00058204 -7.62253e-05)
(0.00140515 -0.000510984 0.000127833)
(0.00157137 -0.000391438 -0.000154579)
(0.00116818 -0.000411214 6.48972e-05)
(0.00157033 -0.00042327 2.04838e-06)
(0.000549257 -0.00030748 -0.000146728)
(0.00100892 -0.000438311 -0.000212041)
(0.000638739 -0.000303372 0.000269844)
(0.000785473 -0.000353173 0.000230114)
(0.000639938 -0.000287844 0.000295063)
(0.00074158 -0.000439714 -0.000115124)
(0.00109496 8.63258e-05 0.000410288)
(0.000955584 8.10264e-05 0.000246258)
(0.000771217 6.89828e-05 0.000317803)
(0.000780751 0.000545281 -0.00535021)
(0.000285932 0.000586486 -0.000256053)
(0.000154558 0.00027763 -0.00427217)
(0.000172366 0.00063265 6.63697e-05)
(0.000334624 0.000603341 -0.000153711)
(3.7713e-05 0.000387043 0.000382421)
(0.000350457 -3.73163e-05 -0.000544471)
(-0.000345322 -0.000453162 -4.85377e-05)
(-0.000749018 -0.000259365 -0.00499431)
(0.0003994 -0.000504839 0.000144913)
(-2.55547e-05 -0.000393673 -4.20547e-05)
(-6.41312e-05 -0.000294626 -0.00380926)
(0.000429381 -0.000749263 -1.28452e-05)
(-0.0223869 0.00110608 0.000405866)
(-0.0297034 -0.0197096 0.000491496)
(-0.0219812 -0.0169695 -0.00716105)
(-0.0306285 -0.0167393 -0.00493944)
(-0.000102788 -0.000134832 -5.79696e-06)
(-0.00123558 -0.00137216 -0.000195372)
(-0.00106692 -0.00145205 -0.00025774)
(-0.000127445 -0.000477195 0.000132468)
(0.000806907 5.6149e-05 0.000639291)
(0.000270526 -0.000237654 -0.000357085)
(0.00161723 0.000372345 0.000259383)
(0.00183102 0.00152455 -0.000476847)
(0.000553702 0.000139608 0.000161847)
(0.000382717 -0.000563114 0.000362652)
(0.000637014 -0.0013299 0.000148245)
(0.000818427 -0.000838569 0.000213496)
(-0.00014791 -0.00110362 -0.000771992)
(0.000443961 -0.00143879 0.000288726)
(0.000361575 -0.000954275 -7.31649e-05)
(0.000350786 -0.000976519 2.56306e-05)
(0.00086977 -0.00221272 5.87729e-05)
(0.000449235 -0.000883062 -0.000175878)
(0.00102478 -0.00164699 2.84678e-05)
(0.000921527 -0.00143947 -0.000545287)
(0.000304259 -0.00150984 -0.00090122)
(0.000862616 -0.00172668 0.00104449)
(0.0013615 -0.0018461 -0.00239476)
(0.000737556 -0.000516819 -0.00175453)
(0.00145843 -0.0012383 -0.000485419)
(0.000856024 -0.00159861 -0.000892605)
(0.00130971 -0.00203483 0.000174567)
(0.000930583 -0.00191366 0.00021646)
(0.0011227 -0.00192776 -0.00163559)
(0.00109117 -0.00181582 -0.000873297)
(0.000987034 -0.00183515 -0.00415939)
(0.00082133 -0.0022369 0.000130749)
(0.000977945 -0.00170514 7.58308e-05)
(0.000795333 -0.00183917 -0.00472805)
(0.00113694 -0.000748527 -3.57088e-05)
(0.00126322 -0.000664478 -0.000512645)
(0.000927831 -0.00137047 0.00098679)
(0.00104998 -0.000758639 -0.000339281)
(0.00116497 -0.000782087 0.00133646)
(0.00153278 -0.000673107 0.000267424)
(0.00109048 -0.000627792 -0.00369055)
(0.00132815 -0.000300579 -0.00486581)
(0.000869647 -0.000510822 -0.00163915)
(0.00125485 -0.000546346 4.39182e-05)
(0.000919259 -0.000614572 -6.28577e-05)
(0.000930749 -0.000552011 7.82347e-05)
(0.000865859 -0.000547604 0.000350162)
(0.00104622 -0.000485111 -0.000299868)
(0.000982184 -0.000627751 0.000459798)
(0.00121238 -0.000553683 -0.00155209)
(0.000799286 -0.000301293 -0.00136587)
(0.00058598 -0.000243318 0.00146391)
(0.000643696 -0.000131253 0.00105195)
(0.000524308 -0.000270741 0.000480389)
(0.000635004 -0.000198082 -3.47271e-06)
(0.00030076 -0.000440654 -0.000227079)
(0.000805495 -0.000270867 0.000672472)
(0.000522137 -0.000253294 0.000164338)
(0.000740829 -7.58389e-05 0.000109182)
(0.000268298 -0.00051534 -0.000158195)
(0.00041874 -0.000965428 -0.000153125)
(0.000573614 0.000171461 -0.00032174)
(0.000221261 -0.000470049 6.7298e-05)
(0.000567897 0.000224856 -0.00575362)
(0.000894401 0.000537325 -0.00104945)
(0.000725751 0.000329777 -5.06011e-05)
(0.0008946 -0.000116245 0.000737144)
(0.00101192 5.75204e-05 0.000165426)
(0.000985544 0.000125344 -6.10674e-05)
(0.000843203 0.000105612 -0.000385021)
(0.00055583 -0.000502559 0.000190666)
(0.000982876 -0.000257179 1.9992e-05)
(0.000151106 -0.000910545 0.000304276)
(0.00071379 -0.000503545 -0.000911996)
(-0.00595141 -0.00123719 0.00581429)
(0.000254975 -0.000898731 -1.4477e-05)
(0.000254996 -0.000702528 0.000877065)
(-0.0956906 -0.0668572 -0.00652385)
(-0.0388028 -0.0199025 -0.00424122)
(0.00103823 -0.00127321 -0.000154128)
(0.00484787 0.00203607 0.000297088)
(0.00350165 0.00142319 -0.00011825)
(0.00438768 0.00215262 2.21817e-05)
(0.00322216 0.00152645 0.000451189)
(0.00447054 0.00155817 -0.000833554)
(0.00450297 0.00222825 0.00115986)
(0.00502291 0.00193234 -0.000744528)
(0.00480991 0.00223729 -0.00110119)
(0.00209909 0.000637203 0.00332985)
(-0.00245543 -0.000885837 -0.000535188)
(0.00404013 0.000923716 -0.000420391)
(0.000343351 -0.000808454 -0.000536471)
(0.00362502 0.000397424 -6.1067e-06)
(0.0015202 -0.000434194 -0.000209239)
(0.0025098 -0.00263436 0.00129)
(0.0021937 -0.00273025 0.00144361)
(0.00133882 -0.00182525 0.000490581)
(0.00192638 -0.00209001 4.93515e-05)
(0.00162602 -0.00166143 -0.00175431)
(0.00172346 -0.00209011 -0.000230617)
(0.00153541 -0.00290082 -0.0001825)
(0.00130762 -0.00240464 0.000154611)
(0.00166691 -0.00223905 -0.00026389)
(0.00104497 -0.00165583 -0.000247752)
(0.00104329 -0.00175905 3.99348e-05)
(0.000979408 -0.00197476 8.3407e-05)
(0.000939202 -0.00182147 -8.1761e-05)
(0.000771628 -0.0022032 6.11073e-05)
(0.000928845 -0.00173697 -0.000222352)
(0.000969661 -0.0016334 6.64244e-05)
(0.00104741 -0.00133098 0.000219399)
(0.000596771 -0.00145049 -0.000559857)
(0.00162301 -0.00137395 -0.00558861)
(0.00108906 -0.00245887 -0.0022707)
(0.00138133 -0.00237203 -0.00481448)
(0.000496755 -0.0021466 -0.000251556)
(0.000615119 -0.00106132 -0.00153235)
(0.000746705 -0.00178941 -0.000257253)
(0.00114389 -0.00083188 -0.000256705)
(0.00119809 -0.000756783 0.000654167)
(0.0011977 -0.000698909 -0.00263697)
(0.00121933 -0.000731683 0.000697804)
(0.00111348 -0.000746584 0.000148369)
(0.00124468 -0.000917399 -0.000270678)
(0.00115247 -0.000518888 -0.00147886)
(0.00113012 -0.000410987 -0.000479706)
(0.000815332 -0.000601555 -0.00199058)
(0.00119304 -0.000593179 0.000107138)
(0.00151734 -0.000905545 0.000694387)
(0.00141359 -0.000185009 0.000386088)
(0.00117155 0.000496944 0.00164324)
(0.00104576 0.000322867 0.000611205)
(-0.000352173 -0.000831365 0.00115592)
(0.000656241 -0.000314312 -0.00106368)
(0.000556809 7.42088e-05 -0.00066015)
(0.000917499 -0.000221284 -0.00281276)
(0.0114102 -0.00132532 -0.000113465)
(0.00104289 -0.000217531 0.000545569)
(0.00115451 -0.000392847 0.000730274)
(5.02938e-05 -0.000212812 -0.000171594)
(-2.36231e-06 -0.000687929 -3.57931e-05)
(0.000611337 -0.000102571 -0.00019149)
(0.000998355 0.000332176 -0.000362376)
(-0.000179583 0.00108746 0.0004647)
(0.000332421 -0.000975709 -7.16719e-05)
(0.000320877 -3.3738e-05 -0.000195502)
(3.05339e-05 -1.98334e-05 -0.000154464)
(-0.000380538 5.60413e-05 -0.00180921)
(-0.000107466 -0.000741358 -0.00124322)
(-0.000144183 -0.000600624 -0.0016149)
(0.000120466 -0.0203488 -0.00580643)
(0.00175911 -0.0220875 0.000524931)
(-0.000455383 -0.0187238 0.000264567)
(-4.59214e-05 -0.0189507 0.000455699)
(0.0049693 0.000887915 -0.000596957)
(0.00433349 0.000977543 -0.0020662)
(0.00391203 0.00234754 0.00247702)
(0.00399265 0.00160892 7.76004e-05)
(0.00419649 0.00124019 -0.000717718)
(0.00505682 0.00139691 -0.000635162)
(0.00498655 0.000670284 -0.00628414)
(0.00519095 0.000680702 -0.0012042)
(0.00499195 0.00112026 0.00177777)
(0.00482209 0.000355322 0.00343873)
(0.0044848 0.000644442 0.000128083)
(0.00483235 0.00118826 0.000210381)
(0.0032575 -0.00144454 4.75084e-05)
(0.0052171 -0.000183301 -0.00563981)
(0.00128031 -0.00118502 0.00131946)
(0.00201735 -0.00146245 -0.00112132)
(0.000765484 -0.0015205 0.000495545)
(0.000966436 -0.00111273 0.000180262)
(0.00339085 -0.00292224 -0.000492957)
(0.00135024 -0.00190603 -0.000440198)
(0.00141415 -0.00255994 -0.000535205)
(0.0026123 -0.00250416 0.00359278)
(0.00136931 -0.00219328 0.00440506)
(0.00262716 -0.00312018 0.00121929)
(0.000872669 -0.00209444 0.0001435)
(0.000931465 -0.00211949 0.00168158)
(7.53577e-05 -0.00308304 -0.00554494)
(0.00118539 -0.00265554 0.000559058)
(0.00160777 -0.0015157 0.000232115)
(0.00229833 -0.00209629 7.88979e-05)
(7.3726e-05 -0.00169511 -0.000385778)
(0.00167128 -0.00282236 -0.000577171)
(-0.000841112 -0.00828106 -0.0118457)
(0.000660152 -0.00268532 0.00010166)
(0.00137208 -0.0018446 9.5256e-05)
(0.00139523 -0.000498118 0.00107236)
(0.000750975 -0.00264603 0.000376851)
(0.00144117 -0.000892088 -0.00507998)
(0.00149587 -0.00104702 -0.0049229)
(0.00124138 -0.000827377 -3.5883e-05)
(0.00177812 -0.00090372 -0.000262465)
(0.00132009 -0.000287664 1.97772e-05)
(0.00127997 -0.00115025 0.000582429)
(0.00138352 -0.000449706 -0.00234528)
(0.000864511 -0.00166438 -0.00168582)
(0.00105504 -0.00136745 -0.000671102)
(0.000707381 -0.000748573 -0.000266723)
(-0.000254558 -0.000892275 -8.58482e-05)
(9.88768e-06 -0.000218887 -0.000331193)
(-8.77179e-05 0.000483023 -0.000177298)
(-0.000287008 0.00016873 0.00291809)
(0.000638454 -0.000413535 0.000940898)
(-0.00026726 -0.00058355 0.000397581)
(-0.000596069 -0.000753723 0.00108384)
(-0.000526402 -0.00168873 0.000399105)
(-0.000232657 0.000244864 -0.000329794)
(-0.00011212 -0.0012079 9.54059e-05)
(-0.000559957 -0.00152875 -0.000395802)
(-0.000611747 -0.00190942 0.000650994)
(0.000558473 0.000134208 0.000586217)
(0.00101102 -0.000236883 -0.000136995)
(5.28921e-05 -0.000409849 0.000556753)
(0.000169722 -0.000849165 -0.00530447)
(0.000692625 -0.00116865 -0.00411504)
(-0.000130279 -0.00123705 -4.05615e-05)
(-0.00016462 -0.00111647 0.000335399)
(-0.000363065 -0.000239201 0.00109381)
(-0.000223528 -0.00073682 -6.84207e-05)
(0.000358427 -1.2374e-06 -7.16093e-05)
(-0.000249485 -0.000357252 0.00311261)
(0.000179424 0.000556422 -0.000100627)
(0.000532546 1.61971e-05 -0.000850327)
(0.000210585 0.000586117 -0.00299257)
(-0.000928316 -0.000511216 0.00106962)
(0.000222013 0.000193015 -0.000470084)
(0.00159107 -0.0219211 -0.0111024)
(-0.00878445 -0.0202278 -0.000138163)
(0.00286239 0.0022642 0.00540032)
(-0.00039962 -0.0212442 0.000714384)
(0.00684014 0.00232965 -9.65384e-05)
(0.00541807 0.00174033 2.14301e-05)
(0.00501789 0.00108412 0.000669264)
(0.0052776 0.000983987 0.00115181)
(0.00541252 0.000639104 -0.00179111)
(0.00520573 0.000618914 0.000302964)
(0.00443439 7.92513e-05 -0.00204926)
(0.00441687 0.00135911 0.000120918)
(0.00445446 0.00140488 0.00199872)
(0.00369988 0.0011881 0.000274486)
(0.00492184 0.000781105 -0.000648872)
(0.00498325 0.000464927 0.00274788)
(0.00503081 0.00109278 -6.07263e-05)
(0.00194709 -0.000690876 0.000161247)
(0.00199996 0.000436388 -1.33563e-05)
(-0.000782531 -0.00118586 7.19234e-06)
(0.00279971 -0.00243616 -0.00014013)
(0.00290133 -0.00253633 -0.00288166)
(0.0038701 -0.00325219 -0.00769076)
(0.00252826 -0.00228174 3.20596e-05)
(0.0026933 -0.00222707 0.000277967)
(0.00154173 -0.00160753 0.000142569)
(0.000558061 -0.000504366 -0.013244)
(0.00042578 -0.00250562 -0.0125503)
(0.00154752 -0.00336725 0.00234979)
(0.00133129 -0.00229251 0.000700664)
(0.00150879 -0.00120607 0.000629966)
(0.00201229 -0.00164531 0.000570969)
(0.000949841 -0.00197829 0.00163289)
(0.000775132 -0.00190196 -0.000819121)
(0.0012804 -0.00262543 -0.000723208)
(-0.000424415 -0.00826458 -0.000265587)
(0.000353079 -0.00068263 -0.0012908)
(0.000424438 -0.00216282 -0.000379187)
(0.00945848 -0.0039957 0.00299573)
(0.0119373 -0.00175267 -0.00478865)
(0.00120385 -0.00406541 -0.000173031)
(0.00174015 -0.00102036 -0.0035174)
(0.00145946 -0.00144772 -0.00164284)
(0.00174988 -0.000918169 -8.89299e-05)
(0.00174649 -0.00056452 -0.000222961)
(0.00126064 -0.000992272 0.00252352)
(0.00178749 -0.000694345 -0.00260623)
(0.000993832 -0.00198196 0.000242674)
(0.000980624 -0.00209909 -0.00960953)
(0.000654212 -0.00109882 -0.00298893)
(0.00129129 -0.000152851 0.000752379)
(-0.000155291 -0.000554584 -0.00231154)
(0.000180355 -8.21321e-05 0.00104954)
(0.000452628 -0.000486257 -0.000386522)
(0.000109622 1.77767e-05 0.00249748)
(-0.000589006 5.97703e-05 -0.00290823)
(-0.000344951 0.000187834 -4.0609e-05)
(0.000212938 -0.00065646 -0.000773071)
(-7.32802e-05 -0.000863628 0.000382265)
(0.00106005 -0.000336144 0.00073087)
(0.000205706 -0.00175145 0.00093963)
(0.000426397 -0.000932513 -0.00122773)
(-0.00127897 -0.00152974 -0.00206568)
(-4.17693e-05 -0.00184831 -0.000193122)
(-0.000613178 -0.00170369 -0.00195386)
(0.000240323 -0.000375687 -0.00466201)
(0.000159719 6.74722e-06 -6.47366e-05)
(-0.00046245 0.000230812 -0.000189801)
(0.00206149 -0.000403942 -0.012939)
(0.000882126 0.00165484 0.000222855)
(-0.000598233 0.000613688 -0.000286317)
(0.000803263 0.000938306 -0.00297244)
(-0.00057018 -0.0211682 0.000276782)
(-0.000553028 -0.0210991 1.74391e-05)
(0.00033053 -0.0186 0.0027861)
(-0.00877008 -0.0177859 9.17811e-05)
(-0.00940863 -0.0178401 -0.00724643)
(-0.00896407 -0.0175994 -6.37078e-05)
(-0.00841843 -0.0168144 -0.00435202)
(-0.00225479 -0.00233169 -0.000420185)
(0.00451885 -0.000394899 -0.000670062)
(-9.49875e-05 -0.00263632 0.00172601)
(0.00516527 0.00157555 -0.00083565)
(-0.00253238 0.000823606 -0.00512503)
(0.00499376 0.000594078 -4.53047e-05)
(0.00426088 0.00129011 -0.00656115)
(0.00476551 0.00113261 0.00048484)
(0.00671837 -0.00123873 -0.00830444)
(0.00463746 0.000956612 -0.000461334)
(0.0052288 0.000365021 -0.0122649)
(0.0053699 0.00065889 -0.0136501)
(0.00542626 0.000813904 -0.00639804)
(0.00503323 0.00195712 -0.00103195)
(0.0051258 -0.00134311 -0.000140336)
(0.00232307 -0.00365174 -0.0038538)
(0.00261195 0.000336374 0.00540249)
(0.00219357 -0.00284249 0.00329642)
(0.000890777 -0.00307221 -0.000380824)
(0.00108313 -0.00261301 -2.53103e-05)
(0.000871865 -0.00139496 -0.000343995)
(0.00142269 -0.00225558 -0.00119887)
(0.00292447 -0.00190205 -0.000576705)
(0.00281861 -0.00230824 -0.0011049)
(0.00231484 -0.00203271 0.00448547)
(0.000600341 -0.00251385 0.00868054)
(0.000254335 -0.00124718 -0.00248424)
(0.00202462 -0.00219182 -0.0057663)
(0.00049862 -0.00270659 0.000153274)
(-0.00116848 -0.00191134 -0.00397588)
(0.00131045 -0.00139081 -0.0075657)
(0.00156457 -0.00363204 0.00142143)
(0.00129777 -0.00406199 -0.00219162)
(0.00174949 -0.00326914 -0.00299514)
(0.00781639 -0.00256676 -0.000288924)
(0.00122548 -0.000692694 -0.00268526)
(0.00185002 -0.000463484 -0.00389498)
(0.00135492 -0.00129915 -0.000803534)
(0.00263422 -0.00160177 -0.000551899)
(0.00192272 -0.00184391 -0.003607)
(0.000417388 -0.000322737 8.17934e-05)
(-0.000689506 -0.000832224 -0.00520705)
(0.00165077 -0.000932204 6.64561e-05)
(-0.00131154 0.000618696 0.00238667)
(7.23646e-05 -0.000489811 -0.00367338)
(0.000269224 -0.000263531 -0.000193207)
(-0.000454065 0.000520841 -0.000492469)
(0.000157971 -0.000470312 -0.00186154)
(-0.000288562 -0.00121894 -0.00190395)
(-0.000446062 -0.00142587 0.00299006)
(-0.000550429 -0.000181017 -0.00225736)
(0.000515871 -0.00219249 -0.000719386)
(0.000983436 -0.000231202 -0.000907287)
(0.000878893 -0.00168748 -0.000798055)
(0.000818791 -0.000259396 6.01327e-07)
(-0.000139498 -0.000779903 -0.00262744)
(0.000529113 -0.00147512 -0.00143935)
(0.000792723 -0.000616197 0.000168603)
(0.000684203 -0.00135134 0.000315067)
(0.0022158 -0.00136409 -0.000501249)
(-2.03917e-06 -0.000844441 0.000392397)
(0.000134676 -0.00220621 -0.0100181)
(0.000933742 0.00153765 -0.0105857)
(0.00124639 0.00141899 -0.00872304)
(7.48329e-05 0.00176725 -0.00378878)
(0.00113162 0.00151827 -0.00817988)
(-0.000561036 0.000677452 -0.00389682)
(0.000450654 0.000834642 -0.00484045)
(-7.09853e-05 0.00011396 -0.00299636)
(-0.00995784 -0.0188706 -0.000209853)
(-0.00513278 -0.0210389 -0.000910704)
(-0.00604156 -0.0193582 8.65819e-05)
(-0.00699522 -0.01599 0.000226601)
(-0.00894175 -0.00364253 -0.00352808)
(-0.0103891 -0.00570026 -0.00520406)
(-0.00848116 -0.0069672 -0.00186626)
(-0.00592693 -0.000608682 -0.00173299)
(-0.00177877 -0.000399577 -0.00176455)
(0.00671562 -0.00228769 -0.00644361)
(0.00765086 0.000477484 -0.000674982)
(0.00601498 -7.00522e-05 -0.00734367)
(0.00432287 0.00146404 0.000674067)
(0.00415449 0.000818316 -0.0113224)
(0.0040119 0.000664362 -0.000207721)
(0.00446956 0.00149477 -0.00751993)
(0.0039658 0.000768294 0.00119571)
(0.00407419 0.00145188 -0.00119717)
(0.00404826 4.52596e-05 0.000264716)
(0.00766723 -0.000547719 -0.00106303)
(0.00380876 0.00188835 0.00019183)
(0.00349799 4.02844e-08 0.000176251)
(0.00325649 -0.00252029 -0.00431742)
(0.00314247 -0.00209374 -0.00519974)
(0.00343299 -0.00228153 -0.00174771)
(0.00289879 -0.0010302 -0.00280526)
(0.00317867 -0.00180244 -0.000962582)
(-0.00111657 -0.00115486 -0.00272725)
(0.00226309 -0.00132298 -0.00342559)
(-0.00178455 -0.000668452 -0.000551571)
(-0.000225387 -0.000912442 -0.00934517)
(-0.00256203 -0.000928891 -0.00155945)
(-0.00369313 -0.00380599 -0.00466943)
(-0.00228018 -0.00241095 -0.00282412)
(-0.00411447 -0.00226658 3.76697e-05)
(-0.00185245 -0.0019823 -0.00549841)
(-0.00409386 -0.00546465 -0.000118269)
(-0.00475177 -0.00771726 -0.00476115)
(-0.00411551 -0.00815227 -0.000390876)
(0.00197013 -0.00362945 -0.00450316)
(-0.00422315 -0.000445775 -7.97962e-05)
(0.00280921 -0.00332794 0.000268261)
(-0.00398207 1.53052e-05 -4.10039e-06)
(0.00132969 -0.000571635 0.000538795)
(-0.00390699 -0.00613753 0.000191452)
(0.000166843 -0.00208053 -0.00207641)
(-0.00464446 -0.00623093 -3.7178e-06)
(0.000192105 -0.00336657 -0.00132295)
(-0.00163416 -0.00313559 1.42885e-05)
(0.00230172 -0.00129772 -0.000600367)
(0.00210372 -0.00020263 -0.00189982)
(-0.00234603 -0.00224267 -0.00256274)
(0.00078797 -0.000883695 -0.00758488)
(0.00133052 -0.00280877 -0.00147339)
(0.000856353 -0.000934682 -0.00367045)
(0.00200944 -0.000594047 -0.00150968)
(0.000509036 -0.00218763 -0.000338075)
(-0.00194402 0.000371627 -2.87631e-05)
(-0.00162128 0.000830622 0.000106621)
(0.000681376 -0.00107778 -0.000474321)
(0.00153867 -0.000984228 -0.00144012)
(-0.000332979 -0.00158743 -0.00266172)
(0.00181114 -0.000986215 -0.00305715)
(0.00224359 0.0012935 -0.00242467)
(0.00199363 0.000317393 -0.00129853)
(0.00125876 -0.00174801 -0.00134507)
(0.00197058 -0.000147671 -0.00192041)
(0.000363775 -0.000692432 -0.0031859)
(0.000503572 -0.00129201 -0.00323739)
(0.00147883 -0.00179794 -0.001491)
(0.00233586 -0.000230707 -0.000787771)
(-0.00695976 0.00118756 -0.001669)
(0.0154784 -0.00552527 0.000957996)
(-0.00050883 0.00152705 -0.00153955)
(-0.00022546 -0.000213898 -0.000178511)
(0.000496226 0.00100569 -4.54453e-05)
(0.0654577 0.000376386 -5.34497e-05)
(-0.000454531 -0.0188592 -0.000165277)
(-0.00190599 -0.0192493 -0.00105093)
(-0.123941 -0.0182916 -6.56391e-06)
(0.188753 -0.121097 -2.06458e-05)
(-0.0144262 -0.0153736 -0.000294599)
(-0.0208667 -0.0114954 1.89495e-05)
(-0.012569 -0.00437811 -5.6072e-05)
(-0.00668331 -0.00406189 -0.0010989)
(-0.0138921 -0.00586388 -0.000173635)
(-0.042631 -0.0154068 -0.000200756)
(-0.00192373 -0.000117026 0.00027171)
(0.00280231 -0.00378777 4.57545e-05)
(-0.00165636 -0.00492395 -0.00060979)
(-0.000775582 0.00180135 -0.000311005)
(-0.0354171 -0.0148471 5.74173e-05)
(-0.0362171 -0.00451824 0.00024462)
(-0.0352385 -0.0040052 -0.000247927)
(-0.0295199 -0.00450971 -0.00133247)
(-0.0174499 0.00033811 -0.000845348)
(-0.029014 -0.00560587 -2.97655e-05)
(-0.0118741 -0.00628464 7.44975e-05)
(-0.00535597 -0.00429007 -0.00265103)
(-0.00915375 -0.00318834 -0.00340644)
(0.00150412 -0.00840928 -9.63817e-05)
(0.00186631 -0.00162437 -0.00575645)
(-0.00363648 -0.00652049 -0.000258725)
(-0.0011177 -0.00126456 -0.00104137)
(-0.0383891 0.0252323 0.000535288)
(-0.00216388 -0.00135312 0.000280747)
(-0.0179456 0.00824629 0.000152596)
(-0.00460455 -0.00085076 0.000110553)
(-0.00299838 -0.00103088 -6.93011e-05)
(-0.00158487 -0.000854611 -0.000277045)
(-0.000444748 -0.00449707 -0.000266033)
(-0.0026329 -0.00258833 -4.76568e-05)
(-0.00323639 -0.00638404 -2.61457e-05)
(-0.00778189 -0.00631831 -0.000348936)
(0.00263844 -0.0032636 -0.000348169)
(0.00833823 0.00180317 -2.74037e-06)
(-0.0151447 -0.0124302 9.11928e-06)
(-0.00282994 -0.00103744 -0.000115208)
(-0.00186325 -0.000171735 -0.000147775)
(-0.00180274 -0.00296834 5.88784e-05)
(-0.00090432 -0.00300225 3.54655e-05)
(-0.00155697 -0.00323206 0.000205324)
(-0.000108931 -0.00234046 -2.59504e-05)
(0.00196496 0.00295556 -0.000885938)
(0.00348512 0.00240687 -9.6816e-05)
(-0.00119124 -0.00507969 -0.0020224)
(0.0207756 -0.0025347 4.9488e-06)
(0.0323964 -0.0284955 -0.000425814)
(0.00728131 -0.00144832 -0.000304348)
(0.054649 0.0379034 -0.000119114)
(-0.0149003 0.012404 -0.000648864)
(0.00176596 0.0019984 -0.000125415)
(-0.0886694 -0.149758 -0.000194548)
(-0.0100784 -0.00942318 -5.48453e-05)
(-0.000624083 -0.0037101 -0.000218922)
(0.000580207 0.00171574 -0.000550023)
(-0.0438407 -0.00778195 -0.000461947)
(-0.034633 -0.00397977 -0.000155732)
(-0.0359874 -0.00772049 -2.59252e-05)
)


// ************************************************************************* //
