/*--------------------------------*- C++ -*----------------------------------*\
  =========                 |
  \\      /  F ield         | OpenFOAM: The Open Source CFD Toolbox
   \\    /   O peration     | Website:  https://openfoam.org
    \\  /    A nd           | Version:  8
     \\/     M anipulation  |
\*---------------------------------------------------------------------------*/
FoamFile
{
    version     2.0;
    format      ascii;
    class       vectorField;
    location    "constant/polyMesh";
    object      points;
}
// * * * * * * * * * * * * * * * * * * * * * * * * * * * * * * * * * * * * * //


2058
(
(0 0.0779423 0)
(0.015 0.0779423 0)
(0.03 0.0779423 0)
(0.045 0.0779423 0)
(0.06 0.0779423 0)
(0.075 0.0779423 0)
(0.09 0.0779423 0)
(0.105 0.0779423 0)
(0.12 0.0779423 0)
(0.135 0.0779423 0)
(0.15 0.0779423 0)
(0.165 0.0779423 0)
(0.18 0.0779423 0)
(0.195 0.0779423 0)
(0.21 0.0779423 0)
(0.225 0.0779423 0)
(0.24 0.0779423 0)
(0.255 0.0779423 0)
(0.27 0.0779423 0)
(0.285 0.0779423 0)
(0.3 0.0779423 0)
(0 0.0884937425 0)
(0.015 0.0884937425 0)
(0.03 0.0884937425 0)
(0.045 0.0884937425 0)
(0.06 0.0884937425 0)
(0.075 0.0884937425 0)
(0.09 0.0884937425 0)
(0.105 0.0884937425 0)
(0.12 0.0884937425 0)
(0.135 0.0884937425 0)
(0.15 0.0884937425 0)
(0.165 0.0884937425 0)
(0.18 0.0884937425 0)
(0.195 0.0884937425 0)
(0.21 0.0884937425 0)
(0.225 0.0884937425 0)
(0.24 0.0884937425 0)
(0.255 0.0884937425 0)
(0.27 0.0884937425 0)
(0.285 0.0884937425 0)
(0.3 0.0884937425 0)
(0 0.099045185 0)
(0.015 0.099045185 0)
(0.03 0.099045185 0)
(0.045 0.099045185 0)
(0.06 0.099045185 0)
(0.075 0.099045185 0)
(0.09 0.099045185 0)
(0.105 0.099045185 0)
(0.12 0.099045185 0)
(0.135 0.099045185 0)
(0.15 0.099045185 0)
(0.165 0.099045185 0)
(0.18 0.099045185 0)
(0.195 0.099045185 0)
(0.21 0.099045185 0)
(0.225 0.099045185 0)
(0.24 0.099045185 0)
(0.255 0.099045185 0)
(0.27 0.099045185 0)
(0.285 0.099045185 0)
(0.3 0.099045185 0)
(0 0.1095966275 0)
(0.015 0.1095966275 0)
(0.03 0.1095966275 0)
(0.045 0.1095966275 0)
(0.06 0.1095966275 0)
(0.075 0.1095966275 0)
(0.09 0.1095966275 0)
(0.105 0.1095966275 0)
(0.12 0.1095966275 0)
(0.135 0.1095966275 0)
(0.15 0.1095966275 0)
(0.165 0.1095966275 0)
(0.18 0.1095966275 0)
(0.195 0.1095966275 0)
(0.21 0.1095966275 0)
(0.225 0.1095966275 0)
(0.24 0.1095966275 0)
(0.255 0.1095966275 0)
(0.27 0.1095966275 0)
(0.285 0.1095966275 0)
(0.3 0.1095966275 0)
(0 0.12014807 0)
(0.015 0.12014807 0)
(0.03 0.12014807 0)
(0.045 0.12014807 0)
(0.06 0.12014807 0)
(0.075 0.12014807 0)
(0.09 0.12014807 0)
(0.105 0.12014807 0)
(0.12 0.12014807 0)
(0.135 0.12014807 0)
(0.15 0.12014807 0)
(0.165 0.12014807 0)
(0.18 0.12014807 0)
(0.195 0.12014807 0)
(0.21 0.12014807 0)
(0.225 0.12014807 0)
(0.24 0.12014807 0)
(0.255 0.12014807 0)
(0.27 0.12014807 0)
(0.285 0.12014807 0)
(0.3 0.12014807 0)
(0 0.1306995125 0)
(0.015 0.1306995125 0)
(0.03 0.1306995125 0)
(0.045 0.1306995125 0)
(0.06 0.1306995125 0)
(0.075 0.1306995125 0)
(0.09 0.1306995125 0)
(0.105 0.1306995125 0)
(0.12 0.1306995125 0)
(0.135 0.1306995125 0)
(0.15 0.1306995125 0)
(0.165 0.1306995125 0)
(0.18 0.1306995125 0)
(0.195 0.1306995125 0)
(0.21 0.1306995125 0)
(0.225 0.1306995125 0)
(0.24 0.1306995125 0)
(0.255 0.1306995125 0)
(0.27 0.1306995125 0)
(0.285 0.1306995125 0)
(0.3 0.1306995125 0)
(0 0.141250955 0)
(0.015 0.141250955 0)
(0.03 0.141250955 0)
(0.045 0.141250955 0)
(0.06 0.141250955 0)
(0.075 0.141250955 0)
(0.09 0.141250955 0)
(0.105 0.141250955 0)
(0.12 0.141250955 0)
(0.135 0.141250955 0)
(0.15 0.141250955 0)
(0.165 0.141250955 0)
(0.18 0.141250955 0)
(0.195 0.141250955 0)
(0.21 0.141250955 0)
(0.225 0.141250955 0)
(0.24 0.141250955 0)
(0.255 0.141250955 0)
(0.27 0.141250955 0)
(0.285 0.141250955 0)
(0.3 0.141250955 0)
(0 0.1518023975 0)
(0.015 0.1518023975 0)
(0.03 0.1518023975 0)
(0.045 0.1518023975 0)
(0.06 0.1518023975 0)
(0.075 0.1518023975 0)
(0.09 0.1518023975 0)
(0.105 0.1518023975 0)
(0.12 0.1518023975 0)
(0.135 0.1518023975 0)
(0.15 0.1518023975 0)
(0.165 0.1518023975 0)
(0.18 0.1518023975 0)
(0.195 0.1518023975 0)
(0.21 0.1518023975 0)
(0.225 0.1518023975 0)
(0.24 0.1518023975 0)
(0.255 0.1518023975 0)
(0.27 0.1518023975 0)
(0.285 0.1518023975 0)
(0.3 0.1518023975 0)
(0 0.16235384 0)
(0.015 0.16235384 0)
(0.03 0.16235384 0)
(0.045 0.16235384 0)
(0.06 0.16235384 0)
(0.075 0.16235384 0)
(0.09 0.16235384 0)
(0.105 0.16235384 0)
(0.12 0.16235384 0)
(0.135 0.16235384 0)
(0.15 0.16235384 0)
(0.165 0.16235384 0)
(0.18 0.16235384 0)
(0.195 0.16235384 0)
(0.21 0.16235384 0)
(0.225 0.16235384 0)
(0.24 0.16235384 0)
(0.255 0.16235384 0)
(0.27 0.16235384 0)
(0.285 0.16235384 0)
(0.3 0.16235384 0)
(0 0.1729052825 0)
(0.015 0.1729052825 0)
(0.03 0.1729052825 0)
(0.045 0.1729052825 0)
(0.06 0.1729052825 0)
(0.075 0.1729052825 0)
(0.09 0.1729052825 0)
(0.105 0.1729052825 0)
(0.12 0.1729052825 0)
(0.135 0.1729052825 0)
(0.15 0.1729052825 0)
(0.165 0.1729052825 0)
(0.18 0.1729052825 0)
(0.195 0.1729052825 0)
(0.21 0.1729052825 0)
(0.225 0.1729052825 0)
(0.24 0.1729052825 0)
(0.255 0.1729052825 0)
(0.27 0.1729052825 0)
(0.285 0.1729052825 0)
(0.3 0.1729052825 0)
(0 0.183456725 0)
(0.015 0.183456725 0)
(0.03 0.183456725 0)
(0.045 0.183456725 0)
(0.06 0.183456725 0)
(0.075 0.183456725 0)
(0.09 0.183456725 0)
(0.105 0.183456725 0)
(0.12 0.183456725 0)
(0.135 0.183456725 0)
(0.15 0.183456725 0)
(0.165 0.183456725 0)
(0.18 0.183456725 0)
(0.195 0.183456725 0)
(0.21 0.183456725 0)
(0.225 0.183456725 0)
(0.24 0.183456725 0)
(0.255 0.183456725 0)
(0.27 0.183456725 0)
(0.285 0.183456725 0)
(0.3 0.183456725 0)
(0 0.1940081675 0)
(0.015 0.1940081675 0)
(0.03 0.1940081675 0)
(0.045 0.1940081675 0)
(0.06 0.1940081675 0)
(0.075 0.1940081675 0)
(0.09 0.1940081675 0)
(0.105 0.1940081675 0)
(0.12 0.1940081675 0)
(0.135 0.1940081675 0)
(0.15 0.1940081675 0)
(0.165 0.1940081675 0)
(0.18 0.1940081675 0)
(0.195 0.1940081675 0)
(0.21 0.1940081675 0)
(0.225 0.1940081675 0)
(0.24 0.1940081675 0)
(0.255 0.1940081675 0)
(0.27 0.1940081675 0)
(0.285 0.1940081675 0)
(0.3 0.1940081675 0)
(0 0.20455961 0)
(0.015 0.20455961 0)
(0.03 0.20455961 0)
(0.045 0.20455961 0)
(0.06 0.20455961 0)
(0.075 0.20455961 0)
(0.09 0.20455961 0)
(0.105 0.20455961 0)
(0.12 0.20455961 0)
(0.135 0.20455961 0)
(0.15 0.20455961 0)
(0.165 0.20455961 0)
(0.18 0.20455961 0)
(0.195 0.20455961 0)
(0.21 0.20455961 0)
(0.225 0.20455961 0)
(0.24 0.20455961 0)
(0.255 0.20455961 0)
(0.27 0.20455961 0)
(0.285 0.20455961 0)
(0.3 0.20455961 0)
(0 0.2151110525 0)
(0.015 0.2151110525 0)
(0.03 0.2151110525 0)
(0.045 0.2151110525 0)
(0.06 0.2151110525 0)
(0.075 0.2151110525 0)
(0.09 0.2151110525 0)
(0.105 0.2151110525 0)
(0.12 0.2151110525 0)
(0.135 0.2151110525 0)
(0.15 0.2151110525 0)
(0.165 0.2151110525 0)
(0.18 0.2151110525 0)
(0.195 0.2151110525 0)
(0.21 0.2151110525 0)
(0.225 0.2151110525 0)
(0.24 0.2151110525 0)
(0.255 0.2151110525 0)
(0.27 0.2151110525 0)
(0.285 0.2151110525 0)
(0.3 0.2151110525 0)
(0 0.225662495 0)
(0.015 0.225662495 0)
(0.03 0.225662495 0)
(0.045 0.225662495 0)
(0.06 0.225662495 0)
(0.075 0.225662495 0)
(0.09 0.225662495 0)
(0.105 0.225662495 0)
(0.12 0.225662495 0)
(0.135 0.225662495 0)
(0.15 0.225662495 0)
(0.165 0.225662495 0)
(0.18 0.225662495 0)
(0.195 0.225662495 0)
(0.21 0.225662495 0)
(0.225 0.225662495 0)
(0.24 0.225662495 0)
(0.255 0.225662495 0)
(0.27 0.225662495 0)
(0.285 0.225662495 0)
(0.3 0.225662495 0)
(0 0.2362139375 0)
(0.015 0.2362139375 0)
(0.03 0.2362139375 0)
(0.045 0.2362139375 0)
(0.06 0.2362139375 0)
(0.075 0.2362139375 0)
(0.09 0.2362139375 0)
(0.105 0.2362139375 0)
(0.12 0.2362139375 0)
(0.135 0.2362139375 0)
(0.15 0.2362139375 0)
(0.165 0.2362139375 0)
(0.18 0.2362139375 0)
(0.195 0.2362139375 0)
(0.21 0.2362139375 0)
(0.225 0.2362139375 0)
(0.24 0.2362139375 0)
(0.255 0.2362139375 0)
(0.27 0.2362139375 0)
(0.285 0.2362139375 0)
(0.3 0.2362139375 0)
(0 0.24676538 0)
(0.015 0.24676538 0)
(0.03 0.24676538 0)
(0.045 0.24676538 0)
(0.06 0.24676538 0)
(0.075 0.24676538 0)
(0.09 0.24676538 0)
(0.105 0.24676538 0)
(0.12 0.24676538 0)
(0.135 0.24676538 0)
(0.15 0.24676538 0)
(0.165 0.24676538 0)
(0.18 0.24676538 0)
(0.195 0.24676538 0)
(0.21 0.24676538 0)
(0.225 0.24676538 0)
(0.24 0.24676538 0)
(0.255 0.24676538 0)
(0.27 0.24676538 0)
(0.285 0.24676538 0)
(0.3 0.24676538 0)
(0 0.2573168225 0)
(0.015 0.2573168225 0)
(0.03 0.2573168225 0)
(0.045 0.2573168225 0)
(0.06 0.2573168225 0)
(0.075 0.2573168225 0)
(0.09 0.2573168225 0)
(0.105 0.2573168225 0)
(0.12 0.2573168225 0)
(0.135 0.2573168225 0)
(0.15 0.2573168225 0)
(0.165 0.2573168225 0)
(0.18 0.2573168225 0)
(0.195 0.2573168225 0)
(0.21 0.2573168225 0)
(0.225 0.2573168225 0)
(0.24 0.2573168225 0)
(0.255 0.2573168225 0)
(0.27 0.2573168225 0)
(0.285 0.2573168225 0)
(0.3 0.2573168225 0)
(0 0.267868265 0)
(0.015 0.267868265 0)
(0.03 0.267868265 0)
(0.045 0.267868265 0)
(0.06 0.267868265 0)
(0.075 0.267868265 0)
(0.09 0.267868265 0)
(0.105 0.267868265 0)
(0.12 0.267868265 0)
(0.135 0.267868265 0)
(0.15 0.267868265 0)
(0.165 0.267868265 0)
(0.18 0.267868265 0)
(0.195 0.267868265 0)
(0.21 0.267868265 0)
(0.225 0.267868265 0)
(0.24 0.267868265 0)
(0.255 0.267868265 0)
(0.27 0.267868265 0)
(0.285 0.267868265 0)
(0.3 0.267868265 0)
(0 0.2784197075 0)
(0.015 0.2784197075 0)
(0.03 0.2784197075 0)
(0.045 0.2784197075 0)
(0.06 0.2784197075 0)
(0.075 0.2784197075 0)
(0.09 0.2784197075 0)
(0.105 0.2784197075 0)
(0.12 0.2784197075 0)
(0.135 0.2784197075 0)
(0.15 0.2784197075 0)
(0.165 0.2784197075 0)
(0.18 0.2784197075 0)
(0.195 0.2784197075 0)
(0.21 0.2784197075 0)
(0.225 0.2784197075 0)
(0.24 0.2784197075 0)
(0.255 0.2784197075 0)
(0.27 0.2784197075 0)
(0.285 0.2784197075 0)
(0.3 0.2784197075 0)
(0 0.28897115 0)
(0.015 0.28897115 0)
(0.03 0.28897115 0)
(0.045 0.28897115 0)
(0.06 0.28897115 0)
(0.075 0.28897115 0)
(0.09 0.28897115 0)
(0.105 0.28897115 0)
(0.12 0.28897115 0)
(0.135 0.28897115 0)
(0.15 0.28897115 0)
(0.165 0.28897115 0)
(0.18 0.28897115 0)
(0.195 0.28897115 0)
(0.21 0.28897115 0)
(0.225 0.28897115 0)
(0.24 0.28897115 0)
(0.255 0.28897115 0)
(0.27 0.28897115 0)
(0.285 0.28897115 0)
(0.3 0.28897115 0)
(0 0.2995225925 0)
(0.015 0.2995225925 0)
(0.03 0.2995225925 0)
(0.045 0.2995225925 0)
(0.06 0.2995225925 0)
(0.075 0.2995225925 0)
(0.09 0.2995225925 0)
(0.105 0.2995225925 0)
(0.12 0.2995225925 0)
(0.135 0.2995225925 0)
(0.15 0.2995225925 0)
(0.165 0.2995225925 0)
(0.18 0.2995225925 0)
(0.195 0.2995225925 0)
(0.21 0.2995225925 0)
(0.225 0.2995225925 0)
(0.24 0.2995225925 0)
(0.255 0.2995225925 0)
(0.27 0.2995225925 0)
(0.285 0.2995225925 0)
(0.3 0.2995225925 0)
(0 0.310074035 0)
(0.015 0.310074035 0)
(0.03 0.310074035 0)
(0.045 0.310074035 0)
(0.06 0.310074035 0)
(0.075 0.310074035 0)
(0.09 0.310074035 0)
(0.105 0.310074035 0)
(0.12 0.310074035 0)
(0.135 0.310074035 0)
(0.15 0.310074035 0)
(0.165 0.310074035 0)
(0.18 0.310074035 0)
(0.195 0.310074035 0)
(0.21 0.310074035 0)
(0.225 0.310074035 0)
(0.24 0.310074035 0)
(0.255 0.310074035 0)
(0.27 0.310074035 0)
(0.285 0.310074035 0)
(0.3 0.310074035 0)
(0 0.3206254775 0)
(0.015 0.3206254775 0)
(0.03 0.3206254775 0)
(0.045 0.3206254775 0)
(0.06 0.3206254775 0)
(0.075 0.3206254775 0)
(0.09 0.3206254775 0)
(0.105 0.3206254775 0)
(0.12 0.3206254775 0)
(0.135 0.3206254775 0)
(0.15 0.3206254775 0)
(0.165 0.3206254775 0)
(0.18 0.3206254775 0)
(0.195 0.3206254775 0)
(0.21 0.3206254775 0)
(0.225 0.3206254775 0)
(0.24 0.3206254775 0)
(0.255 0.3206254775 0)
(0.27 0.3206254775 0)
(0.285 0.3206254775 0)
(0.3 0.3206254775 0)
(0 0.33117692 0)
(0.015 0.33117692 0)
(0.03 0.33117692 0)
(0.045 0.33117692 0)
(0.06 0.33117692 0)
(0.075 0.33117692 0)
(0.09 0.33117692 0)
(0.105 0.33117692 0)
(0.12 0.33117692 0)
(0.135 0.33117692 0)
(0.15 0.33117692 0)
(0.165 0.33117692 0)
(0.18 0.33117692 0)
(0.195 0.33117692 0)
(0.21 0.33117692 0)
(0.225 0.33117692 0)
(0.24 0.33117692 0)
(0.255 0.33117692 0)
(0.27 0.33117692 0)
(0.285 0.33117692 0)
(0.3 0.33117692 0)
(0 0.3417283625 0)
(0.015 0.3417283625 0)
(0.03 0.3417283625 0)
(0.045 0.3417283625 0)
(0.06 0.3417283625 0)
(0.075 0.3417283625 0)
(0.09 0.3417283625 0)
(0.105 0.3417283625 0)
(0.12 0.3417283625 0)
(0.135 0.3417283625 0)
(0.15 0.3417283625 0)
(0.165 0.3417283625 0)
(0.18 0.3417283625 0)
(0.195 0.3417283625 0)
(0.21 0.3417283625 0)
(0.225 0.3417283625 0)
(0.24 0.3417283625 0)
(0.255 0.3417283625 0)
(0.27 0.3417283625 0)
(0.285 0.3417283625 0)
(0.3 0.3417283625 0)
(0 0.352279805 0)
(0.015 0.352279805 0)
(0.03 0.352279805 0)
(0.045 0.352279805 0)
(0.06 0.352279805 0)
(0.075 0.352279805 0)
(0.09 0.352279805 0)
(0.105 0.352279805 0)
(0.12 0.352279805 0)
(0.135 0.352279805 0)
(0.15 0.352279805 0)
(0.165 0.352279805 0)
(0.18 0.352279805 0)
(0.195 0.352279805 0)
(0.21 0.352279805 0)
(0.225 0.352279805 0)
(0.24 0.352279805 0)
(0.255 0.352279805 0)
(0.27 0.352279805 0)
(0.285 0.352279805 0)
(0.3 0.352279805 0)
(0 0.3628312475 0)
(0.015 0.3628312475 0)
(0.03 0.3628312475 0)
(0.045 0.3628312475 0)
(0.06 0.3628312475 0)
(0.075 0.3628312475 0)
(0.09 0.3628312475 0)
(0.105 0.3628312475 0)
(0.12 0.3628312475 0)
(0.135 0.3628312475 0)
(0.15 0.3628312475 0)
(0.165 0.3628312475 0)
(0.18 0.3628312475 0)
(0.195 0.3628312475 0)
(0.21 0.3628312475 0)
(0.225 0.3628312475 0)
(0.24 0.3628312475 0)
(0.255 0.3628312475 0)
(0.27 0.3628312475 0)
(0.285 0.3628312475 0)
(0.3 0.3628312475 0)
(0 0.37338269 0)
(0.015 0.37338269 0)
(0.03 0.37338269 0)
(0.045 0.37338269 0)
(0.06 0.37338269 0)
(0.075 0.37338269 0)
(0.09 0.37338269 0)
(0.105 0.37338269 0)
(0.12 0.37338269 0)
(0.135 0.37338269 0)
(0.15 0.37338269 0)
(0.165 0.37338269 0)
(0.18 0.37338269 0)
(0.195 0.37338269 0)
(0.21 0.37338269 0)
(0.225 0.37338269 0)
(0.24 0.37338269 0)
(0.255 0.37338269 0)
(0.27 0.37338269 0)
(0.285 0.37338269 0)
(0.3 0.37338269 0)
(0 0.3839341325 0)
(0.015 0.3839341325 0)
(0.03 0.3839341325 0)
(0.045 0.3839341325 0)
(0.06 0.3839341325 0)
(0.075 0.3839341325 0)
(0.09 0.3839341325 0)
(0.105 0.3839341325 0)
(0.12 0.3839341325 0)
(0.135 0.3839341325 0)
(0.15 0.3839341325 0)
(0.165 0.3839341325 0)
(0.18 0.3839341325 0)
(0.195 0.3839341325 0)
(0.21 0.3839341325 0)
(0.225 0.3839341325 0)
(0.24 0.3839341325 0)
(0.255 0.3839341325 0)
(0.27 0.3839341325 0)
(0.285 0.3839341325 0)
(0.3 0.3839341325 0)
(0 0.394485575 0)
(0.015 0.394485575 0)
(0.03 0.394485575 0)
(0.045 0.394485575 0)
(0.06 0.394485575 0)
(0.075 0.394485575 0)
(0.09 0.394485575 0)
(0.105 0.394485575 0)
(0.12 0.394485575 0)
(0.135 0.394485575 0)
(0.15 0.394485575 0)
(0.165 0.394485575 0)
(0.18 0.394485575 0)
(0.195 0.394485575 0)
(0.21 0.394485575 0)
(0.225 0.394485575 0)
(0.24 0.394485575 0)
(0.255 0.394485575 0)
(0.27 0.394485575 0)
(0.285 0.394485575 0)
(0.3 0.394485575 0)
(0 0.4050370175 0)
(0.015 0.4050370175 0)
(0.03 0.4050370175 0)
(0.045 0.4050370175 0)
(0.06 0.4050370175 0)
(0.075 0.4050370175 0)
(0.09 0.4050370175 0)
(0.105 0.4050370175 0)
(0.12 0.4050370175 0)
(0.135 0.4050370175 0)
(0.15 0.4050370175 0)
(0.165 0.4050370175 0)
(0.18 0.4050370175 0)
(0.195 0.4050370175 0)
(0.21 0.4050370175 0)
(0.225 0.4050370175 0)
(0.24 0.4050370175 0)
(0.255 0.4050370175 0)
(0.27 0.4050370175 0)
(0.285 0.4050370175 0)
(0.3 0.4050370175 0)
(0 0.41558846 0)
(0.015 0.41558846 0)
(0.03 0.41558846 0)
(0.045 0.41558846 0)
(0.06 0.41558846 0)
(0.075 0.41558846 0)
(0.09 0.41558846 0)
(0.105 0.41558846 0)
(0.12 0.41558846 0)
(0.135 0.41558846 0)
(0.15 0.41558846 0)
(0.165 0.41558846 0)
(0.18 0.41558846 0)
(0.195 0.41558846 0)
(0.21 0.41558846 0)
(0.225 0.41558846 0)
(0.24 0.41558846 0)
(0.255 0.41558846 0)
(0.27 0.41558846 0)
(0.285 0.41558846 0)
(0.3 0.41558846 0)
(0 0.4261399025 0)
(0.015 0.4261399025 0)
(0.03 0.4261399025 0)
(0.045 0.4261399025 0)
(0.06 0.4261399025 0)
(0.075 0.4261399025 0)
(0.09 0.4261399025 0)
(0.105 0.4261399025 0)
(0.12 0.4261399025 0)
(0.135 0.4261399025 0)
(0.15 0.4261399025 0)
(0.165 0.4261399025 0)
(0.18 0.4261399025 0)
(0.195 0.4261399025 0)
(0.21 0.4261399025 0)
(0.225 0.4261399025 0)
(0.24 0.4261399025 0)
(0.255 0.4261399025 0)
(0.27 0.4261399025 0)
(0.285 0.4261399025 0)
(0.3 0.4261399025 0)
(0 0.436691345 0)
(0.015 0.436691345 0)
(0.03 0.436691345 0)
(0.045 0.436691345 0)
(0.06 0.436691345 0)
(0.075 0.436691345 0)
(0.09 0.436691345 0)
(0.105 0.436691345 0)
(0.12 0.436691345 0)
(0.135 0.436691345 0)
(0.15 0.436691345 0)
(0.165 0.436691345 0)
(0.18 0.436691345 0)
(0.195 0.436691345 0)
(0.21 0.436691345 0)
(0.225 0.436691345 0)
(0.24 0.436691345 0)
(0.255 0.436691345 0)
(0.27 0.436691345 0)
(0.285 0.436691345 0)
(0.3 0.436691345 0)
(0 0.4472427875 0)
(0.015 0.4472427875 0)
(0.03 0.4472427875 0)
(0.045 0.4472427875 0)
(0.06 0.4472427875 0)
(0.075 0.4472427875 0)
(0.09 0.4472427875 0)
(0.105 0.4472427875 0)
(0.12 0.4472427875 0)
(0.135 0.4472427875 0)
(0.15 0.4472427875 0)
(0.165 0.4472427875 0)
(0.18 0.4472427875 0)
(0.195 0.4472427875 0)
(0.21 0.4472427875 0)
(0.225 0.4472427875 0)
(0.24 0.4472427875 0)
(0.255 0.4472427875 0)
(0.27 0.4472427875 0)
(0.285 0.4472427875 0)
(0.3 0.4472427875 0)
(0 0.45779423 0)
(0.015 0.45779423 0)
(0.03 0.45779423 0)
(0.045 0.45779423 0)
(0.06 0.45779423 0)
(0.075 0.45779423 0)
(0.09 0.45779423 0)
(0.105 0.45779423 0)
(0.12 0.45779423 0)
(0.135 0.45779423 0)
(0.15 0.45779423 0)
(0.165 0.45779423 0)
(0.18 0.45779423 0)
(0.195 0.45779423 0)
(0.21 0.45779423 0)
(0.225 0.45779423 0)
(0.24 0.45779423 0)
(0.255 0.45779423 0)
(0.27 0.45779423 0)
(0.285 0.45779423 0)
(0.3 0.45779423 0)
(0 0.4683456725 0)
(0.015 0.4683456725 0)
(0.03 0.4683456725 0)
(0.045 0.4683456725 0)
(0.06 0.4683456725 0)
(0.075 0.4683456725 0)
(0.09 0.4683456725 0)
(0.105 0.4683456725 0)
(0.12 0.4683456725 0)
(0.135 0.4683456725 0)
(0.15 0.4683456725 0)
(0.165 0.4683456725 0)
(0.18 0.4683456725 0)
(0.195 0.4683456725 0)
(0.21 0.4683456725 0)
(0.225 0.4683456725 0)
(0.24 0.4683456725 0)
(0.255 0.4683456725 0)
(0.27 0.4683456725 0)
(0.285 0.4683456725 0)
(0.3 0.4683456725 0)
(0 0.478897115 0)
(0.015 0.478897115 0)
(0.03 0.478897115 0)
(0.045 0.478897115 0)
(0.06 0.478897115 0)
(0.075 0.478897115 0)
(0.09 0.478897115 0)
(0.105 0.478897115 0)
(0.12 0.478897115 0)
(0.135 0.478897115 0)
(0.15 0.478897115 0)
(0.165 0.478897115 0)
(0.18 0.478897115 0)
(0.195 0.478897115 0)
(0.21 0.478897115 0)
(0.225 0.478897115 0)
(0.24 0.478897115 0)
(0.255 0.478897115 0)
(0.27 0.478897115 0)
(0.285 0.478897115 0)
(0.3 0.478897115 0)
(0 0.4894485575 0)
(0.015 0.4894485575 0)
(0.03 0.4894485575 0)
(0.045 0.4894485575 0)
(0.06 0.4894485575 0)
(0.075 0.4894485575 0)
(0.09 0.4894485575 0)
(0.105 0.4894485575 0)
(0.12 0.4894485575 0)
(0.135 0.4894485575 0)
(0.15 0.4894485575 0)
(0.165 0.4894485575 0)
(0.18 0.4894485575 0)
(0.195 0.4894485575 0)
(0.21 0.4894485575 0)
(0.225 0.4894485575 0)
(0.24 0.4894485575 0)
(0.255 0.4894485575 0)
(0.27 0.4894485575 0)
(0.285 0.4894485575 0)
(0.3 0.4894485575 0)
(0 0.5 0)
(0.015 0.5 0)
(0.03 0.5 0)
(0.045 0.5 0)
(0.06 0.5 0)
(0.075 0.5 0)
(0.09 0.5 0)
(0.105 0.5 0)
(0.12 0.5 0)
(0.135 0.5 0)
(0.15 0.5 0)
(0.165 0.5 0)
(0.18 0.5 0)
(0.195 0.5 0)
(0.21 0.5 0)
(0.225 0.5 0)
(0.24 0.5 0)
(0.255 0.5 0)
(0.27 0.5 0)
(0.285 0.5 0)
(0.3 0.5 0)
(0 0.0779423 0.0062)
(0.015 0.0779423 0.0062)
(0.03 0.0779423 0.0062)
(0.045 0.0779423 0.0062)
(0.06 0.0779423 0.0062)
(0.075 0.0779423 0.0062)
(0.09 0.0779423 0.0062)
(0.105 0.0779423 0.0062)
(0.12 0.0779423 0.0062)
(0.135 0.0779423 0.0062)
(0.15 0.0779423 0.0062)
(0.165 0.0779423 0.0062)
(0.18 0.0779423 0.0062)
(0.195 0.0779423 0.0062)
(0.21 0.0779423 0.0062)
(0.225 0.0779423 0.0062)
(0.24 0.0779423 0.0062)
(0.255 0.0779423 0.0062)
(0.27 0.0779423 0.0062)
(0.285 0.0779423 0.0062)
(0.3 0.0779423 0.0062)
(0 0.0884937425 0.0062)
(0.015 0.0884937425 0.0062)
(0.03 0.0884937425 0.0062)
(0.045 0.0884937425 0.0062)
(0.06 0.0884937425 0.0062)
(0.075 0.0884937425 0.0062)
(0.09 0.0884937425 0.0062)
(0.105 0.0884937425 0.0062)
(0.12 0.0884937425 0.0062)
(0.135 0.0884937425 0.0062)
(0.15 0.0884937425 0.0062)
(0.165 0.0884937425 0.0062)
(0.18 0.0884937425 0.0062)
(0.195 0.0884937425 0.0062)
(0.21 0.0884937425 0.0062)
(0.225 0.0884937425 0.0062)
(0.24 0.0884937425 0.0062)
(0.255 0.0884937425 0.0062)
(0.27 0.0884937425 0.0062)
(0.285 0.0884937425 0.0062)
(0.3 0.0884937425 0.0062)
(0 0.099045185 0.0062)
(0.015 0.099045185 0.0062)
(0.03 0.099045185 0.0062)
(0.045 0.099045185 0.0062)
(0.06 0.099045185 0.0062)
(0.075 0.099045185 0.0062)
(0.09 0.099045185 0.0062)
(0.105 0.099045185 0.0062)
(0.12 0.099045185 0.0062)
(0.135 0.099045185 0.0062)
(0.15 0.099045185 0.0062)
(0.165 0.099045185 0.0062)
(0.18 0.099045185 0.0062)
(0.195 0.099045185 0.0062)
(0.21 0.099045185 0.0062)
(0.225 0.099045185 0.0062)
(0.24 0.099045185 0.0062)
(0.255 0.099045185 0.0062)
(0.27 0.099045185 0.0062)
(0.285 0.099045185 0.0062)
(0.3 0.099045185 0.0062)
(0 0.1095966275 0.0062)
(0.015 0.1095966275 0.0062)
(0.03 0.1095966275 0.0062)
(0.045 0.1095966275 0.0062)
(0.06 0.1095966275 0.0062)
(0.075 0.1095966275 0.0062)
(0.09 0.1095966275 0.0062)
(0.105 0.1095966275 0.0062)
(0.12 0.1095966275 0.0062)
(0.135 0.1095966275 0.0062)
(0.15 0.1095966275 0.0062)
(0.165 0.1095966275 0.0062)
(0.18 0.1095966275 0.0062)
(0.195 0.1095966275 0.0062)
(0.21 0.1095966275 0.0062)
(0.225 0.1095966275 0.0062)
(0.24 0.1095966275 0.0062)
(0.255 0.1095966275 0.0062)
(0.27 0.1095966275 0.0062)
(0.285 0.1095966275 0.0062)
(0.3 0.1095966275 0.0062)
(0 0.12014807 0.0062)
(0.015 0.12014807 0.0062)
(0.03 0.12014807 0.0062)
(0.045 0.12014807 0.0062)
(0.06 0.12014807 0.0062)
(0.075 0.12014807 0.0062)
(0.09 0.12014807 0.0062)
(0.105 0.12014807 0.0062)
(0.12 0.12014807 0.0062)
(0.135 0.12014807 0.0062)
(0.15 0.12014807 0.0062)
(0.165 0.12014807 0.0062)
(0.18 0.12014807 0.0062)
(0.195 0.12014807 0.0062)
(0.21 0.12014807 0.0062)
(0.225 0.12014807 0.0062)
(0.24 0.12014807 0.0062)
(0.255 0.12014807 0.0062)
(0.27 0.12014807 0.0062)
(0.285 0.12014807 0.0062)
(0.3 0.12014807 0.0062)
(0 0.1306995125 0.0062)
(0.015 0.1306995125 0.0062)
(0.03 0.1306995125 0.0062)
(0.045 0.1306995125 0.0062)
(0.06 0.1306995125 0.0062)
(0.075 0.1306995125 0.0062)
(0.09 0.1306995125 0.0062)
(0.105 0.1306995125 0.0062)
(0.12 0.1306995125 0.0062)
(0.135 0.1306995125 0.0062)
(0.15 0.1306995125 0.0062)
(0.165 0.1306995125 0.0062)
(0.18 0.1306995125 0.0062)
(0.195 0.1306995125 0.0062)
(0.21 0.1306995125 0.0062)
(0.225 0.1306995125 0.0062)
(0.24 0.1306995125 0.0062)
(0.255 0.1306995125 0.0062)
(0.27 0.1306995125 0.0062)
(0.285 0.1306995125 0.0062)
(0.3 0.1306995125 0.0062)
(0 0.141250955 0.0062)
(0.015 0.141250955 0.0062)
(0.03 0.141250955 0.0062)
(0.045 0.141250955 0.0062)
(0.06 0.141250955 0.0062)
(0.075 0.141250955 0.0062)
(0.09 0.141250955 0.0062)
(0.105 0.141250955 0.0062)
(0.12 0.141250955 0.0062)
(0.135 0.141250955 0.0062)
(0.15 0.141250955 0.0062)
(0.165 0.141250955 0.0062)
(0.18 0.141250955 0.0062)
(0.195 0.141250955 0.0062)
(0.21 0.141250955 0.0062)
(0.225 0.141250955 0.0062)
(0.24 0.141250955 0.0062)
(0.255 0.141250955 0.0062)
(0.27 0.141250955 0.0062)
(0.285 0.141250955 0.0062)
(0.3 0.141250955 0.0062)
(0 0.1518023975 0.0062)
(0.015 0.1518023975 0.0062)
(0.03 0.1518023975 0.0062)
(0.045 0.1518023975 0.0062)
(0.06 0.1518023975 0.0062)
(0.075 0.1518023975 0.0062)
(0.09 0.1518023975 0.0062)
(0.105 0.1518023975 0.0062)
(0.12 0.1518023975 0.0062)
(0.135 0.1518023975 0.0062)
(0.15 0.1518023975 0.0062)
(0.165 0.1518023975 0.0062)
(0.18 0.1518023975 0.0062)
(0.195 0.1518023975 0.0062)
(0.21 0.1518023975 0.0062)
(0.225 0.1518023975 0.0062)
(0.24 0.1518023975 0.0062)
(0.255 0.1518023975 0.0062)
(0.27 0.1518023975 0.0062)
(0.285 0.1518023975 0.0062)
(0.3 0.1518023975 0.0062)
(0 0.16235384 0.0062)
(0.015 0.16235384 0.0062)
(0.03 0.16235384 0.0062)
(0.045 0.16235384 0.0062)
(0.06 0.16235384 0.0062)
(0.075 0.16235384 0.0062)
(0.09 0.16235384 0.0062)
(0.105 0.16235384 0.0062)
(0.12 0.16235384 0.0062)
(0.135 0.16235384 0.0062)
(0.15 0.16235384 0.0062)
(0.165 0.16235384 0.0062)
(0.18 0.16235384 0.0062)
(0.195 0.16235384 0.0062)
(0.21 0.16235384 0.0062)
(0.225 0.16235384 0.0062)
(0.24 0.16235384 0.0062)
(0.255 0.16235384 0.0062)
(0.27 0.16235384 0.0062)
(0.285 0.16235384 0.0062)
(0.3 0.16235384 0.0062)
(0 0.1729052825 0.0062)
(0.015 0.1729052825 0.0062)
(0.03 0.1729052825 0.0062)
(0.045 0.1729052825 0.0062)
(0.06 0.1729052825 0.0062)
(0.075 0.1729052825 0.0062)
(0.09 0.1729052825 0.0062)
(0.105 0.1729052825 0.0062)
(0.12 0.1729052825 0.0062)
(0.135 0.1729052825 0.0062)
(0.15 0.1729052825 0.0062)
(0.165 0.1729052825 0.0062)
(0.18 0.1729052825 0.0062)
(0.195 0.1729052825 0.0062)
(0.21 0.1729052825 0.0062)
(0.225 0.1729052825 0.0062)
(0.24 0.1729052825 0.0062)
(0.255 0.1729052825 0.0062)
(0.27 0.1729052825 0.0062)
(0.285 0.1729052825 0.0062)
(0.3 0.1729052825 0.0062)
(0 0.183456725 0.0062)
(0.015 0.183456725 0.0062)
(0.03 0.183456725 0.0062)
(0.045 0.183456725 0.0062)
(0.06 0.183456725 0.0062)
(0.075 0.183456725 0.0062)
(0.09 0.183456725 0.0062)
(0.105 0.183456725 0.0062)
(0.12 0.183456725 0.0062)
(0.135 0.183456725 0.0062)
(0.15 0.183456725 0.0062)
(0.165 0.183456725 0.0062)
(0.18 0.183456725 0.0062)
(0.195 0.183456725 0.0062)
(0.21 0.183456725 0.0062)
(0.225 0.183456725 0.0062)
(0.24 0.183456725 0.0062)
(0.255 0.183456725 0.0062)
(0.27 0.183456725 0.0062)
(0.285 0.183456725 0.0062)
(0.3 0.183456725 0.0062)
(0 0.1940081675 0.0062)
(0.015 0.1940081675 0.0062)
(0.03 0.1940081675 0.0062)
(0.045 0.1940081675 0.0062)
(0.06 0.1940081675 0.0062)
(0.075 0.1940081675 0.0062)
(0.09 0.1940081675 0.0062)
(0.105 0.1940081675 0.0062)
(0.12 0.1940081675 0.0062)
(0.135 0.1940081675 0.0062)
(0.15 0.1940081675 0.0062)
(0.165 0.1940081675 0.0062)
(0.18 0.1940081675 0.0062)
(0.195 0.1940081675 0.0062)
(0.21 0.1940081675 0.0062)
(0.225 0.1940081675 0.0062)
(0.24 0.1940081675 0.0062)
(0.255 0.1940081675 0.0062)
(0.27 0.1940081675 0.0062)
(0.285 0.1940081675 0.0062)
(0.3 0.1940081675 0.0062)
(0 0.20455961 0.0062)
(0.015 0.20455961 0.0062)
(0.03 0.20455961 0.0062)
(0.045 0.20455961 0.0062)
(0.06 0.20455961 0.0062)
(0.075 0.20455961 0.0062)
(0.09 0.20455961 0.0062)
(0.105 0.20455961 0.0062)
(0.12 0.20455961 0.0062)
(0.135 0.20455961 0.0062)
(0.15 0.20455961 0.0062)
(0.165 0.20455961 0.0062)
(0.18 0.20455961 0.0062)
(0.195 0.20455961 0.0062)
(0.21 0.20455961 0.0062)
(0.225 0.20455961 0.0062)
(0.24 0.20455961 0.0062)
(0.255 0.20455961 0.0062)
(0.27 0.20455961 0.0062)
(0.285 0.20455961 0.0062)
(0.3 0.20455961 0.0062)
(0 0.2151110525 0.0062)
(0.015 0.2151110525 0.0062)
(0.03 0.2151110525 0.0062)
(0.045 0.2151110525 0.0062)
(0.06 0.2151110525 0.0062)
(0.075 0.2151110525 0.0062)
(0.09 0.2151110525 0.0062)
(0.105 0.2151110525 0.0062)
(0.12 0.2151110525 0.0062)
(0.135 0.2151110525 0.0062)
(0.15 0.2151110525 0.0062)
(0.165 0.2151110525 0.0062)
(0.18 0.2151110525 0.0062)
(0.195 0.2151110525 0.0062)
(0.21 0.2151110525 0.0062)
(0.225 0.2151110525 0.0062)
(0.24 0.2151110525 0.0062)
(0.255 0.2151110525 0.0062)
(0.27 0.2151110525 0.0062)
(0.285 0.2151110525 0.0062)
(0.3 0.2151110525 0.0062)
(0 0.225662495 0.0062)
(0.015 0.225662495 0.0062)
(0.03 0.225662495 0.0062)
(0.045 0.225662495 0.0062)
(0.06 0.225662495 0.0062)
(0.075 0.225662495 0.0062)
(0.09 0.225662495 0.0062)
(0.105 0.225662495 0.0062)
(0.12 0.225662495 0.0062)
(0.135 0.225662495 0.0062)
(0.15 0.225662495 0.0062)
(0.165 0.225662495 0.0062)
(0.18 0.225662495 0.0062)
(0.195 0.225662495 0.0062)
(0.21 0.225662495 0.0062)
(0.225 0.225662495 0.0062)
(0.24 0.225662495 0.0062)
(0.255 0.225662495 0.0062)
(0.27 0.225662495 0.0062)
(0.285 0.225662495 0.0062)
(0.3 0.225662495 0.0062)
(0 0.2362139375 0.0062)
(0.015 0.2362139375 0.0062)
(0.03 0.2362139375 0.0062)
(0.045 0.2362139375 0.0062)
(0.06 0.2362139375 0.0062)
(0.075 0.2362139375 0.0062)
(0.09 0.2362139375 0.0062)
(0.105 0.2362139375 0.0062)
(0.12 0.2362139375 0.0062)
(0.135 0.2362139375 0.0062)
(0.15 0.2362139375 0.0062)
(0.165 0.2362139375 0.0062)
(0.18 0.2362139375 0.0062)
(0.195 0.2362139375 0.0062)
(0.21 0.2362139375 0.0062)
(0.225 0.2362139375 0.0062)
(0.24 0.2362139375 0.0062)
(0.255 0.2362139375 0.0062)
(0.27 0.2362139375 0.0062)
(0.285 0.2362139375 0.0062)
(0.3 0.2362139375 0.0062)
(0 0.24676538 0.0062)
(0.015 0.24676538 0.0062)
(0.03 0.24676538 0.0062)
(0.045 0.24676538 0.0062)
(0.06 0.24676538 0.0062)
(0.075 0.24676538 0.0062)
(0.09 0.24676538 0.0062)
(0.105 0.24676538 0.0062)
(0.12 0.24676538 0.0062)
(0.135 0.24676538 0.0062)
(0.15 0.24676538 0.0062)
(0.165 0.24676538 0.0062)
(0.18 0.24676538 0.0062)
(0.195 0.24676538 0.0062)
(0.21 0.24676538 0.0062)
(0.225 0.24676538 0.0062)
(0.24 0.24676538 0.0062)
(0.255 0.24676538 0.0062)
(0.27 0.24676538 0.0062)
(0.285 0.24676538 0.0062)
(0.3 0.24676538 0.0062)
(0 0.2573168225 0.0062)
(0.015 0.2573168225 0.0062)
(0.03 0.2573168225 0.0062)
(0.045 0.2573168225 0.0062)
(0.06 0.2573168225 0.0062)
(0.075 0.2573168225 0.0062)
(0.09 0.2573168225 0.0062)
(0.105 0.2573168225 0.0062)
(0.12 0.2573168225 0.0062)
(0.135 0.2573168225 0.0062)
(0.15 0.2573168225 0.0062)
(0.165 0.2573168225 0.0062)
(0.18 0.2573168225 0.0062)
(0.195 0.2573168225 0.0062)
(0.21 0.2573168225 0.0062)
(0.225 0.2573168225 0.0062)
(0.24 0.2573168225 0.0062)
(0.255 0.2573168225 0.0062)
(0.27 0.2573168225 0.0062)
(0.285 0.2573168225 0.0062)
(0.3 0.2573168225 0.0062)
(0 0.267868265 0.0062)
(0.015 0.267868265 0.0062)
(0.03 0.267868265 0.0062)
(0.045 0.267868265 0.0062)
(0.06 0.267868265 0.0062)
(0.075 0.267868265 0.0062)
(0.09 0.267868265 0.0062)
(0.105 0.267868265 0.0062)
(0.12 0.267868265 0.0062)
(0.135 0.267868265 0.0062)
(0.15 0.267868265 0.0062)
(0.165 0.267868265 0.0062)
(0.18 0.267868265 0.0062)
(0.195 0.267868265 0.0062)
(0.21 0.267868265 0.0062)
(0.225 0.267868265 0.0062)
(0.24 0.267868265 0.0062)
(0.255 0.267868265 0.0062)
(0.27 0.267868265 0.0062)
(0.285 0.267868265 0.0062)
(0.3 0.267868265 0.0062)
(0 0.2784197075 0.0062)
(0.015 0.2784197075 0.0062)
(0.03 0.2784197075 0.0062)
(0.045 0.2784197075 0.0062)
(0.06 0.2784197075 0.0062)
(0.075 0.2784197075 0.0062)
(0.09 0.2784197075 0.0062)
(0.105 0.2784197075 0.0062)
(0.12 0.2784197075 0.0062)
(0.135 0.2784197075 0.0062)
(0.15 0.2784197075 0.0062)
(0.165 0.2784197075 0.0062)
(0.18 0.2784197075 0.0062)
(0.195 0.2784197075 0.0062)
(0.21 0.2784197075 0.0062)
(0.225 0.2784197075 0.0062)
(0.24 0.2784197075 0.0062)
(0.255 0.2784197075 0.0062)
(0.27 0.2784197075 0.0062)
(0.285 0.2784197075 0.0062)
(0.3 0.2784197075 0.0062)
(0 0.28897115 0.0062)
(0.015 0.28897115 0.0062)
(0.03 0.28897115 0.0062)
(0.045 0.28897115 0.0062)
(0.06 0.28897115 0.0062)
(0.075 0.28897115 0.0062)
(0.09 0.28897115 0.0062)
(0.105 0.28897115 0.0062)
(0.12 0.28897115 0.0062)
(0.135 0.28897115 0.0062)
(0.15 0.28897115 0.0062)
(0.165 0.28897115 0.0062)
(0.18 0.28897115 0.0062)
(0.195 0.28897115 0.0062)
(0.21 0.28897115 0.0062)
(0.225 0.28897115 0.0062)
(0.24 0.28897115 0.0062)
(0.255 0.28897115 0.0062)
(0.27 0.28897115 0.0062)
(0.285 0.28897115 0.0062)
(0.3 0.28897115 0.0062)
(0 0.2995225925 0.0062)
(0.015 0.2995225925 0.0062)
(0.03 0.2995225925 0.0062)
(0.045 0.2995225925 0.0062)
(0.06 0.2995225925 0.0062)
(0.075 0.2995225925 0.0062)
(0.09 0.2995225925 0.0062)
(0.105 0.2995225925 0.0062)
(0.12 0.2995225925 0.0062)
(0.135 0.2995225925 0.0062)
(0.15 0.2995225925 0.0062)
(0.165 0.2995225925 0.0062)
(0.18 0.2995225925 0.0062)
(0.195 0.2995225925 0.0062)
(0.21 0.2995225925 0.0062)
(0.225 0.2995225925 0.0062)
(0.24 0.2995225925 0.0062)
(0.255 0.2995225925 0.0062)
(0.27 0.2995225925 0.0062)
(0.285 0.2995225925 0.0062)
(0.3 0.2995225925 0.0062)
(0 0.310074035 0.0062)
(0.015 0.310074035 0.0062)
(0.03 0.310074035 0.0062)
(0.045 0.310074035 0.0062)
(0.06 0.310074035 0.0062)
(0.075 0.310074035 0.0062)
(0.09 0.310074035 0.0062)
(0.105 0.310074035 0.0062)
(0.12 0.310074035 0.0062)
(0.135 0.310074035 0.0062)
(0.15 0.310074035 0.0062)
(0.165 0.310074035 0.0062)
(0.18 0.310074035 0.0062)
(0.195 0.310074035 0.0062)
(0.21 0.310074035 0.0062)
(0.225 0.310074035 0.0062)
(0.24 0.310074035 0.0062)
(0.255 0.310074035 0.0062)
(0.27 0.310074035 0.0062)
(0.285 0.310074035 0.0062)
(0.3 0.310074035 0.0062)
(0 0.3206254775 0.0062)
(0.015 0.3206254775 0.0062)
(0.03 0.3206254775 0.0062)
(0.045 0.3206254775 0.0062)
(0.06 0.3206254775 0.0062)
(0.075 0.3206254775 0.0062)
(0.09 0.3206254775 0.0062)
(0.105 0.3206254775 0.0062)
(0.12 0.3206254775 0.0062)
(0.135 0.3206254775 0.0062)
(0.15 0.3206254775 0.0062)
(0.165 0.3206254775 0.0062)
(0.18 0.3206254775 0.0062)
(0.195 0.3206254775 0.0062)
(0.21 0.3206254775 0.0062)
(0.225 0.3206254775 0.0062)
(0.24 0.3206254775 0.0062)
(0.255 0.3206254775 0.0062)
(0.27 0.3206254775 0.0062)
(0.285 0.3206254775 0.0062)
(0.3 0.3206254775 0.0062)
(0 0.33117692 0.0062)
(0.015 0.33117692 0.0062)
(0.03 0.33117692 0.0062)
(0.045 0.33117692 0.0062)
(0.06 0.33117692 0.0062)
(0.075 0.33117692 0.0062)
(0.09 0.33117692 0.0062)
(0.105 0.33117692 0.0062)
(0.12 0.33117692 0.0062)
(0.135 0.33117692 0.0062)
(0.15 0.33117692 0.0062)
(0.165 0.33117692 0.0062)
(0.18 0.33117692 0.0062)
(0.195 0.33117692 0.0062)
(0.21 0.33117692 0.0062)
(0.225 0.33117692 0.0062)
(0.24 0.33117692 0.0062)
(0.255 0.33117692 0.0062)
(0.27 0.33117692 0.0062)
(0.285 0.33117692 0.0062)
(0.3 0.33117692 0.0062)
(0 0.3417283625 0.0062)
(0.015 0.3417283625 0.0062)
(0.03 0.3417283625 0.0062)
(0.045 0.3417283625 0.0062)
(0.06 0.3417283625 0.0062)
(0.075 0.3417283625 0.0062)
(0.09 0.3417283625 0.0062)
(0.105 0.3417283625 0.0062)
(0.12 0.3417283625 0.0062)
(0.135 0.3417283625 0.0062)
(0.15 0.3417283625 0.0062)
(0.165 0.3417283625 0.0062)
(0.18 0.3417283625 0.0062)
(0.195 0.3417283625 0.0062)
(0.21 0.3417283625 0.0062)
(0.225 0.3417283625 0.0062)
(0.24 0.3417283625 0.0062)
(0.255 0.3417283625 0.0062)
(0.27 0.3417283625 0.0062)
(0.285 0.3417283625 0.0062)
(0.3 0.3417283625 0.0062)
(0 0.352279805 0.0062)
(0.015 0.352279805 0.0062)
(0.03 0.352279805 0.0062)
(0.045 0.352279805 0.0062)
(0.06 0.352279805 0.0062)
(0.075 0.352279805 0.0062)
(0.09 0.352279805 0.0062)
(0.105 0.352279805 0.0062)
(0.12 0.352279805 0.0062)
(0.135 0.352279805 0.0062)
(0.15 0.352279805 0.0062)
(0.165 0.352279805 0.0062)
(0.18 0.352279805 0.0062)
(0.195 0.352279805 0.0062)
(0.21 0.352279805 0.0062)
(0.225 0.352279805 0.0062)
(0.24 0.352279805 0.0062)
(0.255 0.352279805 0.0062)
(0.27 0.352279805 0.0062)
(0.285 0.352279805 0.0062)
(0.3 0.352279805 0.0062)
(0 0.3628312475 0.0062)
(0.015 0.3628312475 0.0062)
(0.03 0.3628312475 0.0062)
(0.045 0.3628312475 0.0062)
(0.06 0.3628312475 0.0062)
(0.075 0.3628312475 0.0062)
(0.09 0.3628312475 0.0062)
(0.105 0.3628312475 0.0062)
(0.12 0.3628312475 0.0062)
(0.135 0.3628312475 0.0062)
(0.15 0.3628312475 0.0062)
(0.165 0.3628312475 0.0062)
(0.18 0.3628312475 0.0062)
(0.195 0.3628312475 0.0062)
(0.21 0.3628312475 0.0062)
(0.225 0.3628312475 0.0062)
(0.24 0.3628312475 0.0062)
(0.255 0.3628312475 0.0062)
(0.27 0.3628312475 0.0062)
(0.285 0.3628312475 0.0062)
(0.3 0.3628312475 0.0062)
(0 0.37338269 0.0062)
(0.015 0.37338269 0.0062)
(0.03 0.37338269 0.0062)
(0.045 0.37338269 0.0062)
(0.06 0.37338269 0.0062)
(0.075 0.37338269 0.0062)
(0.09 0.37338269 0.0062)
(0.105 0.37338269 0.0062)
(0.12 0.37338269 0.0062)
(0.135 0.37338269 0.0062)
(0.15 0.37338269 0.0062)
(0.165 0.37338269 0.0062)
(0.18 0.37338269 0.0062)
(0.195 0.37338269 0.0062)
(0.21 0.37338269 0.0062)
(0.225 0.37338269 0.0062)
(0.24 0.37338269 0.0062)
(0.255 0.37338269 0.0062)
(0.27 0.37338269 0.0062)
(0.285 0.37338269 0.0062)
(0.3 0.37338269 0.0062)
(0 0.3839341325 0.0062)
(0.015 0.3839341325 0.0062)
(0.03 0.3839341325 0.0062)
(0.045 0.3839341325 0.0062)
(0.06 0.3839341325 0.0062)
(0.075 0.3839341325 0.0062)
(0.09 0.3839341325 0.0062)
(0.105 0.3839341325 0.0062)
(0.12 0.3839341325 0.0062)
(0.135 0.3839341325 0.0062)
(0.15 0.3839341325 0.0062)
(0.165 0.3839341325 0.0062)
(0.18 0.3839341325 0.0062)
(0.195 0.3839341325 0.0062)
(0.21 0.3839341325 0.0062)
(0.225 0.3839341325 0.0062)
(0.24 0.3839341325 0.0062)
(0.255 0.3839341325 0.0062)
(0.27 0.3839341325 0.0062)
(0.285 0.3839341325 0.0062)
(0.3 0.3839341325 0.0062)
(0 0.394485575 0.0062)
(0.015 0.394485575 0.0062)
(0.03 0.394485575 0.0062)
(0.045 0.394485575 0.0062)
(0.06 0.394485575 0.0062)
(0.075 0.394485575 0.0062)
(0.09 0.394485575 0.0062)
(0.105 0.394485575 0.0062)
(0.12 0.394485575 0.0062)
(0.135 0.394485575 0.0062)
(0.15 0.394485575 0.0062)
(0.165 0.394485575 0.0062)
(0.18 0.394485575 0.0062)
(0.195 0.394485575 0.0062)
(0.21 0.394485575 0.0062)
(0.225 0.394485575 0.0062)
(0.24 0.394485575 0.0062)
(0.255 0.394485575 0.0062)
(0.27 0.394485575 0.0062)
(0.285 0.394485575 0.0062)
(0.3 0.394485575 0.0062)
(0 0.4050370175 0.0062)
(0.015 0.4050370175 0.0062)
(0.03 0.4050370175 0.0062)
(0.045 0.4050370175 0.0062)
(0.06 0.4050370175 0.0062)
(0.075 0.4050370175 0.0062)
(0.09 0.4050370175 0.0062)
(0.105 0.4050370175 0.0062)
(0.12 0.4050370175 0.0062)
(0.135 0.4050370175 0.0062)
(0.15 0.4050370175 0.0062)
(0.165 0.4050370175 0.0062)
(0.18 0.4050370175 0.0062)
(0.195 0.4050370175 0.0062)
(0.21 0.4050370175 0.0062)
(0.225 0.4050370175 0.0062)
(0.24 0.4050370175 0.0062)
(0.255 0.4050370175 0.0062)
(0.27 0.4050370175 0.0062)
(0.285 0.4050370175 0.0062)
(0.3 0.4050370175 0.0062)
(0 0.41558846 0.0062)
(0.015 0.41558846 0.0062)
(0.03 0.41558846 0.0062)
(0.045 0.41558846 0.0062)
(0.06 0.41558846 0.0062)
(0.075 0.41558846 0.0062)
(0.09 0.41558846 0.0062)
(0.105 0.41558846 0.0062)
(0.12 0.41558846 0.0062)
(0.135 0.41558846 0.0062)
(0.15 0.41558846 0.0062)
(0.165 0.41558846 0.0062)
(0.18 0.41558846 0.0062)
(0.195 0.41558846 0.0062)
(0.21 0.41558846 0.0062)
(0.225 0.41558846 0.0062)
(0.24 0.41558846 0.0062)
(0.255 0.41558846 0.0062)
(0.27 0.41558846 0.0062)
(0.285 0.41558846 0.0062)
(0.3 0.41558846 0.0062)
(0 0.4261399025 0.0062)
(0.015 0.4261399025 0.0062)
(0.03 0.4261399025 0.0062)
(0.045 0.4261399025 0.0062)
(0.06 0.4261399025 0.0062)
(0.075 0.4261399025 0.0062)
(0.09 0.4261399025 0.0062)
(0.105 0.4261399025 0.0062)
(0.12 0.4261399025 0.0062)
(0.135 0.4261399025 0.0062)
(0.15 0.4261399025 0.0062)
(0.165 0.4261399025 0.0062)
(0.18 0.4261399025 0.0062)
(0.195 0.4261399025 0.0062)
(0.21 0.4261399025 0.0062)
(0.225 0.4261399025 0.0062)
(0.24 0.4261399025 0.0062)
(0.255 0.4261399025 0.0062)
(0.27 0.4261399025 0.0062)
(0.285 0.4261399025 0.0062)
(0.3 0.4261399025 0.0062)
(0 0.436691345 0.0062)
(0.015 0.436691345 0.0062)
(0.03 0.436691345 0.0062)
(0.045 0.436691345 0.0062)
(0.06 0.436691345 0.0062)
(0.075 0.436691345 0.0062)
(0.09 0.436691345 0.0062)
(0.105 0.436691345 0.0062)
(0.12 0.436691345 0.0062)
(0.135 0.436691345 0.0062)
(0.15 0.436691345 0.0062)
(0.165 0.436691345 0.0062)
(0.18 0.436691345 0.0062)
(0.195 0.436691345 0.0062)
(0.21 0.436691345 0.0062)
(0.225 0.436691345 0.0062)
(0.24 0.436691345 0.0062)
(0.255 0.436691345 0.0062)
(0.27 0.436691345 0.0062)
(0.285 0.436691345 0.0062)
(0.3 0.436691345 0.0062)
(0 0.4472427875 0.0062)
(0.015 0.4472427875 0.0062)
(0.03 0.4472427875 0.0062)
(0.045 0.4472427875 0.0062)
(0.06 0.4472427875 0.0062)
(0.075 0.4472427875 0.0062)
(0.09 0.4472427875 0.0062)
(0.105 0.4472427875 0.0062)
(0.12 0.4472427875 0.0062)
(0.135 0.4472427875 0.0062)
(0.15 0.4472427875 0.0062)
(0.165 0.4472427875 0.0062)
(0.18 0.4472427875 0.0062)
(0.195 0.4472427875 0.0062)
(0.21 0.4472427875 0.0062)
(0.225 0.4472427875 0.0062)
(0.24 0.4472427875 0.0062)
(0.255 0.4472427875 0.0062)
(0.27 0.4472427875 0.0062)
(0.285 0.4472427875 0.0062)
(0.3 0.4472427875 0.0062)
(0 0.45779423 0.0062)
(0.015 0.45779423 0.0062)
(0.03 0.45779423 0.0062)
(0.045 0.45779423 0.0062)
(0.06 0.45779423 0.0062)
(0.075 0.45779423 0.0062)
(0.09 0.45779423 0.0062)
(0.105 0.45779423 0.0062)
(0.12 0.45779423 0.0062)
(0.135 0.45779423 0.0062)
(0.15 0.45779423 0.0062)
(0.165 0.45779423 0.0062)
(0.18 0.45779423 0.0062)
(0.195 0.45779423 0.0062)
(0.21 0.45779423 0.0062)
(0.225 0.45779423 0.0062)
(0.24 0.45779423 0.0062)
(0.255 0.45779423 0.0062)
(0.27 0.45779423 0.0062)
(0.285 0.45779423 0.0062)
(0.3 0.45779423 0.0062)
(0 0.4683456725 0.0062)
(0.015 0.4683456725 0.0062)
(0.03 0.4683456725 0.0062)
(0.045 0.4683456725 0.0062)
(0.06 0.4683456725 0.0062)
(0.075 0.4683456725 0.0062)
(0.09 0.4683456725 0.0062)
(0.105 0.4683456725 0.0062)
(0.12 0.4683456725 0.0062)
(0.135 0.4683456725 0.0062)
(0.15 0.4683456725 0.0062)
(0.165 0.4683456725 0.0062)
(0.18 0.4683456725 0.0062)
(0.195 0.4683456725 0.0062)
(0.21 0.4683456725 0.0062)
(0.225 0.4683456725 0.0062)
(0.24 0.4683456725 0.0062)
(0.255 0.4683456725 0.0062)
(0.27 0.4683456725 0.0062)
(0.285 0.4683456725 0.0062)
(0.3 0.4683456725 0.0062)
(0 0.478897115 0.0062)
(0.015 0.478897115 0.0062)
(0.03 0.478897115 0.0062)
(0.045 0.478897115 0.0062)
(0.06 0.478897115 0.0062)
(0.075 0.478897115 0.0062)
(0.09 0.478897115 0.0062)
(0.105 0.478897115 0.0062)
(0.12 0.478897115 0.0062)
(0.135 0.478897115 0.0062)
(0.15 0.478897115 0.0062)
(0.165 0.478897115 0.0062)
(0.18 0.478897115 0.0062)
(0.195 0.478897115 0.0062)
(0.21 0.478897115 0.0062)
(0.225 0.478897115 0.0062)
(0.24 0.478897115 0.0062)
(0.255 0.478897115 0.0062)
(0.27 0.478897115 0.0062)
(0.285 0.478897115 0.0062)
(0.3 0.478897115 0.0062)
(0 0.4894485575 0.0062)
(0.015 0.4894485575 0.0062)
(0.03 0.4894485575 0.0062)
(0.045 0.4894485575 0.0062)
(0.06 0.4894485575 0.0062)
(0.075 0.4894485575 0.0062)
(0.09 0.4894485575 0.0062)
(0.105 0.4894485575 0.0062)
(0.12 0.4894485575 0.0062)
(0.135 0.4894485575 0.0062)
(0.15 0.4894485575 0.0062)
(0.165 0.4894485575 0.0062)
(0.18 0.4894485575 0.0062)
(0.195 0.4894485575 0.0062)
(0.21 0.4894485575 0.0062)
(0.225 0.4894485575 0.0062)
(0.24 0.4894485575 0.0062)
(0.255 0.4894485575 0.0062)
(0.27 0.4894485575 0.0062)
(0.285 0.4894485575 0.0062)
(0.3 0.4894485575 0.0062)
(0 0.5 0.0062)
(0.015 0.5 0.0062)
(0.03 0.5 0.0062)
(0.045 0.5 0.0062)
(0.06 0.5 0.0062)
(0.075 0.5 0.0062)
(0.09 0.5 0.0062)
(0.105 0.5 0.0062)
(0.12 0.5 0.0062)
(0.135 0.5 0.0062)
(0.15 0.5 0.0062)
(0.165 0.5 0.0062)
(0.18 0.5 0.0062)
(0.195 0.5 0.0062)
(0.21 0.5 0.0062)
(0.225 0.5 0.0062)
(0.24 0.5 0.0062)
(0.255 0.5 0.0062)
(0.27 0.5 0.0062)
(0.285 0.5 0.0062)
(0.3 0.5 0.0062)
(0.135 0 0)
(0.1365 0 0)
(0.138 0 0)
(0.1395 0 0)
(0.141 0 0)
(0.1425 0 0)
(0.144 0 0)
(0.1455 0 0)
(0.147 0 0)
(0.1485 0 0)
(0.15 0 0)
(0.1515 0 0)
(0.153 0 0)
(0.1545 0 0)
(0.156 0 0)
(0.1575 0 0)
(0.159 0 0)
(0.1605 0 0)
(0.162 0 0)
(0.1635 0 0)
(0.165 0 0)
(0.118125 0.0097427875 0)
(0.1213125 0.0097427875 0)
(0.1245 0.0097427875 0)
(0.1276875 0.0097427875 0)
(0.130875 0.0097427875 0)
(0.1340625 0.0097427875 0)
(0.13725 0.0097427875 0)
(0.1404375 0.0097427875 0)
(0.143625 0.0097427875 0)
(0.1468125 0.0097427875 0)
(0.15 0.0097427875 0)
(0.1531875 0.0097427875 0)
(0.156375 0.0097427875 0)
(0.1595625 0.0097427875 0)
(0.16275 0.0097427875 0)
(0.1659375 0.0097427875 0)
(0.169125 0.0097427875 0)
(0.1723125 0.0097427875 0)
(0.1755 0.0097427875 0)
(0.1786875 0.0097427875 0)
(0.181875 0.0097427875 0)
(0.10125 0.019485575 0)
(0.106125 0.019485575 0)
(0.111 0.019485575 0)
(0.115875 0.019485575 0)
(0.12075 0.019485575 0)
(0.125625 0.019485575 0)
(0.1305 0.019485575 0)
(0.135375 0.019485575 0)
(0.14025 0.019485575 0)
(0.145125 0.019485575 0)
(0.15 0.019485575 0)
(0.154875 0.019485575 0)
(0.15975 0.019485575 0)
(0.164625 0.019485575 0)
(0.1695 0.019485575 0)
(0.174375 0.019485575 0)
(0.17925 0.019485575 0)
(0.184125 0.019485575 0)
(0.189 0.019485575 0)
(0.193875 0.019485575 0)
(0.19875 0.019485575 0)
(0.084375 0.0292283625 0)
(0.0909375 0.0292283625 0)
(0.0975 0.0292283625 0)
(0.1040625 0.0292283625 0)
(0.110625 0.0292283625 0)
(0.1171875 0.0292283625 0)
(0.12375 0.0292283625 0)
(0.1303125 0.0292283625 0)
(0.136875 0.0292283625 0)
(0.1434375 0.0292283625 0)
(0.15 0.0292283625 0)
(0.1565625 0.0292283625 0)
(0.163125 0.0292283625 0)
(0.1696875 0.0292283625 0)
(0.17625 0.0292283625 0)
(0.1828125 0.0292283625 0)
(0.189375 0.0292283625 0)
(0.1959375 0.0292283625 0)
(0.2025 0.0292283625 0)
(0.2090625 0.0292283625 0)
(0.215625 0.0292283625 0)
(0.0675 0.03897115 0)
(0.07575 0.03897115 0)
(0.084 0.03897115 0)
(0.09225 0.03897115 0)
(0.1005 0.03897115 0)
(0.10875 0.03897115 0)
(0.117 0.03897115 0)
(0.12525 0.03897115 0)
(0.1335 0.03897115 0)
(0.14175 0.03897115 0)
(0.15 0.03897115 0)
(0.15825 0.03897115 0)
(0.1665 0.03897115 0)
(0.17475 0.03897115 0)
(0.183 0.03897115 0)
(0.19125 0.03897115 0)
(0.1995 0.03897115 0)
(0.20775 0.03897115 0)
(0.216 0.03897115 0)
(0.22425 0.03897115 0)
(0.2325 0.03897115 0)
(0.050625 0.0487139375 0)
(0.0605625 0.0487139375 0)
(0.0705 0.0487139375 0)
(0.0804375 0.0487139375 0)
(0.090375 0.0487139375 0)
(0.1003125 0.0487139375 0)
(0.11025 0.0487139375 0)
(0.1201875 0.0487139375 0)
(0.130125 0.0487139375 0)
(0.1400625 0.0487139375 0)
(0.15 0.0487139375 0)
(0.1599375 0.0487139375 0)
(0.169875 0.0487139375 0)
(0.1798125 0.0487139375 0)
(0.18975 0.0487139375 0)
(0.1996875 0.0487139375 0)
(0.209625 0.0487139375 0)
(0.2195625 0.0487139375 0)
(0.2295 0.0487139375 0)
(0.2394375 0.0487139375 0)
(0.249375 0.0487139375 0)
(0.03375 0.058456725 0)
(0.045375 0.058456725 0)
(0.057 0.058456725 0)
(0.068625 0.058456725 0)
(0.08025 0.058456725 0)
(0.091875 0.058456725 0)
(0.1035 0.058456725 0)
(0.115125 0.058456725 0)
(0.12675 0.058456725 0)
(0.138375 0.058456725 0)
(0.15 0.058456725 0)
(0.161625 0.058456725 0)
(0.17325 0.058456725 0)
(0.184875 0.058456725 0)
(0.1965 0.058456725 0)
(0.208125 0.058456725 0)
(0.21975 0.058456725 0)
(0.231375 0.058456725 0)
(0.243 0.058456725 0)
(0.254625 0.058456725 0)
(0.26625 0.058456725 0)
(0.016875 0.0681995125 0)
(0.0301875 0.0681995125 0)
(0.0435 0.0681995125 0)
(0.0568125 0.0681995125 0)
(0.070125 0.0681995125 0)
(0.0834375 0.0681995125 0)
(0.09675 0.0681995125 0)
(0.1100625 0.0681995125 0)
(0.123375 0.0681995125 0)
(0.1366875 0.0681995125 0)
(0.15 0.0681995125 0)
(0.1633125 0.0681995125 0)
(0.176625 0.0681995125 0)
(0.1899375 0.0681995125 0)
(0.20325 0.0681995125 0)
(0.2165625 0.0681995125 0)
(0.229875 0.0681995125 0)
(0.2431875 0.0681995125 0)
(0.2565 0.0681995125 0)
(0.2698125 0.0681995125 0)
(0.283125 0.0681995125 0)
(0.135 0 0.0062)
(0.1365 0 0.0062)
(0.138 0 0.0062)
(0.1395 0 0.0062)
(0.141 0 0.0062)
(0.1425 0 0.0062)
(0.144 0 0.0062)
(0.1455 0 0.0062)
(0.147 0 0.0062)
(0.1485 0 0.0062)
(0.15 0 0.0062)
(0.1515 0 0.0062)
(0.153 0 0.0062)
(0.1545 0 0.0062)
(0.156 0 0.0062)
(0.1575 0 0.0062)
(0.159 0 0.0062)
(0.1605 0 0.0062)
(0.162 0 0.0062)
(0.1635 0 0.0062)
(0.165 0 0.0062)
(0.118125 0.0097427875 0.0062)
(0.1213125 0.0097427875 0.0062)
(0.1245 0.0097427875 0.0062)
(0.1276875 0.0097427875 0.0062)
(0.130875 0.0097427875 0.0062)
(0.1340625 0.0097427875 0.0062)
(0.13725 0.0097427875 0.0062)
(0.1404375 0.0097427875 0.0062)
(0.143625 0.0097427875 0.0062)
(0.1468125 0.0097427875 0.0062)
(0.15 0.0097427875 0.0062)
(0.1531875 0.0097427875 0.0062)
(0.156375 0.0097427875 0.0062)
(0.1595625 0.0097427875 0.0062)
(0.16275 0.0097427875 0.0062)
(0.1659375 0.0097427875 0.0062)
(0.169125 0.0097427875 0.0062)
(0.1723125 0.0097427875 0.0062)
(0.1755 0.0097427875 0.0062)
(0.1786875 0.0097427875 0.0062)
(0.181875 0.0097427875 0.0062)
(0.10125 0.019485575 0.0062)
(0.106125 0.019485575 0.0062)
(0.111 0.019485575 0.0062)
(0.115875 0.019485575 0.0062)
(0.12075 0.019485575 0.0062)
(0.125625 0.019485575 0.0062)
(0.1305 0.019485575 0.0062)
(0.135375 0.019485575 0.0062)
(0.14025 0.019485575 0.0062)
(0.145125 0.019485575 0.0062)
(0.15 0.019485575 0.0062)
(0.154875 0.019485575 0.0062)
(0.15975 0.019485575 0.0062)
(0.164625 0.019485575 0.0062)
(0.1695 0.019485575 0.0062)
(0.174375 0.019485575 0.0062)
(0.17925 0.019485575 0.0062)
(0.184125 0.019485575 0.0062)
(0.189 0.019485575 0.0062)
(0.193875 0.019485575 0.0062)
(0.19875 0.019485575 0.0062)
(0.084375 0.0292283625 0.0062)
(0.0909375 0.0292283625 0.0062)
(0.0975 0.0292283625 0.0062)
(0.1040625 0.0292283625 0.0062)
(0.110625 0.0292283625 0.0062)
(0.1171875 0.0292283625 0.0062)
(0.12375 0.0292283625 0.0062)
(0.1303125 0.0292283625 0.0062)
(0.136875 0.0292283625 0.0062)
(0.1434375 0.0292283625 0.0062)
(0.15 0.0292283625 0.0062)
(0.1565625 0.0292283625 0.0062)
(0.163125 0.0292283625 0.0062)
(0.1696875 0.0292283625 0.0062)
(0.17625 0.0292283625 0.0062)
(0.1828125 0.0292283625 0.0062)
(0.189375 0.0292283625 0.0062)
(0.1959375 0.0292283625 0.0062)
(0.2025 0.0292283625 0.0062)
(0.2090625 0.0292283625 0.0062)
(0.215625 0.0292283625 0.0062)
(0.0675 0.03897115 0.0062)
(0.07575 0.03897115 0.0062)
(0.084 0.03897115 0.0062)
(0.09225 0.03897115 0.0062)
(0.1005 0.03897115 0.0062)
(0.10875 0.03897115 0.0062)
(0.117 0.03897115 0.0062)
(0.12525 0.03897115 0.0062)
(0.1335 0.03897115 0.0062)
(0.14175 0.03897115 0.0062)
(0.15 0.03897115 0.0062)
(0.15825 0.03897115 0.0062)
(0.1665 0.03897115 0.0062)
(0.17475 0.03897115 0.0062)
(0.183 0.03897115 0.0062)
(0.19125 0.03897115 0.0062)
(0.1995 0.03897115 0.0062)
(0.20775 0.03897115 0.0062)
(0.216 0.03897115 0.0062)
(0.22425 0.03897115 0.0062)
(0.2325 0.03897115 0.0062)
(0.050625 0.0487139375 0.0062)
(0.0605625 0.0487139375 0.0062)
(0.0705 0.0487139375 0.0062)
(0.0804375 0.0487139375 0.0062)
(0.090375 0.0487139375 0.0062)
(0.1003125 0.0487139375 0.0062)
(0.11025 0.0487139375 0.0062)
(0.1201875 0.0487139375 0.0062)
(0.130125 0.0487139375 0.0062)
(0.1400625 0.0487139375 0.0062)
(0.15 0.0487139375 0.0062)
(0.1599375 0.0487139375 0.0062)
(0.169875 0.0487139375 0.0062)
(0.1798125 0.0487139375 0.0062)
(0.18975 0.0487139375 0.0062)
(0.1996875 0.0487139375 0.0062)
(0.209625 0.0487139375 0.0062)
(0.2195625 0.0487139375 0.0062)
(0.2295 0.0487139375 0.0062)
(0.2394375 0.0487139375 0.0062)
(0.249375 0.0487139375 0.0062)
(0.03375 0.058456725 0.0062)
(0.045375 0.058456725 0.0062)
(0.057 0.058456725 0.0062)
(0.068625 0.058456725 0.0062)
(0.08025 0.058456725 0.0062)
(0.091875 0.058456725 0.0062)
(0.1035 0.058456725 0.0062)
(0.115125 0.058456725 0.0062)
(0.12675 0.058456725 0.0062)
(0.138375 0.058456725 0.0062)
(0.15 0.058456725 0.0062)
(0.161625 0.058456725 0.0062)
(0.17325 0.058456725 0.0062)
(0.184875 0.058456725 0.0062)
(0.1965 0.058456725 0.0062)
(0.208125 0.058456725 0.0062)
(0.21975 0.058456725 0.0062)
(0.231375 0.058456725 0.0062)
(0.243 0.058456725 0.0062)
(0.254625 0.058456725 0.0062)
(0.26625 0.058456725 0.0062)
(0.016875 0.0681995125 0.0062)
(0.0301875 0.0681995125 0.0062)
(0.0435 0.0681995125 0.0062)
(0.0568125 0.0681995125 0.0062)
(0.070125 0.0681995125 0.0062)
(0.0834375 0.0681995125 0.0062)
(0.09675 0.0681995125 0.0062)
(0.1100625 0.0681995125 0.0062)
(0.123375 0.0681995125 0.0062)
(0.1366875 0.0681995125 0.0062)
(0.15 0.0681995125 0.0062)
(0.1633125 0.0681995125 0.0062)
(0.176625 0.0681995125 0.0062)
(0.1899375 0.0681995125 0.0062)
(0.20325 0.0681995125 0.0062)
(0.2165625 0.0681995125 0.0062)
(0.229875 0.0681995125 0.0062)
(0.2431875 0.0681995125 0.0062)
(0.2565 0.0681995125 0.0062)
(0.2698125 0.0681995125 0.0062)
(0.283125 0.0681995125 0.0062)
)


// ************************************************************************* //
