/*--------------------------------*- C++ -*----------------------------------*\
  =========                 |
  \\      /  F ield         | OpenFOAM: The Open Source CFD Toolbox
   \\    /   O peration     | Website:  https://openfoam.org
    \\  /    A nd           | Version:  8
     \\/     M anipulation  |
\*---------------------------------------------------------------------------*/
FoamFile
{
    version     2.0;
    format      ascii;
    class       faceList;
    location    "constant/polyMesh";
    object      faces;
}
// * * * * * * * * * * * * * * * * * * * * * * * * * * * * * * * * * * * * * //


3128
(
4(1 26 851 826)
4(25 850 851 26)
4(2 27 852 827)
4(26 851 852 27)
4(3 28 853 828)
4(27 852 853 28)
4(4 29 854 829)
4(28 853 854 29)
4(5 30 855 830)
4(29 854 855 30)
4(6 31 856 831)
4(30 855 856 31)
4(7 32 857 832)
4(31 856 857 32)
4(8 33 858 833)
4(32 857 858 33)
4(9 34 859 834)
4(33 858 859 34)
4(10 35 860 835)
4(34 859 860 35)
4(11 36 861 836)
4(35 860 861 36)
4(12 37 862 837)
4(36 861 862 37)
4(13 38 863 838)
4(37 862 863 38)
4(14 39 864 839)
4(38 863 864 39)
4(15 40 865 840)
4(39 864 865 40)
4(16 41 866 841)
4(40 865 866 41)
4(17 42 867 842)
4(41 866 867 42)
4(18 43 868 843)
4(42 867 868 43)
4(19 44 869 844)
4(43 868 869 44)
4(20 45 870 845)
4(44 869 870 45)
4(21 46 871 846)
4(45 870 871 46)
4(22 47 872 847)
4(46 871 872 47)
4(23 48 873 848)
4(47 872 873 48)
4(48 873 874 49)
4(26 51 876 851)
4(50 875 876 51)
4(27 52 877 852)
4(51 876 877 52)
4(28 53 878 853)
4(52 877 878 53)
4(29 54 879 854)
4(53 878 879 54)
4(30 55 880 855)
4(54 879 880 55)
4(31 56 881 856)
4(55 880 881 56)
4(32 57 882 857)
4(56 881 882 57)
4(33 58 883 858)
4(57 882 883 58)
4(34 59 884 859)
4(58 883 884 59)
4(35 60 885 860)
4(59 884 885 60)
4(36 61 886 861)
4(60 885 886 61)
4(37 62 887 862)
4(61 886 887 62)
4(38 63 888 863)
4(62 887 888 63)
4(39 64 889 864)
4(63 888 889 64)
4(40 65 890 865)
4(64 889 890 65)
4(41 66 891 866)
4(65 890 891 66)
4(42 67 892 867)
4(66 891 892 67)
4(43 68 893 868)
4(67 892 893 68)
4(44 69 894 869)
4(68 893 894 69)
4(45 70 895 870)
4(69 894 895 70)
4(46 71 896 871)
4(70 895 896 71)
4(47 72 897 872)
4(71 896 897 72)
4(48 73 898 873)
4(72 897 898 73)
4(73 898 899 74)
4(51 76 901 876)
4(75 900 901 76)
4(52 77 902 877)
4(76 901 902 77)
4(53 78 903 878)
4(77 902 903 78)
4(54 79 904 879)
4(78 903 904 79)
4(55 80 905 880)
4(79 904 905 80)
4(56 81 906 881)
4(80 905 906 81)
4(57 82 907 882)
4(81 906 907 82)
4(58 83 908 883)
4(82 907 908 83)
4(59 84 909 884)
4(83 908 909 84)
4(60 85 910 885)
4(84 909 910 85)
4(61 86 911 886)
4(85 910 911 86)
4(62 87 912 887)
4(86 911 912 87)
4(63 88 913 888)
4(87 912 913 88)
4(64 89 914 889)
4(88 913 914 89)
4(65 90 915 890)
4(89 914 915 90)
4(66 91 916 891)
4(90 915 916 91)
4(67 92 917 892)
4(91 916 917 92)
4(68 93 918 893)
4(92 917 918 93)
4(69 94 919 894)
4(93 918 919 94)
4(70 95 920 895)
4(94 919 920 95)
4(71 96 921 896)
4(95 920 921 96)
4(72 97 922 897)
4(96 921 922 97)
4(73 98 923 898)
4(97 922 923 98)
4(98 923 924 99)
4(76 101 926 901)
4(100 925 926 101)
4(77 102 927 902)
4(101 926 927 102)
4(78 103 928 903)
4(102 927 928 103)
4(79 104 929 904)
4(103 928 929 104)
4(80 105 930 905)
4(104 929 930 105)
4(81 106 931 906)
4(105 930 931 106)
4(82 107 932 907)
4(106 931 932 107)
4(83 108 933 908)
4(107 932 933 108)
4(84 109 934 909)
4(108 933 934 109)
4(85 110 935 910)
4(109 934 935 110)
4(86 111 936 911)
4(110 935 936 111)
4(87 112 937 912)
4(111 936 937 112)
4(88 113 938 913)
4(112 937 938 113)
4(89 114 939 914)
4(113 938 939 114)
4(90 115 940 915)
4(114 939 940 115)
4(91 116 941 916)
4(115 940 941 116)
4(92 117 942 917)
4(116 941 942 117)
4(93 118 943 918)
4(117 942 943 118)
4(94 119 944 919)
4(118 943 944 119)
4(95 120 945 920)
4(119 944 945 120)
4(96 121 946 921)
4(120 945 946 121)
4(97 122 947 922)
4(121 946 947 122)
4(98 123 948 923)
4(122 947 948 123)
4(123 948 949 124)
4(101 126 951 926)
4(125 950 951 126)
4(102 127 952 927)
4(126 951 952 127)
4(103 128 953 928)
4(127 952 953 128)
4(104 129 954 929)
4(128 953 954 129)
4(105 130 955 930)
4(129 954 955 130)
4(106 131 956 931)
4(130 955 956 131)
4(107 132 957 932)
4(131 956 957 132)
4(108 133 958 933)
4(132 957 958 133)
4(109 134 959 934)
4(133 958 959 134)
4(110 135 960 935)
4(134 959 960 135)
4(111 136 961 936)
4(135 960 961 136)
4(112 137 962 937)
4(136 961 962 137)
4(113 138 963 938)
4(137 962 963 138)
4(114 139 964 939)
4(138 963 964 139)
4(115 140 965 940)
4(139 964 965 140)
4(116 141 966 941)
4(140 965 966 141)
4(117 142 967 942)
4(141 966 967 142)
4(118 143 968 943)
4(142 967 968 143)
4(119 144 969 944)
4(143 968 969 144)
4(120 145 970 945)
4(144 969 970 145)
4(121 146 971 946)
4(145 970 971 146)
4(122 147 972 947)
4(146 971 972 147)
4(123 148 973 948)
4(147 972 973 148)
4(148 973 974 149)
4(126 151 976 951)
4(150 975 976 151)
4(127 152 977 952)
4(151 976 977 152)
4(128 153 978 953)
4(152 977 978 153)
4(129 154 979 954)
4(153 978 979 154)
4(130 155 980 955)
4(154 979 980 155)
4(131 156 981 956)
4(155 980 981 156)
4(132 157 982 957)
4(156 981 982 157)
4(133 158 983 958)
4(157 982 983 158)
4(134 159 984 959)
4(158 983 984 159)
4(135 160 985 960)
4(159 984 985 160)
4(136 161 986 961)
4(160 985 986 161)
4(137 162 987 962)
4(161 986 987 162)
4(138 163 988 963)
4(162 987 988 163)
4(139 164 989 964)
4(163 988 989 164)
4(140 165 990 965)
4(164 989 990 165)
4(141 166 991 966)
4(165 990 991 166)
4(142 167 992 967)
4(166 991 992 167)
4(143 168 993 968)
4(167 992 993 168)
4(144 169 994 969)
4(168 993 994 169)
4(145 170 995 970)
4(169 994 995 170)
4(146 171 996 971)
4(170 995 996 171)
4(147 172 997 972)
4(171 996 997 172)
4(148 173 998 973)
4(172 997 998 173)
4(173 998 999 174)
4(151 176 1001 976)
4(175 1000 1001 176)
4(152 177 1002 977)
4(176 1001 1002 177)
4(153 178 1003 978)
4(177 1002 1003 178)
4(154 179 1004 979)
4(178 1003 1004 179)
4(155 180 1005 980)
4(179 1004 1005 180)
4(156 181 1006 981)
4(180 1005 1006 181)
4(157 182 1007 982)
4(181 1006 1007 182)
4(158 183 1008 983)
4(182 1007 1008 183)
4(159 184 1009 984)
4(183 1008 1009 184)
4(160 185 1010 985)
4(184 1009 1010 185)
4(161 186 1011 986)
4(185 1010 1011 186)
4(162 187 1012 987)
4(186 1011 1012 187)
4(163 188 1013 988)
4(187 1012 1013 188)
4(164 189 1014 989)
4(188 1013 1014 189)
4(165 190 1015 990)
4(189 1014 1015 190)
4(166 191 1016 991)
4(190 1015 1016 191)
4(167 192 1017 992)
4(191 1016 1017 192)
4(168 193 1018 993)
4(192 1017 1018 193)
4(169 194 1019 994)
4(193 1018 1019 194)
4(170 195 1020 995)
4(194 1019 1020 195)
4(171 196 1021 996)
4(195 1020 1021 196)
4(172 197 1022 997)
4(196 1021 1022 197)
4(173 198 1023 998)
4(197 1022 1023 198)
4(198 1023 1024 199)
4(176 201 1026 1001)
4(200 1025 1026 201)
4(177 202 1027 1002)
4(201 1026 1027 202)
4(178 203 1028 1003)
4(202 1027 1028 203)
4(179 204 1029 1004)
4(203 1028 1029 204)
4(180 205 1030 1005)
4(204 1029 1030 205)
4(181 206 1031 1006)
4(205 1030 1031 206)
4(182 207 1032 1007)
4(206 1031 1032 207)
4(183 208 1033 1008)
4(207 1032 1033 208)
4(184 209 1034 1009)
4(208 1033 1034 209)
4(185 210 1035 1010)
4(209 1034 1035 210)
4(186 211 1036 1011)
4(210 1035 1036 211)
4(187 212 1037 1012)
4(211 1036 1037 212)
4(188 213 1038 1013)
4(212 1037 1038 213)
4(189 214 1039 1014)
4(213 1038 1039 214)
4(190 215 1040 1015)
4(214 1039 1040 215)
4(191 216 1041 1016)
4(215 1040 1041 216)
4(192 217 1042 1017)
4(216 1041 1042 217)
4(193 218 1043 1018)
4(217 1042 1043 218)
4(194 219 1044 1019)
4(218 1043 1044 219)
4(195 220 1045 1020)
4(219 1044 1045 220)
4(196 221 1046 1021)
4(220 1045 1046 221)
4(197 222 1047 1022)
4(221 1046 1047 222)
4(198 223 1048 1023)
4(222 1047 1048 223)
4(223 1048 1049 224)
4(201 226 1051 1026)
4(225 1050 1051 226)
4(202 227 1052 1027)
4(226 1051 1052 227)
4(203 228 1053 1028)
4(227 1052 1053 228)
4(204 229 1054 1029)
4(228 1053 1054 229)
4(205 230 1055 1030)
4(229 1054 1055 230)
4(206 231 1056 1031)
4(230 1055 1056 231)
4(207 232 1057 1032)
4(231 1056 1057 232)
4(208 233 1058 1033)
4(232 1057 1058 233)
4(209 234 1059 1034)
4(233 1058 1059 234)
4(210 235 1060 1035)
4(234 1059 1060 235)
4(211 236 1061 1036)
4(235 1060 1061 236)
4(212 237 1062 1037)
4(236 1061 1062 237)
4(213 238 1063 1038)
4(237 1062 1063 238)
4(214 239 1064 1039)
4(238 1063 1064 239)
4(215 240 1065 1040)
4(239 1064 1065 240)
4(216 241 1066 1041)
4(240 1065 1066 241)
4(217 242 1067 1042)
4(241 1066 1067 242)
4(218 243 1068 1043)
4(242 1067 1068 243)
4(219 244 1069 1044)
4(243 1068 1069 244)
4(220 245 1070 1045)
4(244 1069 1070 245)
4(221 246 1071 1046)
4(245 1070 1071 246)
4(222 247 1072 1047)
4(246 1071 1072 247)
4(223 248 1073 1048)
4(247 1072 1073 248)
4(248 1073 1074 249)
4(226 251 1076 1051)
4(250 1075 1076 251)
4(227 252 1077 1052)
4(251 1076 1077 252)
4(228 253 1078 1053)
4(252 1077 1078 253)
4(229 254 1079 1054)
4(253 1078 1079 254)
4(230 255 1080 1055)
4(254 1079 1080 255)
4(231 256 1081 1056)
4(255 1080 1081 256)
4(232 257 1082 1057)
4(256 1081 1082 257)
4(233 258 1083 1058)
4(257 1082 1083 258)
4(234 259 1084 1059)
4(258 1083 1084 259)
4(235 260 1085 1060)
4(259 1084 1085 260)
4(236 261 1086 1061)
4(260 1085 1086 261)
4(237 262 1087 1062)
4(261 1086 1087 262)
4(238 263 1088 1063)
4(262 1087 1088 263)
4(239 264 1089 1064)
4(263 1088 1089 264)
4(240 265 1090 1065)
4(264 1089 1090 265)
4(241 266 1091 1066)
4(265 1090 1091 266)
4(242 267 1092 1067)
4(266 1091 1092 267)
4(243 268 1093 1068)
4(267 1092 1093 268)
4(244 269 1094 1069)
4(268 1093 1094 269)
4(245 270 1095 1070)
4(269 1094 1095 270)
4(246 271 1096 1071)
4(270 1095 1096 271)
4(247 272 1097 1072)
4(271 1096 1097 272)
4(248 273 1098 1073)
4(272 1097 1098 273)
4(273 1098 1099 274)
4(251 276 1101 1076)
4(275 1100 1101 276)
4(252 277 1102 1077)
4(276 1101 1102 277)
4(253 278 1103 1078)
4(277 1102 1103 278)
4(254 279 1104 1079)
4(278 1103 1104 279)
4(255 280 1105 1080)
4(279 1104 1105 280)
4(256 281 1106 1081)
4(280 1105 1106 281)
4(257 282 1107 1082)
4(281 1106 1107 282)
4(258 283 1108 1083)
4(282 1107 1108 283)
4(259 284 1109 1084)
4(283 1108 1109 284)
4(260 285 1110 1085)
4(284 1109 1110 285)
4(261 286 1111 1086)
4(285 1110 1111 286)
4(262 287 1112 1087)
4(286 1111 1112 287)
4(263 288 1113 1088)
4(287 1112 1113 288)
4(264 289 1114 1089)
4(288 1113 1114 289)
4(265 290 1115 1090)
4(289 1114 1115 290)
4(266 291 1116 1091)
4(290 1115 1116 291)
4(267 292 1117 1092)
4(291 1116 1117 292)
4(268 293 1118 1093)
4(292 1117 1118 293)
4(269 294 1119 1094)
4(293 1118 1119 294)
4(270 295 1120 1095)
4(294 1119 1120 295)
4(271 296 1121 1096)
4(295 1120 1121 296)
4(272 297 1122 1097)
4(296 1121 1122 297)
4(273 298 1123 1098)
4(297 1122 1123 298)
4(298 1123 1124 299)
4(276 301 1126 1101)
4(300 1125 1126 301)
4(277 302 1127 1102)
4(301 1126 1127 302)
4(278 303 1128 1103)
4(302 1127 1128 303)
4(279 304 1129 1104)
4(303 1128 1129 304)
4(280 305 1130 1105)
4(304 1129 1130 305)
4(281 306 1131 1106)
4(305 1130 1131 306)
4(282 307 1132 1107)
4(306 1131 1132 307)
4(283 308 1133 1108)
4(307 1132 1133 308)
4(284 309 1134 1109)
4(308 1133 1134 309)
4(285 310 1135 1110)
4(309 1134 1135 310)
4(286 311 1136 1111)
4(310 1135 1136 311)
4(287 312 1137 1112)
4(311 1136 1137 312)
4(288 313 1138 1113)
4(312 1137 1138 313)
4(289 314 1139 1114)
4(313 1138 1139 314)
4(290 315 1140 1115)
4(314 1139 1140 315)
4(291 316 1141 1116)
4(315 1140 1141 316)
4(292 317 1142 1117)
4(316 1141 1142 317)
4(293 318 1143 1118)
4(317 1142 1143 318)
4(294 319 1144 1119)
4(318 1143 1144 319)
4(295 320 1145 1120)
4(319 1144 1145 320)
4(296 321 1146 1121)
4(320 1145 1146 321)
4(297 322 1147 1122)
4(321 1146 1147 322)
4(298 323 1148 1123)
4(322 1147 1148 323)
4(323 1148 1149 324)
4(301 326 1151 1126)
4(325 1150 1151 326)
4(302 327 1152 1127)
4(326 1151 1152 327)
4(303 328 1153 1128)
4(327 1152 1153 328)
4(304 329 1154 1129)
4(328 1153 1154 329)
4(305 330 1155 1130)
4(329 1154 1155 330)
4(306 331 1156 1131)
4(330 1155 1156 331)
4(307 332 1157 1132)
4(331 1156 1157 332)
4(308 333 1158 1133)
4(332 1157 1158 333)
4(309 334 1159 1134)
4(333 1158 1159 334)
4(310 335 1160 1135)
4(334 1159 1160 335)
4(311 336 1161 1136)
4(335 1160 1161 336)
4(312 337 1162 1137)
4(336 1161 1162 337)
4(313 338 1163 1138)
4(337 1162 1163 338)
4(314 339 1164 1139)
4(338 1163 1164 339)
4(315 340 1165 1140)
4(339 1164 1165 340)
4(316 341 1166 1141)
4(340 1165 1166 341)
4(317 342 1167 1142)
4(341 1166 1167 342)
4(318 343 1168 1143)
4(342 1167 1168 343)
4(319 344 1169 1144)
4(343 1168 1169 344)
4(320 345 1170 1145)
4(344 1169 1170 345)
4(321 346 1171 1146)
4(345 1170 1171 346)
4(322 347 1172 1147)
4(346 1171 1172 347)
4(323 348 1173 1148)
4(347 1172 1173 348)
4(348 1173 1174 349)
4(326 351 1176 1151)
4(350 1175 1176 351)
4(327 352 1177 1152)
4(351 1176 1177 352)
4(328 353 1178 1153)
4(352 1177 1178 353)
4(329 354 1179 1154)
4(353 1178 1179 354)
4(330 355 1180 1155)
4(354 1179 1180 355)
4(331 356 1181 1156)
4(355 1180 1181 356)
4(332 357 1182 1157)
4(356 1181 1182 357)
4(333 358 1183 1158)
4(357 1182 1183 358)
4(334 359 1184 1159)
4(358 1183 1184 359)
4(335 360 1185 1160)
4(359 1184 1185 360)
4(336 361 1186 1161)
4(360 1185 1186 361)
4(337 362 1187 1162)
4(361 1186 1187 362)
4(338 363 1188 1163)
4(362 1187 1188 363)
4(339 364 1189 1164)
4(363 1188 1189 364)
4(340 365 1190 1165)
4(364 1189 1190 365)
4(341 366 1191 1166)
4(365 1190 1191 366)
4(342 367 1192 1167)
4(366 1191 1192 367)
4(343 368 1193 1168)
4(367 1192 1193 368)
4(344 369 1194 1169)
4(368 1193 1194 369)
4(345 370 1195 1170)
4(369 1194 1195 370)
4(346 371 1196 1171)
4(370 1195 1196 371)
4(347 372 1197 1172)
4(371 1196 1197 372)
4(348 373 1198 1173)
4(372 1197 1198 373)
4(373 1198 1199 374)
4(351 376 1201 1176)
4(375 1200 1201 376)
4(352 377 1202 1177)
4(376 1201 1202 377)
4(353 378 1203 1178)
4(377 1202 1203 378)
4(354 379 1204 1179)
4(378 1203 1204 379)
4(355 380 1205 1180)
4(379 1204 1205 380)
4(356 381 1206 1181)
4(380 1205 1206 381)
4(357 382 1207 1182)
4(381 1206 1207 382)
4(358 383 1208 1183)
4(382 1207 1208 383)
4(359 384 1209 1184)
4(383 1208 1209 384)
4(360 385 1210 1185)
4(384 1209 1210 385)
4(361 386 1211 1186)
4(385 1210 1211 386)
4(362 387 1212 1187)
4(386 1211 1212 387)
4(363 388 1213 1188)
4(387 1212 1213 388)
4(364 389 1214 1189)
4(388 1213 1214 389)
4(365 390 1215 1190)
4(389 1214 1215 390)
4(366 391 1216 1191)
4(390 1215 1216 391)
4(367 392 1217 1192)
4(391 1216 1217 392)
4(368 393 1218 1193)
4(392 1217 1218 393)
4(369 394 1219 1194)
4(393 1218 1219 394)
4(370 395 1220 1195)
4(394 1219 1220 395)
4(371 396 1221 1196)
4(395 1220 1221 396)
4(372 397 1222 1197)
4(396 1221 1222 397)
4(373 398 1223 1198)
4(397 1222 1223 398)
4(398 1223 1224 399)
4(376 401 1226 1201)
4(400 1225 1226 401)
4(377 402 1227 1202)
4(401 1226 1227 402)
4(378 403 1228 1203)
4(402 1227 1228 403)
4(379 404 1229 1204)
4(403 1228 1229 404)
4(380 405 1230 1205)
4(404 1229 1230 405)
4(381 406 1231 1206)
4(405 1230 1231 406)
4(382 407 1232 1207)
4(406 1231 1232 407)
4(383 408 1233 1208)
4(407 1232 1233 408)
4(384 409 1234 1209)
4(408 1233 1234 409)
4(385 410 1235 1210)
4(409 1234 1235 410)
4(386 411 1236 1211)
4(410 1235 1236 411)
4(387 412 1237 1212)
4(411 1236 1237 412)
4(388 413 1238 1213)
4(412 1237 1238 413)
4(389 414 1239 1214)
4(413 1238 1239 414)
4(390 415 1240 1215)
4(414 1239 1240 415)
4(391 416 1241 1216)
4(415 1240 1241 416)
4(392 417 1242 1217)
4(416 1241 1242 417)
4(393 418 1243 1218)
4(417 1242 1243 418)
4(394 419 1244 1219)
4(418 1243 1244 419)
4(395 420 1245 1220)
4(419 1244 1245 420)
4(396 421 1246 1221)
4(420 1245 1246 421)
4(397 422 1247 1222)
4(421 1246 1247 422)
4(398 423 1248 1223)
4(422 1247 1248 423)
4(423 1248 1249 424)
4(401 426 1251 1226)
4(425 1250 1251 426)
4(402 427 1252 1227)
4(426 1251 1252 427)
4(403 428 1253 1228)
4(427 1252 1253 428)
4(404 429 1254 1229)
4(428 1253 1254 429)
4(405 430 1255 1230)
4(429 1254 1255 430)
4(406 431 1256 1231)
4(430 1255 1256 431)
4(407 432 1257 1232)
4(431 1256 1257 432)
4(408 433 1258 1233)
4(432 1257 1258 433)
4(409 434 1259 1234)
4(433 1258 1259 434)
4(410 435 1260 1235)
4(434 1259 1260 435)
4(411 436 1261 1236)
4(435 1260 1261 436)
4(412 437 1262 1237)
4(436 1261 1262 437)
4(413 438 1263 1238)
4(437 1262 1263 438)
4(414 439 1264 1239)
4(438 1263 1264 439)
4(415 440 1265 1240)
4(439 1264 1265 440)
4(416 441 1266 1241)
4(440 1265 1266 441)
4(417 442 1267 1242)
4(441 1266 1267 442)
4(418 443 1268 1243)
4(442 1267 1268 443)
4(419 444 1269 1244)
4(443 1268 1269 444)
4(420 445 1270 1245)
4(444 1269 1270 445)
4(421 446 1271 1246)
4(445 1270 1271 446)
4(422 447 1272 1247)
4(446 1271 1272 447)
4(423 448 1273 1248)
4(447 1272 1273 448)
4(448 1273 1274 449)
4(426 451 1276 1251)
4(450 1275 1276 451)
4(427 452 1277 1252)
4(451 1276 1277 452)
4(428 453 1278 1253)
4(452 1277 1278 453)
4(429 454 1279 1254)
4(453 1278 1279 454)
4(430 455 1280 1255)
4(454 1279 1280 455)
4(431 456 1281 1256)
4(455 1280 1281 456)
4(432 457 1282 1257)
4(456 1281 1282 457)
4(433 458 1283 1258)
4(457 1282 1283 458)
4(434 459 1284 1259)
4(458 1283 1284 459)
4(435 460 1285 1260)
4(459 1284 1285 460)
4(436 461 1286 1261)
4(460 1285 1286 461)
4(437 462 1287 1262)
4(461 1286 1287 462)
4(438 463 1288 1263)
4(462 1287 1288 463)
4(439 464 1289 1264)
4(463 1288 1289 464)
4(440 465 1290 1265)
4(464 1289 1290 465)
4(441 466 1291 1266)
4(465 1290 1291 466)
4(442 467 1292 1267)
4(466 1291 1292 467)
4(443 468 1293 1268)
4(467 1292 1293 468)
4(444 469 1294 1269)
4(468 1293 1294 469)
4(445 470 1295 1270)
4(469 1294 1295 470)
4(446 471 1296 1271)
4(470 1295 1296 471)
4(447 472 1297 1272)
4(471 1296 1297 472)
4(448 473 1298 1273)
4(472 1297 1298 473)
4(473 1298 1299 474)
4(451 476 1301 1276)
4(475 1300 1301 476)
4(452 477 1302 1277)
4(476 1301 1302 477)
4(453 478 1303 1278)
4(477 1302 1303 478)
4(454 479 1304 1279)
4(478 1303 1304 479)
4(455 480 1305 1280)
4(479 1304 1305 480)
4(456 481 1306 1281)
4(480 1305 1306 481)
4(457 482 1307 1282)
4(481 1306 1307 482)
4(458 483 1308 1283)
4(482 1307 1308 483)
4(459 484 1309 1284)
4(483 1308 1309 484)
4(460 485 1310 1285)
4(484 1309 1310 485)
4(461 486 1311 1286)
4(485 1310 1311 486)
4(462 487 1312 1287)
4(486 1311 1312 487)
4(463 488 1313 1288)
4(487 1312 1313 488)
4(464 489 1314 1289)
4(488 1313 1314 489)
4(465 490 1315 1290)
4(489 1314 1315 490)
4(466 491 1316 1291)
4(490 1315 1316 491)
4(467 492 1317 1292)
4(491 1316 1317 492)
4(468 493 1318 1293)
4(492 1317 1318 493)
4(469 494 1319 1294)
4(493 1318 1319 494)
4(470 495 1320 1295)
4(494 1319 1320 495)
4(471 496 1321 1296)
4(495 1320 1321 496)
4(472 497 1322 1297)
4(496 1321 1322 497)
4(473 498 1323 1298)
4(497 1322 1323 498)
4(498 1323 1324 499)
4(476 501 1326 1301)
4(500 1325 1326 501)
4(477 502 1327 1302)
4(501 1326 1327 502)
4(478 503 1328 1303)
4(502 1327 1328 503)
4(479 504 1329 1304)
4(503 1328 1329 504)
4(480 505 1330 1305)
4(504 1329 1330 505)
4(481 506 1331 1306)
4(505 1330 1331 506)
4(482 507 1332 1307)
4(506 1331 1332 507)
4(483 508 1333 1308)
4(507 1332 1333 508)
4(484 509 1334 1309)
4(508 1333 1334 509)
4(485 510 1335 1310)
4(509 1334 1335 510)
4(486 511 1336 1311)
4(510 1335 1336 511)
4(487 512 1337 1312)
4(511 1336 1337 512)
4(488 513 1338 1313)
4(512 1337 1338 513)
4(489 514 1339 1314)
4(513 1338 1339 514)
4(490 515 1340 1315)
4(514 1339 1340 515)
4(491 516 1341 1316)
4(515 1340 1341 516)
4(492 517 1342 1317)
4(516 1341 1342 517)
4(493 518 1343 1318)
4(517 1342 1343 518)
4(494 519 1344 1319)
4(518 1343 1344 519)
4(495 520 1345 1320)
4(519 1344 1345 520)
4(496 521 1346 1321)
4(520 1345 1346 521)
4(497 522 1347 1322)
4(521 1346 1347 522)
4(498 523 1348 1323)
4(522 1347 1348 523)
4(523 1348 1349 524)
4(501 526 1351 1326)
4(525 1350 1351 526)
4(502 527 1352 1327)
4(526 1351 1352 527)
4(503 528 1353 1328)
4(527 1352 1353 528)
4(504 529 1354 1329)
4(528 1353 1354 529)
4(505 530 1355 1330)
4(529 1354 1355 530)
4(506 531 1356 1331)
4(530 1355 1356 531)
4(507 532 1357 1332)
4(531 1356 1357 532)
4(508 533 1358 1333)
4(532 1357 1358 533)
4(509 534 1359 1334)
4(533 1358 1359 534)
4(510 535 1360 1335)
4(534 1359 1360 535)
4(511 536 1361 1336)
4(535 1360 1361 536)
4(512 537 1362 1337)
4(536 1361 1362 537)
4(513 538 1363 1338)
4(537 1362 1363 538)
4(514 539 1364 1339)
4(538 1363 1364 539)
4(515 540 1365 1340)
4(539 1364 1365 540)
4(516 541 1366 1341)
4(540 1365 1366 541)
4(517 542 1367 1342)
4(541 1366 1367 542)
4(518 543 1368 1343)
4(542 1367 1368 543)
4(519 544 1369 1344)
4(543 1368 1369 544)
4(520 545 1370 1345)
4(544 1369 1370 545)
4(521 546 1371 1346)
4(545 1370 1371 546)
4(522 547 1372 1347)
4(546 1371 1372 547)
4(523 548 1373 1348)
4(547 1372 1373 548)
4(548 1373 1374 549)
4(526 551 1376 1351)
4(550 1375 1376 551)
4(527 552 1377 1352)
4(551 1376 1377 552)
4(528 553 1378 1353)
4(552 1377 1378 553)
4(529 554 1379 1354)
4(553 1378 1379 554)
4(530 555 1380 1355)
4(554 1379 1380 555)
4(531 556 1381 1356)
4(555 1380 1381 556)
4(532 557 1382 1357)
4(556 1381 1382 557)
4(533 558 1383 1358)
4(557 1382 1383 558)
4(534 559 1384 1359)
4(558 1383 1384 559)
4(535 560 1385 1360)
4(559 1384 1385 560)
4(536 561 1386 1361)
4(560 1385 1386 561)
4(537 562 1387 1362)
4(561 1386 1387 562)
4(538 563 1388 1363)
4(562 1387 1388 563)
4(539 564 1389 1364)
4(563 1388 1389 564)
4(540 565 1390 1365)
4(564 1389 1390 565)
4(541 566 1391 1366)
4(565 1390 1391 566)
4(542 567 1392 1367)
4(566 1391 1392 567)
4(543 568 1393 1368)
4(567 1392 1393 568)
4(544 569 1394 1369)
4(568 1393 1394 569)
4(545 570 1395 1370)
4(569 1394 1395 570)
4(546 571 1396 1371)
4(570 1395 1396 571)
4(547 572 1397 1372)
4(571 1396 1397 572)
4(548 573 1398 1373)
4(572 1397 1398 573)
4(573 1398 1399 574)
4(551 576 1401 1376)
4(575 1400 1401 576)
4(552 577 1402 1377)
4(576 1401 1402 577)
4(553 578 1403 1378)
4(577 1402 1403 578)
4(554 579 1404 1379)
4(578 1403 1404 579)
4(555 580 1405 1380)
4(579 1404 1405 580)
4(556 581 1406 1381)
4(580 1405 1406 581)
4(557 582 1407 1382)
4(581 1406 1407 582)
4(558 583 1408 1383)
4(582 1407 1408 583)
4(559 584 1409 1384)
4(583 1408 1409 584)
4(560 585 1410 1385)
4(584 1409 1410 585)
4(561 586 1411 1386)
4(585 1410 1411 586)
4(562 587 1412 1387)
4(586 1411 1412 587)
4(563 588 1413 1388)
4(587 1412 1413 588)
4(564 589 1414 1389)
4(588 1413 1414 589)
4(565 590 1415 1390)
4(589 1414 1415 590)
4(566 591 1416 1391)
4(590 1415 1416 591)
4(567 592 1417 1392)
4(591 1416 1417 592)
4(568 593 1418 1393)
4(592 1417 1418 593)
4(569 594 1419 1394)
4(593 1418 1419 594)
4(570 595 1420 1395)
4(594 1419 1420 595)
4(571 596 1421 1396)
4(595 1420 1421 596)
4(572 597 1422 1397)
4(596 1421 1422 597)
4(573 598 1423 1398)
4(597 1422 1423 598)
4(598 1423 1424 599)
4(576 601 1426 1401)
4(600 1425 1426 601)
4(577 602 1427 1402)
4(601 1426 1427 602)
4(578 603 1428 1403)
4(602 1427 1428 603)
4(579 604 1429 1404)
4(603 1428 1429 604)
4(580 605 1430 1405)
4(604 1429 1430 605)
4(581 606 1431 1406)
4(605 1430 1431 606)
4(582 607 1432 1407)
4(606 1431 1432 607)
4(583 608 1433 1408)
4(607 1432 1433 608)
4(584 609 1434 1409)
4(608 1433 1434 609)
4(585 610 1435 1410)
4(609 1434 1435 610)
4(586 611 1436 1411)
4(610 1435 1436 611)
4(587 612 1437 1412)
4(611 1436 1437 612)
4(588 613 1438 1413)
4(612 1437 1438 613)
4(589 614 1439 1414)
4(613 1438 1439 614)
4(590 615 1440 1415)
4(614 1439 1440 615)
4(591 616 1441 1416)
4(615 1440 1441 616)
4(592 617 1442 1417)
4(616 1441 1442 617)
4(593 618 1443 1418)
4(617 1442 1443 618)
4(594 619 1444 1419)
4(618 1443 1444 619)
4(595 620 1445 1420)
4(619 1444 1445 620)
4(596 621 1446 1421)
4(620 1445 1446 621)
4(597 622 1447 1422)
4(621 1446 1447 622)
4(598 623 1448 1423)
4(622 1447 1448 623)
4(623 1448 1449 624)
4(601 626 1451 1426)
4(625 1450 1451 626)
4(602 627 1452 1427)
4(626 1451 1452 627)
4(603 628 1453 1428)
4(627 1452 1453 628)
4(604 629 1454 1429)
4(628 1453 1454 629)
4(605 630 1455 1430)
4(629 1454 1455 630)
4(606 631 1456 1431)
4(630 1455 1456 631)
4(607 632 1457 1432)
4(631 1456 1457 632)
4(608 633 1458 1433)
4(632 1457 1458 633)
4(609 634 1459 1434)
4(633 1458 1459 634)
4(610 635 1460 1435)
4(634 1459 1460 635)
4(611 636 1461 1436)
4(635 1460 1461 636)
4(612 637 1462 1437)
4(636 1461 1462 637)
4(613 638 1463 1438)
4(637 1462 1463 638)
4(614 639 1464 1439)
4(638 1463 1464 639)
4(615 640 1465 1440)
4(639 1464 1465 640)
4(616 641 1466 1441)
4(640 1465 1466 641)
4(617 642 1467 1442)
4(641 1466 1467 642)
4(618 643 1468 1443)
4(642 1467 1468 643)
4(619 644 1469 1444)
4(643 1468 1469 644)
4(620 645 1470 1445)
4(644 1469 1470 645)
4(621 646 1471 1446)
4(645 1470 1471 646)
4(622 647 1472 1447)
4(646 1471 1472 647)
4(623 648 1473 1448)
4(647 1472 1473 648)
4(648 1473 1474 649)
4(626 651 1476 1451)
4(650 1475 1476 651)
4(627 652 1477 1452)
4(651 1476 1477 652)
4(628 653 1478 1453)
4(652 1477 1478 653)
4(629 654 1479 1454)
4(653 1478 1479 654)
4(630 655 1480 1455)
4(654 1479 1480 655)
4(631 656 1481 1456)
4(655 1480 1481 656)
4(632 657 1482 1457)
4(656 1481 1482 657)
4(633 658 1483 1458)
4(657 1482 1483 658)
4(634 659 1484 1459)
4(658 1483 1484 659)
4(635 660 1485 1460)
4(659 1484 1485 660)
4(636 661 1486 1461)
4(660 1485 1486 661)
4(637 662 1487 1462)
4(661 1486 1487 662)
4(638 663 1488 1463)
4(662 1487 1488 663)
4(639 664 1489 1464)
4(663 1488 1489 664)
4(640 665 1490 1465)
4(664 1489 1490 665)
4(641 666 1491 1466)
4(665 1490 1491 666)
4(642 667 1492 1467)
4(666 1491 1492 667)
4(643 668 1493 1468)
4(667 1492 1493 668)
4(644 669 1494 1469)
4(668 1493 1494 669)
4(645 670 1495 1470)
4(669 1494 1495 670)
4(646 671 1496 1471)
4(670 1495 1496 671)
4(647 672 1497 1472)
4(671 1496 1497 672)
4(648 673 1498 1473)
4(672 1497 1498 673)
4(673 1498 1499 674)
4(651 676 1501 1476)
4(675 1500 1501 676)
4(652 677 1502 1477)
4(676 1501 1502 677)
4(653 678 1503 1478)
4(677 1502 1503 678)
4(654 679 1504 1479)
4(678 1503 1504 679)
4(655 680 1505 1480)
4(679 1504 1505 680)
4(656 681 1506 1481)
4(680 1505 1506 681)
4(657 682 1507 1482)
4(681 1506 1507 682)
4(658 683 1508 1483)
4(682 1507 1508 683)
4(659 684 1509 1484)
4(683 1508 1509 684)
4(660 685 1510 1485)
4(684 1509 1510 685)
4(661 686 1511 1486)
4(685 1510 1511 686)
4(662 687 1512 1487)
4(686 1511 1512 687)
4(663 688 1513 1488)
4(687 1512 1513 688)
4(664 689 1514 1489)
4(688 1513 1514 689)
4(665 690 1515 1490)
4(689 1514 1515 690)
4(666 691 1516 1491)
4(690 1515 1516 691)
4(667 692 1517 1492)
4(691 1516 1517 692)
4(668 693 1518 1493)
4(692 1517 1518 693)
4(669 694 1519 1494)
4(693 1518 1519 694)
4(670 695 1520 1495)
4(694 1519 1520 695)
4(671 696 1521 1496)
4(695 1520 1521 696)
4(672 697 1522 1497)
4(696 1521 1522 697)
4(673 698 1523 1498)
4(697 1522 1523 698)
4(698 1523 1524 699)
4(676 701 1526 1501)
4(700 1525 1526 701)
4(677 702 1527 1502)
4(701 1526 1527 702)
4(678 703 1528 1503)
4(702 1527 1528 703)
4(679 704 1529 1504)
4(703 1528 1529 704)
4(680 705 1530 1505)
4(704 1529 1530 705)
4(681 706 1531 1506)
4(705 1530 1531 706)
4(682 707 1532 1507)
4(706 1531 1532 707)
4(683 708 1533 1508)
4(707 1532 1533 708)
4(684 709 1534 1509)
4(708 1533 1534 709)
4(685 710 1535 1510)
4(709 1534 1535 710)
4(686 711 1536 1511)
4(710 1535 1536 711)
4(687 712 1537 1512)
4(711 1536 1537 712)
4(688 713 1538 1513)
4(712 1537 1538 713)
4(689 714 1539 1514)
4(713 1538 1539 714)
4(690 715 1540 1515)
4(714 1539 1540 715)
4(691 716 1541 1516)
4(715 1540 1541 716)
4(692 717 1542 1517)
4(716 1541 1542 717)
4(693 718 1543 1518)
4(717 1542 1543 718)
4(694 719 1544 1519)
4(718 1543 1544 719)
4(695 720 1545 1520)
4(719 1544 1545 720)
4(696 721 1546 1521)
4(720 1545 1546 721)
4(697 722 1547 1522)
4(721 1546 1547 722)
4(698 723 1548 1523)
4(722 1547 1548 723)
4(723 1548 1549 724)
4(701 726 1551 1526)
4(725 1550 1551 726)
4(702 727 1552 1527)
4(726 1551 1552 727)
4(703 728 1553 1528)
4(727 1552 1553 728)
4(704 729 1554 1529)
4(728 1553 1554 729)
4(705 730 1555 1530)
4(729 1554 1555 730)
4(706 731 1556 1531)
4(730 1555 1556 731)
4(707 732 1557 1532)
4(731 1556 1557 732)
4(708 733 1558 1533)
4(732 1557 1558 733)
4(709 734 1559 1534)
4(733 1558 1559 734)
4(710 735 1560 1535)
4(734 1559 1560 735)
4(711 736 1561 1536)
4(735 1560 1561 736)
4(712 737 1562 1537)
4(736 1561 1562 737)
4(713 738 1563 1538)
4(737 1562 1563 738)
4(714 739 1564 1539)
4(738 1563 1564 739)
4(715 740 1565 1540)
4(739 1564 1565 740)
4(716 741 1566 1541)
4(740 1565 1566 741)
4(717 742 1567 1542)
4(741 1566 1567 742)
4(718 743 1568 1543)
4(742 1567 1568 743)
4(719 744 1569 1544)
4(743 1568 1569 744)
4(720 745 1570 1545)
4(744 1569 1570 745)
4(721 746 1571 1546)
4(745 1570 1571 746)
4(722 747 1572 1547)
4(746 1571 1572 747)
4(723 748 1573 1548)
4(747 1572 1573 748)
4(748 1573 1574 749)
4(726 751 1576 1551)
4(750 1575 1576 751)
4(727 752 1577 1552)
4(751 1576 1577 752)
4(728 753 1578 1553)
4(752 1577 1578 753)
4(729 754 1579 1554)
4(753 1578 1579 754)
4(730 755 1580 1555)
4(754 1579 1580 755)
4(731 756 1581 1556)
4(755 1580 1581 756)
4(732 757 1582 1557)
4(756 1581 1582 757)
4(733 758 1583 1558)
4(757 1582 1583 758)
4(734 759 1584 1559)
4(758 1583 1584 759)
4(735 760 1585 1560)
4(759 1584 1585 760)
4(736 761 1586 1561)
4(760 1585 1586 761)
4(737 762 1587 1562)
4(761 1586 1587 762)
4(738 763 1588 1563)
4(762 1587 1588 763)
4(739 764 1589 1564)
4(763 1588 1589 764)
4(740 765 1590 1565)
4(764 1589 1590 765)
4(741 766 1591 1566)
4(765 1590 1591 766)
4(742 767 1592 1567)
4(766 1591 1592 767)
4(743 768 1593 1568)
4(767 1592 1593 768)
4(744 769 1594 1569)
4(768 1593 1594 769)
4(745 770 1595 1570)
4(769 1594 1595 770)
4(746 771 1596 1571)
4(770 1595 1596 771)
4(747 772 1597 1572)
4(771 1596 1597 772)
4(748 773 1598 1573)
4(772 1597 1598 773)
4(773 1598 1599 774)
4(751 776 1601 1576)
4(775 1600 1601 776)
4(752 777 1602 1577)
4(776 1601 1602 777)
4(753 778 1603 1578)
4(777 1602 1603 778)
4(754 779 1604 1579)
4(778 1603 1604 779)
4(755 780 1605 1580)
4(779 1604 1605 780)
4(756 781 1606 1581)
4(780 1605 1606 781)
4(757 782 1607 1582)
4(781 1606 1607 782)
4(758 783 1608 1583)
4(782 1607 1608 783)
4(759 784 1609 1584)
4(783 1608 1609 784)
4(760 785 1610 1585)
4(784 1609 1610 785)
4(761 786 1611 1586)
4(785 1610 1611 786)
4(762 787 1612 1587)
4(786 1611 1612 787)
4(763 788 1613 1588)
4(787 1612 1613 788)
4(764 789 1614 1589)
4(788 1613 1614 789)
4(765 790 1615 1590)
4(789 1614 1615 790)
4(766 791 1616 1591)
4(790 1615 1616 791)
4(767 792 1617 1592)
4(791 1616 1617 792)
4(768 793 1618 1593)
4(792 1617 1618 793)
4(769 794 1619 1594)
4(793 1618 1619 794)
4(770 795 1620 1595)
4(794 1619 1620 795)
4(771 796 1621 1596)
4(795 1620 1621 796)
4(772 797 1622 1597)
4(796 1621 1622 797)
4(773 798 1623 1598)
4(797 1622 1623 798)
4(798 1623 1624 799)
4(776 801 1626 1601)
4(777 802 1627 1602)
4(778 803 1628 1603)
4(779 804 1629 1604)
4(780 805 1630 1605)
4(781 806 1631 1606)
4(782 807 1632 1607)
4(783 808 1633 1608)
4(784 809 1634 1609)
4(785 810 1635 1610)
4(786 811 1636 1611)
4(787 812 1637 1612)
4(788 813 1638 1613)
4(789 814 1639 1614)
4(790 815 1640 1615)
4(791 816 1641 1616)
4(792 817 1642 1617)
4(793 818 1643 1618)
4(794 819 1644 1619)
4(795 820 1645 1620)
4(796 821 1646 1621)
4(797 822 1647 1622)
4(798 823 1648 1623)
4(0 825 850 25)
4(25 850 875 50)
4(50 875 900 75)
4(75 900 925 100)
4(100 925 950 125)
4(125 950 975 150)
4(150 975 1000 175)
4(175 1000 1025 200)
4(200 1025 1050 225)
4(225 1050 1075 250)
4(250 1075 1100 275)
4(275 1100 1125 300)
4(300 1125 1150 325)
4(325 1150 1175 350)
4(350 1175 1200 375)
4(375 1200 1225 400)
4(400 1225 1250 425)
4(425 1250 1275 450)
4(450 1275 1300 475)
4(475 1300 1325 500)
4(500 1325 1350 525)
4(525 1350 1375 550)
4(550 1375 1400 575)
4(575 1400 1425 600)
4(600 1425 1450 625)
4(625 1450 1475 650)
4(650 1475 1500 675)
4(675 1500 1525 700)
4(700 1525 1550 725)
4(725 1550 1575 750)
4(750 1575 1600 775)
4(775 1600 1625 800)
4(24 49 874 849)
4(49 74 899 874)
4(74 99 924 899)
4(99 124 949 924)
4(124 149 974 949)
4(149 174 999 974)
4(174 199 1024 999)
4(199 224 1049 1024)
4(224 249 1074 1049)
4(249 274 1099 1074)
4(274 299 1124 1099)
4(299 324 1149 1124)
4(324 349 1174 1149)
4(349 374 1199 1174)
4(374 399 1224 1199)
4(399 424 1249 1224)
4(424 449 1274 1249)
4(449 474 1299 1274)
4(474 499 1324 1299)
4(499 524 1349 1324)
4(524 549 1374 1349)
4(549 574 1399 1374)
4(574 599 1424 1399)
4(599 624 1449 1424)
4(624 649 1474 1449)
4(649 674 1499 1474)
4(674 699 1524 1499)
4(699 724 1549 1524)
4(724 749 1574 1549)
4(749 774 1599 1574)
4(774 799 1624 1599)
4(799 824 1649 1624)
4(825 826 851 850)
4(850 851 876 875)
4(875 876 901 900)
4(900 901 926 925)
4(925 926 951 950)
4(950 951 976 975)
4(975 976 1001 1000)
4(1000 1001 1026 1025)
4(1025 1026 1051 1050)
4(1050 1051 1076 1075)
4(1075 1076 1101 1100)
4(1100 1101 1126 1125)
4(1125 1126 1151 1150)
4(1150 1151 1176 1175)
4(1175 1176 1201 1200)
4(1200 1201 1226 1225)
4(1225 1226 1251 1250)
4(1250 1251 1276 1275)
4(1275 1276 1301 1300)
4(1300 1301 1326 1325)
4(1325 1326 1351 1350)
4(1350 1351 1376 1375)
4(1375 1376 1401 1400)
4(1400 1401 1426 1425)
4(1425 1426 1451 1450)
4(1450 1451 1476 1475)
4(1475 1476 1501 1500)
4(1500 1501 1526 1525)
4(1525 1526 1551 1550)
4(1550 1551 1576 1575)
4(1575 1576 1601 1600)
4(1600 1601 1626 1625)
4(826 827 852 851)
4(851 852 877 876)
4(876 877 902 901)
4(901 902 927 926)
4(926 927 952 951)
4(951 952 977 976)
4(976 977 1002 1001)
4(1001 1002 1027 1026)
4(1026 1027 1052 1051)
4(1051 1052 1077 1076)
4(1076 1077 1102 1101)
4(1101 1102 1127 1126)
4(1126 1127 1152 1151)
4(1151 1152 1177 1176)
4(1176 1177 1202 1201)
4(1201 1202 1227 1226)
4(1226 1227 1252 1251)
4(1251 1252 1277 1276)
4(1276 1277 1302 1301)
4(1301 1302 1327 1326)
4(1326 1327 1352 1351)
4(1351 1352 1377 1376)
4(1376 1377 1402 1401)
4(1401 1402 1427 1426)
4(1426 1427 1452 1451)
4(1451 1452 1477 1476)
4(1476 1477 1502 1501)
4(1501 1502 1527 1526)
4(1526 1527 1552 1551)
4(1551 1552 1577 1576)
4(1576 1577 1602 1601)
4(1601 1602 1627 1626)
4(827 828 853 852)
4(852 853 878 877)
4(877 878 903 902)
4(902 903 928 927)
4(927 928 953 952)
4(952 953 978 977)
4(977 978 1003 1002)
4(1002 1003 1028 1027)
4(1027 1028 1053 1052)
4(1052 1053 1078 1077)
4(1077 1078 1103 1102)
4(1102 1103 1128 1127)
4(1127 1128 1153 1152)
4(1152 1153 1178 1177)
4(1177 1178 1203 1202)
4(1202 1203 1228 1227)
4(1227 1228 1253 1252)
4(1252 1253 1278 1277)
4(1277 1278 1303 1302)
4(1302 1303 1328 1327)
4(1327 1328 1353 1352)
4(1352 1353 1378 1377)
4(1377 1378 1403 1402)
4(1402 1403 1428 1427)
4(1427 1428 1453 1452)
4(1452 1453 1478 1477)
4(1477 1478 1503 1502)
4(1502 1503 1528 1527)
4(1527 1528 1553 1552)
4(1552 1553 1578 1577)
4(1577 1578 1603 1602)
4(1602 1603 1628 1627)
4(828 829 854 853)
4(853 854 879 878)
4(878 879 904 903)
4(903 904 929 928)
4(928 929 954 953)
4(953 954 979 978)
4(978 979 1004 1003)
4(1003 1004 1029 1028)
4(1028 1029 1054 1053)
4(1053 1054 1079 1078)
4(1078 1079 1104 1103)
4(1103 1104 1129 1128)
4(1128 1129 1154 1153)
4(1153 1154 1179 1178)
4(1178 1179 1204 1203)
4(1203 1204 1229 1228)
4(1228 1229 1254 1253)
4(1253 1254 1279 1278)
4(1278 1279 1304 1303)
4(1303 1304 1329 1328)
4(1328 1329 1354 1353)
4(1353 1354 1379 1378)
4(1378 1379 1404 1403)
4(1403 1404 1429 1428)
4(1428 1429 1454 1453)
4(1453 1454 1479 1478)
4(1478 1479 1504 1503)
4(1503 1504 1529 1528)
4(1528 1529 1554 1553)
4(1553 1554 1579 1578)
4(1578 1579 1604 1603)
4(1603 1604 1629 1628)
4(829 830 855 854)
4(854 855 880 879)
4(879 880 905 904)
4(904 905 930 929)
4(929 930 955 954)
4(954 955 980 979)
4(979 980 1005 1004)
4(1004 1005 1030 1029)
4(1029 1030 1055 1054)
4(1054 1055 1080 1079)
4(1079 1080 1105 1104)
4(1104 1105 1130 1129)
4(1129 1130 1155 1154)
4(1154 1155 1180 1179)
4(1179 1180 1205 1204)
4(1204 1205 1230 1229)
4(1229 1230 1255 1254)
4(1254 1255 1280 1279)
4(1279 1280 1305 1304)
4(1304 1305 1330 1329)
4(1329 1330 1355 1354)
4(1354 1355 1380 1379)
4(1379 1380 1405 1404)
4(1404 1405 1430 1429)
4(1429 1430 1455 1454)
4(1454 1455 1480 1479)
4(1479 1480 1505 1504)
4(1504 1505 1530 1529)
4(1529 1530 1555 1554)
4(1554 1555 1580 1579)
4(1579 1580 1605 1604)
4(1604 1605 1630 1629)
4(830 831 856 855)
4(855 856 881 880)
4(880 881 906 905)
4(905 906 931 930)
4(930 931 956 955)
4(955 956 981 980)
4(980 981 1006 1005)
4(1005 1006 1031 1030)
4(1030 1031 1056 1055)
4(1055 1056 1081 1080)
4(1080 1081 1106 1105)
4(1105 1106 1131 1130)
4(1130 1131 1156 1155)
4(1155 1156 1181 1180)
4(1180 1181 1206 1205)
4(1205 1206 1231 1230)
4(1230 1231 1256 1255)
4(1255 1256 1281 1280)
4(1280 1281 1306 1305)
4(1305 1306 1331 1330)
4(1330 1331 1356 1355)
4(1355 1356 1381 1380)
4(1380 1381 1406 1405)
4(1405 1406 1431 1430)
4(1430 1431 1456 1455)
4(1455 1456 1481 1480)
4(1480 1481 1506 1505)
4(1505 1506 1531 1530)
4(1530 1531 1556 1555)
4(1555 1556 1581 1580)
4(1580 1581 1606 1605)
4(1605 1606 1631 1630)
4(831 832 857 856)
4(856 857 882 881)
4(881 882 907 906)
4(906 907 932 931)
4(931 932 957 956)
4(956 957 982 981)
4(981 982 1007 1006)
4(1006 1007 1032 1031)
4(1031 1032 1057 1056)
4(1056 1057 1082 1081)
4(1081 1082 1107 1106)
4(1106 1107 1132 1131)
4(1131 1132 1157 1156)
4(1156 1157 1182 1181)
4(1181 1182 1207 1206)
4(1206 1207 1232 1231)
4(1231 1232 1257 1256)
4(1256 1257 1282 1281)
4(1281 1282 1307 1306)
4(1306 1307 1332 1331)
4(1331 1332 1357 1356)
4(1356 1357 1382 1381)
4(1381 1382 1407 1406)
4(1406 1407 1432 1431)
4(1431 1432 1457 1456)
4(1456 1457 1482 1481)
4(1481 1482 1507 1506)
4(1506 1507 1532 1531)
4(1531 1532 1557 1556)
4(1556 1557 1582 1581)
4(1581 1582 1607 1606)
4(1606 1607 1632 1631)
4(832 833 858 857)
4(857 858 883 882)
4(882 883 908 907)
4(907 908 933 932)
4(932 933 958 957)
4(957 958 983 982)
4(982 983 1008 1007)
4(1007 1008 1033 1032)
4(1032 1033 1058 1057)
4(1057 1058 1083 1082)
4(1082 1083 1108 1107)
4(1107 1108 1133 1132)
4(1132 1133 1158 1157)
4(1157 1158 1183 1182)
4(1182 1183 1208 1207)
4(1207 1208 1233 1232)
4(1232 1233 1258 1257)
4(1257 1258 1283 1282)
4(1282 1283 1308 1307)
4(1307 1308 1333 1332)
4(1332 1333 1358 1357)
4(1357 1358 1383 1382)
4(1382 1383 1408 1407)
4(1407 1408 1433 1432)
4(1432 1433 1458 1457)
4(1457 1458 1483 1482)
4(1482 1483 1508 1507)
4(1507 1508 1533 1532)
4(1532 1533 1558 1557)
4(1557 1558 1583 1582)
4(1582 1583 1608 1607)
4(1607 1608 1633 1632)
4(833 834 859 858)
4(858 859 884 883)
4(883 884 909 908)
4(908 909 934 933)
4(933 934 959 958)
4(958 959 984 983)
4(983 984 1009 1008)
4(1008 1009 1034 1033)
4(1033 1034 1059 1058)
4(1058 1059 1084 1083)
4(1083 1084 1109 1108)
4(1108 1109 1134 1133)
4(1133 1134 1159 1158)
4(1158 1159 1184 1183)
4(1183 1184 1209 1208)
4(1208 1209 1234 1233)
4(1233 1234 1259 1258)
4(1258 1259 1284 1283)
4(1283 1284 1309 1308)
4(1308 1309 1334 1333)
4(1333 1334 1359 1358)
4(1358 1359 1384 1383)
4(1383 1384 1409 1408)
4(1408 1409 1434 1433)
4(1433 1434 1459 1458)
4(1458 1459 1484 1483)
4(1483 1484 1509 1508)
4(1508 1509 1534 1533)
4(1533 1534 1559 1558)
4(1558 1559 1584 1583)
4(1583 1584 1609 1608)
4(1608 1609 1634 1633)
4(834 835 860 859)
4(859 860 885 884)
4(884 885 910 909)
4(909 910 935 934)
4(934 935 960 959)
4(959 960 985 984)
4(984 985 1010 1009)
4(1009 1010 1035 1034)
4(1034 1035 1060 1059)
4(1059 1060 1085 1084)
4(1084 1085 1110 1109)
4(1109 1110 1135 1134)
4(1134 1135 1160 1159)
4(1159 1160 1185 1184)
4(1184 1185 1210 1209)
4(1209 1210 1235 1234)
4(1234 1235 1260 1259)
4(1259 1260 1285 1284)
4(1284 1285 1310 1309)
4(1309 1310 1335 1334)
4(1334 1335 1360 1359)
4(1359 1360 1385 1384)
4(1384 1385 1410 1409)
4(1409 1410 1435 1434)
4(1434 1435 1460 1459)
4(1459 1460 1485 1484)
4(1484 1485 1510 1509)
4(1509 1510 1535 1534)
4(1534 1535 1560 1559)
4(1559 1560 1585 1584)
4(1584 1585 1610 1609)
4(1609 1610 1635 1634)
4(835 836 861 860)
4(860 861 886 885)
4(885 886 911 910)
4(910 911 936 935)
4(935 936 961 960)
4(960 961 986 985)
4(985 986 1011 1010)
4(1010 1011 1036 1035)
4(1035 1036 1061 1060)
4(1060 1061 1086 1085)
4(1085 1086 1111 1110)
4(1110 1111 1136 1135)
4(1135 1136 1161 1160)
4(1160 1161 1186 1185)
4(1185 1186 1211 1210)
4(1210 1211 1236 1235)
4(1235 1236 1261 1260)
4(1260 1261 1286 1285)
4(1285 1286 1311 1310)
4(1310 1311 1336 1335)
4(1335 1336 1361 1360)
4(1360 1361 1386 1385)
4(1385 1386 1411 1410)
4(1410 1411 1436 1435)
4(1435 1436 1461 1460)
4(1460 1461 1486 1485)
4(1485 1486 1511 1510)
4(1510 1511 1536 1535)
4(1535 1536 1561 1560)
4(1560 1561 1586 1585)
4(1585 1586 1611 1610)
4(1610 1611 1636 1635)
4(836 837 862 861)
4(861 862 887 886)
4(886 887 912 911)
4(911 912 937 936)
4(936 937 962 961)
4(961 962 987 986)
4(986 987 1012 1011)
4(1011 1012 1037 1036)
4(1036 1037 1062 1061)
4(1061 1062 1087 1086)
4(1086 1087 1112 1111)
4(1111 1112 1137 1136)
4(1136 1137 1162 1161)
4(1161 1162 1187 1186)
4(1186 1187 1212 1211)
4(1211 1212 1237 1236)
4(1236 1237 1262 1261)
4(1261 1262 1287 1286)
4(1286 1287 1312 1311)
4(1311 1312 1337 1336)
4(1336 1337 1362 1361)
4(1361 1362 1387 1386)
4(1386 1387 1412 1411)
4(1411 1412 1437 1436)
4(1436 1437 1462 1461)
4(1461 1462 1487 1486)
4(1486 1487 1512 1511)
4(1511 1512 1537 1536)
4(1536 1537 1562 1561)
4(1561 1562 1587 1586)
4(1586 1587 1612 1611)
4(1611 1612 1637 1636)
4(837 838 863 862)
4(862 863 888 887)
4(887 888 913 912)
4(912 913 938 937)
4(937 938 963 962)
4(962 963 988 987)
4(987 988 1013 1012)
4(1012 1013 1038 1037)
4(1037 1038 1063 1062)
4(1062 1063 1088 1087)
4(1087 1088 1113 1112)
4(1112 1113 1138 1137)
4(1137 1138 1163 1162)
4(1162 1163 1188 1187)
4(1187 1188 1213 1212)
4(1212 1213 1238 1237)
4(1237 1238 1263 1262)
4(1262 1263 1288 1287)
4(1287 1288 1313 1312)
4(1312 1313 1338 1337)
4(1337 1338 1363 1362)
4(1362 1363 1388 1387)
4(1387 1388 1413 1412)
4(1412 1413 1438 1437)
4(1437 1438 1463 1462)
4(1462 1463 1488 1487)
4(1487 1488 1513 1512)
4(1512 1513 1538 1537)
4(1537 1538 1563 1562)
4(1562 1563 1588 1587)
4(1587 1588 1613 1612)
4(1612 1613 1638 1637)
4(838 839 864 863)
4(863 864 889 888)
4(888 889 914 913)
4(913 914 939 938)
4(938 939 964 963)
4(963 964 989 988)
4(988 989 1014 1013)
4(1013 1014 1039 1038)
4(1038 1039 1064 1063)
4(1063 1064 1089 1088)
4(1088 1089 1114 1113)
4(1113 1114 1139 1138)
4(1138 1139 1164 1163)
4(1163 1164 1189 1188)
4(1188 1189 1214 1213)
4(1213 1214 1239 1238)
4(1238 1239 1264 1263)
4(1263 1264 1289 1288)
4(1288 1289 1314 1313)
4(1313 1314 1339 1338)
4(1338 1339 1364 1363)
4(1363 1364 1389 1388)
4(1388 1389 1414 1413)
4(1413 1414 1439 1438)
4(1438 1439 1464 1463)
4(1463 1464 1489 1488)
4(1488 1489 1514 1513)
4(1513 1514 1539 1538)
4(1538 1539 1564 1563)
4(1563 1564 1589 1588)
4(1588 1589 1614 1613)
4(1613 1614 1639 1638)
4(839 840 865 864)
4(864 865 890 889)
4(889 890 915 914)
4(914 915 940 939)
4(939 940 965 964)
4(964 965 990 989)
4(989 990 1015 1014)
4(1014 1015 1040 1039)
4(1039 1040 1065 1064)
4(1064 1065 1090 1089)
4(1089 1090 1115 1114)
4(1114 1115 1140 1139)
4(1139 1140 1165 1164)
4(1164 1165 1190 1189)
4(1189 1190 1215 1214)
4(1214 1215 1240 1239)
4(1239 1240 1265 1264)
4(1264 1265 1290 1289)
4(1289 1290 1315 1314)
4(1314 1315 1340 1339)
4(1339 1340 1365 1364)
4(1364 1365 1390 1389)
4(1389 1390 1415 1414)
4(1414 1415 1440 1439)
4(1439 1440 1465 1464)
4(1464 1465 1490 1489)
4(1489 1490 1515 1514)
4(1514 1515 1540 1539)
4(1539 1540 1565 1564)
4(1564 1565 1590 1589)
4(1589 1590 1615 1614)
4(1614 1615 1640 1639)
4(840 841 866 865)
4(865 866 891 890)
4(890 891 916 915)
4(915 916 941 940)
4(940 941 966 965)
4(965 966 991 990)
4(990 991 1016 1015)
4(1015 1016 1041 1040)
4(1040 1041 1066 1065)
4(1065 1066 1091 1090)
4(1090 1091 1116 1115)
4(1115 1116 1141 1140)
4(1140 1141 1166 1165)
4(1165 1166 1191 1190)
4(1190 1191 1216 1215)
4(1215 1216 1241 1240)
4(1240 1241 1266 1265)
4(1265 1266 1291 1290)
4(1290 1291 1316 1315)
4(1315 1316 1341 1340)
4(1340 1341 1366 1365)
4(1365 1366 1391 1390)
4(1390 1391 1416 1415)
4(1415 1416 1441 1440)
4(1440 1441 1466 1465)
4(1465 1466 1491 1490)
4(1490 1491 1516 1515)
4(1515 1516 1541 1540)
4(1540 1541 1566 1565)
4(1565 1566 1591 1590)
4(1590 1591 1616 1615)
4(1615 1616 1641 1640)
4(841 842 867 866)
4(866 867 892 891)
4(891 892 917 916)
4(916 917 942 941)
4(941 942 967 966)
4(966 967 992 991)
4(991 992 1017 1016)
4(1016 1017 1042 1041)
4(1041 1042 1067 1066)
4(1066 1067 1092 1091)
4(1091 1092 1117 1116)
4(1116 1117 1142 1141)
4(1141 1142 1167 1166)
4(1166 1167 1192 1191)
4(1191 1192 1217 1216)
4(1216 1217 1242 1241)
4(1241 1242 1267 1266)
4(1266 1267 1292 1291)
4(1291 1292 1317 1316)
4(1316 1317 1342 1341)
4(1341 1342 1367 1366)
4(1366 1367 1392 1391)
4(1391 1392 1417 1416)
4(1416 1417 1442 1441)
4(1441 1442 1467 1466)
4(1466 1467 1492 1491)
4(1491 1492 1517 1516)
4(1516 1517 1542 1541)
4(1541 1542 1567 1566)
4(1566 1567 1592 1591)
4(1591 1592 1617 1616)
4(1616 1617 1642 1641)
4(842 843 868 867)
4(867 868 893 892)
4(892 893 918 917)
4(917 918 943 942)
4(942 943 968 967)
4(967 968 993 992)
4(992 993 1018 1017)
4(1017 1018 1043 1042)
4(1042 1043 1068 1067)
4(1067 1068 1093 1092)
4(1092 1093 1118 1117)
4(1117 1118 1143 1142)
4(1142 1143 1168 1167)
4(1167 1168 1193 1192)
4(1192 1193 1218 1217)
4(1217 1218 1243 1242)
4(1242 1243 1268 1267)
4(1267 1268 1293 1292)
4(1292 1293 1318 1317)
4(1317 1318 1343 1342)
4(1342 1343 1368 1367)
4(1367 1368 1393 1392)
4(1392 1393 1418 1417)
4(1417 1418 1443 1442)
4(1442 1443 1468 1467)
4(1467 1468 1493 1492)
4(1492 1493 1518 1517)
4(1517 1518 1543 1542)
4(1542 1543 1568 1567)
4(1567 1568 1593 1592)
4(1592 1593 1618 1617)
4(1617 1618 1643 1642)
4(843 844 869 868)
4(868 869 894 893)
4(893 894 919 918)
4(918 919 944 943)
4(943 944 969 968)
4(968 969 994 993)
4(993 994 1019 1018)
4(1018 1019 1044 1043)
4(1043 1044 1069 1068)
4(1068 1069 1094 1093)
4(1093 1094 1119 1118)
4(1118 1119 1144 1143)
4(1143 1144 1169 1168)
4(1168 1169 1194 1193)
4(1193 1194 1219 1218)
4(1218 1219 1244 1243)
4(1243 1244 1269 1268)
4(1268 1269 1294 1293)
4(1293 1294 1319 1318)
4(1318 1319 1344 1343)
4(1343 1344 1369 1368)
4(1368 1369 1394 1393)
4(1393 1394 1419 1418)
4(1418 1419 1444 1443)
4(1443 1444 1469 1468)
4(1468 1469 1494 1493)
4(1493 1494 1519 1518)
4(1518 1519 1544 1543)
4(1543 1544 1569 1568)
4(1568 1569 1594 1593)
4(1593 1594 1619 1618)
4(1618 1619 1644 1643)
4(844 845 870 869)
4(869 870 895 894)
4(894 895 920 919)
4(919 920 945 944)
4(944 945 970 969)
4(969 970 995 994)
4(994 995 1020 1019)
4(1019 1020 1045 1044)
4(1044 1045 1070 1069)
4(1069 1070 1095 1094)
4(1094 1095 1120 1119)
4(1119 1120 1145 1144)
4(1144 1145 1170 1169)
4(1169 1170 1195 1194)
4(1194 1195 1220 1219)
4(1219 1220 1245 1244)
4(1244 1245 1270 1269)
4(1269 1270 1295 1294)
4(1294 1295 1320 1319)
4(1319 1320 1345 1344)
4(1344 1345 1370 1369)
4(1369 1370 1395 1394)
4(1394 1395 1420 1419)
4(1419 1420 1445 1444)
4(1444 1445 1470 1469)
4(1469 1470 1495 1494)
4(1494 1495 1520 1519)
4(1519 1520 1545 1544)
4(1544 1545 1570 1569)
4(1569 1570 1595 1594)
4(1594 1595 1620 1619)
4(1619 1620 1645 1644)
4(845 846 871 870)
4(870 871 896 895)
4(895 896 921 920)
4(920 921 946 945)
4(945 946 971 970)
4(970 971 996 995)
4(995 996 1021 1020)
4(1020 1021 1046 1045)
4(1045 1046 1071 1070)
4(1070 1071 1096 1095)
4(1095 1096 1121 1120)
4(1120 1121 1146 1145)
4(1145 1146 1171 1170)
4(1170 1171 1196 1195)
4(1195 1196 1221 1220)
4(1220 1221 1246 1245)
4(1245 1246 1271 1270)
4(1270 1271 1296 1295)
4(1295 1296 1321 1320)
4(1320 1321 1346 1345)
4(1345 1346 1371 1370)
4(1370 1371 1396 1395)
4(1395 1396 1421 1420)
4(1420 1421 1446 1445)
4(1445 1446 1471 1470)
4(1470 1471 1496 1495)
4(1495 1496 1521 1520)
4(1520 1521 1546 1545)
4(1545 1546 1571 1570)
4(1570 1571 1596 1595)
4(1595 1596 1621 1620)
4(1620 1621 1646 1645)
4(846 847 872 871)
4(871 872 897 896)
4(896 897 922 921)
4(921 922 947 946)
4(946 947 972 971)
4(971 972 997 996)
4(996 997 1022 1021)
4(1021 1022 1047 1046)
4(1046 1047 1072 1071)
4(1071 1072 1097 1096)
4(1096 1097 1122 1121)
4(1121 1122 1147 1146)
4(1146 1147 1172 1171)
4(1171 1172 1197 1196)
4(1196 1197 1222 1221)
4(1221 1222 1247 1246)
4(1246 1247 1272 1271)
4(1271 1272 1297 1296)
4(1296 1297 1322 1321)
4(1321 1322 1347 1346)
4(1346 1347 1372 1371)
4(1371 1372 1397 1396)
4(1396 1397 1422 1421)
4(1421 1422 1447 1446)
4(1446 1447 1472 1471)
4(1471 1472 1497 1496)
4(1496 1497 1522 1521)
4(1521 1522 1547 1546)
4(1546 1547 1572 1571)
4(1571 1572 1597 1596)
4(1596 1597 1622 1621)
4(1621 1622 1647 1646)
4(847 848 873 872)
4(872 873 898 897)
4(897 898 923 922)
4(922 923 948 947)
4(947 948 973 972)
4(972 973 998 997)
4(997 998 1023 1022)
4(1022 1023 1048 1047)
4(1047 1048 1073 1072)
4(1072 1073 1098 1097)
4(1097 1098 1123 1122)
4(1122 1123 1148 1147)
4(1147 1148 1173 1172)
4(1172 1173 1198 1197)
4(1197 1198 1223 1222)
4(1222 1223 1248 1247)
4(1247 1248 1273 1272)
4(1272 1273 1298 1297)
4(1297 1298 1323 1322)
4(1322 1323 1348 1347)
4(1347 1348 1373 1372)
4(1372 1373 1398 1397)
4(1397 1398 1423 1422)
4(1422 1423 1448 1447)
4(1447 1448 1473 1472)
4(1472 1473 1498 1497)
4(1497 1498 1523 1522)
4(1522 1523 1548 1547)
4(1547 1548 1573 1572)
4(1572 1573 1598 1597)
4(1597 1598 1623 1622)
4(1622 1623 1648 1647)
4(848 849 874 873)
4(873 874 899 898)
4(898 899 924 923)
4(923 924 949 948)
4(948 949 974 973)
4(973 974 999 998)
4(998 999 1024 1023)
4(1023 1024 1049 1048)
4(1048 1049 1074 1073)
4(1073 1074 1099 1098)
4(1098 1099 1124 1123)
4(1123 1124 1149 1148)
4(1148 1149 1174 1173)
4(1173 1174 1199 1198)
4(1198 1199 1224 1223)
4(1223 1224 1249 1248)
4(1248 1249 1274 1273)
4(1273 1274 1299 1298)
4(1298 1299 1324 1323)
4(1323 1324 1349 1348)
4(1348 1349 1374 1373)
4(1373 1374 1399 1398)
4(1398 1399 1424 1423)
4(1423 1424 1449 1448)
4(1448 1449 1474 1473)
4(1473 1474 1499 1498)
4(1498 1499 1524 1523)
4(1523 1524 1549 1548)
4(1548 1549 1574 1573)
4(1573 1574 1599 1598)
4(1598 1599 1624 1623)
4(1623 1624 1649 1648)
4(0 25 26 1)
4(25 50 51 26)
4(50 75 76 51)
4(75 100 101 76)
4(100 125 126 101)
4(125 150 151 126)
4(150 175 176 151)
4(175 200 201 176)
4(200 225 226 201)
4(225 250 251 226)
4(250 275 276 251)
4(275 300 301 276)
4(300 325 326 301)
4(325 350 351 326)
4(350 375 376 351)
4(375 400 401 376)
4(400 425 426 401)
4(425 450 451 426)
4(450 475 476 451)
4(475 500 501 476)
4(500 525 526 501)
4(525 550 551 526)
4(550 575 576 551)
4(575 600 601 576)
4(600 625 626 601)
4(625 650 651 626)
4(650 675 676 651)
4(675 700 701 676)
4(700 725 726 701)
4(725 750 751 726)
4(750 775 776 751)
4(775 800 801 776)
4(1 26 27 2)
4(26 51 52 27)
4(51 76 77 52)
4(76 101 102 77)
4(101 126 127 102)
4(126 151 152 127)
4(151 176 177 152)
4(176 201 202 177)
4(201 226 227 202)
4(226 251 252 227)
4(251 276 277 252)
4(276 301 302 277)
4(301 326 327 302)
4(326 351 352 327)
4(351 376 377 352)
4(376 401 402 377)
4(401 426 427 402)
4(426 451 452 427)
4(451 476 477 452)
4(476 501 502 477)
4(501 526 527 502)
4(526 551 552 527)
4(551 576 577 552)
4(576 601 602 577)
4(601 626 627 602)
4(626 651 652 627)
4(651 676 677 652)
4(676 701 702 677)
4(701 726 727 702)
4(726 751 752 727)
4(751 776 777 752)
4(776 801 802 777)
4(2 27 28 3)
4(27 52 53 28)
4(52 77 78 53)
4(77 102 103 78)
4(102 127 128 103)
4(127 152 153 128)
4(152 177 178 153)
4(177 202 203 178)
4(202 227 228 203)
4(227 252 253 228)
4(252 277 278 253)
4(277 302 303 278)
4(302 327 328 303)
4(327 352 353 328)
4(352 377 378 353)
4(377 402 403 378)
4(402 427 428 403)
4(427 452 453 428)
4(452 477 478 453)
4(477 502 503 478)
4(502 527 528 503)
4(527 552 553 528)
4(552 577 578 553)
4(577 602 603 578)
4(602 627 628 603)
4(627 652 653 628)
4(652 677 678 653)
4(677 702 703 678)
4(702 727 728 703)
4(727 752 753 728)
4(752 777 778 753)
4(777 802 803 778)
4(3 28 29 4)
4(28 53 54 29)
4(53 78 79 54)
4(78 103 104 79)
4(103 128 129 104)
4(128 153 154 129)
4(153 178 179 154)
4(178 203 204 179)
4(203 228 229 204)
4(228 253 254 229)
4(253 278 279 254)
4(278 303 304 279)
4(303 328 329 304)
4(328 353 354 329)
4(353 378 379 354)
4(378 403 404 379)
4(403 428 429 404)
4(428 453 454 429)
4(453 478 479 454)
4(478 503 504 479)
4(503 528 529 504)
4(528 553 554 529)
4(553 578 579 554)
4(578 603 604 579)
4(603 628 629 604)
4(628 653 654 629)
4(653 678 679 654)
4(678 703 704 679)
4(703 728 729 704)
4(728 753 754 729)
4(753 778 779 754)
4(778 803 804 779)
4(4 29 30 5)
4(29 54 55 30)
4(54 79 80 55)
4(79 104 105 80)
4(104 129 130 105)
4(129 154 155 130)
4(154 179 180 155)
4(179 204 205 180)
4(204 229 230 205)
4(229 254 255 230)
4(254 279 280 255)
4(279 304 305 280)
4(304 329 330 305)
4(329 354 355 330)
4(354 379 380 355)
4(379 404 405 380)
4(404 429 430 405)
4(429 454 455 430)
4(454 479 480 455)
4(479 504 505 480)
4(504 529 530 505)
4(529 554 555 530)
4(554 579 580 555)
4(579 604 605 580)
4(604 629 630 605)
4(629 654 655 630)
4(654 679 680 655)
4(679 704 705 680)
4(704 729 730 705)
4(729 754 755 730)
4(754 779 780 755)
4(779 804 805 780)
4(5 30 31 6)
4(30 55 56 31)
4(55 80 81 56)
4(80 105 106 81)
4(105 130 131 106)
4(130 155 156 131)
4(155 180 181 156)
4(180 205 206 181)
4(205 230 231 206)
4(230 255 256 231)
4(255 280 281 256)
4(280 305 306 281)
4(305 330 331 306)
4(330 355 356 331)
4(355 380 381 356)
4(380 405 406 381)
4(405 430 431 406)
4(430 455 456 431)
4(455 480 481 456)
4(480 505 506 481)
4(505 530 531 506)
4(530 555 556 531)
4(555 580 581 556)
4(580 605 606 581)
4(605 630 631 606)
4(630 655 656 631)
4(655 680 681 656)
4(680 705 706 681)
4(705 730 731 706)
4(730 755 756 731)
4(755 780 781 756)
4(780 805 806 781)
4(6 31 32 7)
4(31 56 57 32)
4(56 81 82 57)
4(81 106 107 82)
4(106 131 132 107)
4(131 156 157 132)
4(156 181 182 157)
4(181 206 207 182)
4(206 231 232 207)
4(231 256 257 232)
4(256 281 282 257)
4(281 306 307 282)
4(306 331 332 307)
4(331 356 357 332)
4(356 381 382 357)
4(381 406 407 382)
4(406 431 432 407)
4(431 456 457 432)
4(456 481 482 457)
4(481 506 507 482)
4(506 531 532 507)
4(531 556 557 532)
4(556 581 582 557)
4(581 606 607 582)
4(606 631 632 607)
4(631 656 657 632)
4(656 681 682 657)
4(681 706 707 682)
4(706 731 732 707)
4(731 756 757 732)
4(756 781 782 757)
4(781 806 807 782)
4(7 32 33 8)
4(32 57 58 33)
4(57 82 83 58)
4(82 107 108 83)
4(107 132 133 108)
4(132 157 158 133)
4(157 182 183 158)
4(182 207 208 183)
4(207 232 233 208)
4(232 257 258 233)
4(257 282 283 258)
4(282 307 308 283)
4(307 332 333 308)
4(332 357 358 333)
4(357 382 383 358)
4(382 407 408 383)
4(407 432 433 408)
4(432 457 458 433)
4(457 482 483 458)
4(482 507 508 483)
4(507 532 533 508)
4(532 557 558 533)
4(557 582 583 558)
4(582 607 608 583)
4(607 632 633 608)
4(632 657 658 633)
4(657 682 683 658)
4(682 707 708 683)
4(707 732 733 708)
4(732 757 758 733)
4(757 782 783 758)
4(782 807 808 783)
4(8 33 34 9)
4(33 58 59 34)
4(58 83 84 59)
4(83 108 109 84)
4(108 133 134 109)
4(133 158 159 134)
4(158 183 184 159)
4(183 208 209 184)
4(208 233 234 209)
4(233 258 259 234)
4(258 283 284 259)
4(283 308 309 284)
4(308 333 334 309)
4(333 358 359 334)
4(358 383 384 359)
4(383 408 409 384)
4(408 433 434 409)
4(433 458 459 434)
4(458 483 484 459)
4(483 508 509 484)
4(508 533 534 509)
4(533 558 559 534)
4(558 583 584 559)
4(583 608 609 584)
4(608 633 634 609)
4(633 658 659 634)
4(658 683 684 659)
4(683 708 709 684)
4(708 733 734 709)
4(733 758 759 734)
4(758 783 784 759)
4(783 808 809 784)
4(9 34 35 10)
4(34 59 60 35)
4(59 84 85 60)
4(84 109 110 85)
4(109 134 135 110)
4(134 159 160 135)
4(159 184 185 160)
4(184 209 210 185)
4(209 234 235 210)
4(234 259 260 235)
4(259 284 285 260)
4(284 309 310 285)
4(309 334 335 310)
4(334 359 360 335)
4(359 384 385 360)
4(384 409 410 385)
4(409 434 435 410)
4(434 459 460 435)
4(459 484 485 460)
4(484 509 510 485)
4(509 534 535 510)
4(534 559 560 535)
4(559 584 585 560)
4(584 609 610 585)
4(609 634 635 610)
4(634 659 660 635)
4(659 684 685 660)
4(684 709 710 685)
4(709 734 735 710)
4(734 759 760 735)
4(759 784 785 760)
4(784 809 810 785)
4(10 35 36 11)
4(35 60 61 36)
4(60 85 86 61)
4(85 110 111 86)
4(110 135 136 111)
4(135 160 161 136)
4(160 185 186 161)
4(185 210 211 186)
4(210 235 236 211)
4(235 260 261 236)
4(260 285 286 261)
4(285 310 311 286)
4(310 335 336 311)
4(335 360 361 336)
4(360 385 386 361)
4(385 410 411 386)
4(410 435 436 411)
4(435 460 461 436)
4(460 485 486 461)
4(485 510 511 486)
4(510 535 536 511)
4(535 560 561 536)
4(560 585 586 561)
4(585 610 611 586)
4(610 635 636 611)
4(635 660 661 636)
4(660 685 686 661)
4(685 710 711 686)
4(710 735 736 711)
4(735 760 761 736)
4(760 785 786 761)
4(785 810 811 786)
4(11 36 37 12)
4(36 61 62 37)
4(61 86 87 62)
4(86 111 112 87)
4(111 136 137 112)
4(136 161 162 137)
4(161 186 187 162)
4(186 211 212 187)
4(211 236 237 212)
4(236 261 262 237)
4(261 286 287 262)
4(286 311 312 287)
4(311 336 337 312)
4(336 361 362 337)
4(361 386 387 362)
4(386 411 412 387)
4(411 436 437 412)
4(436 461 462 437)
4(461 486 487 462)
4(486 511 512 487)
4(511 536 537 512)
4(536 561 562 537)
4(561 586 587 562)
4(586 611 612 587)
4(611 636 637 612)
4(636 661 662 637)
4(661 686 687 662)
4(686 711 712 687)
4(711 736 737 712)
4(736 761 762 737)
4(761 786 787 762)
4(786 811 812 787)
4(12 37 38 13)
4(37 62 63 38)
4(62 87 88 63)
4(87 112 113 88)
4(112 137 138 113)
4(137 162 163 138)
4(162 187 188 163)
4(187 212 213 188)
4(212 237 238 213)
4(237 262 263 238)
4(262 287 288 263)
4(287 312 313 288)
4(312 337 338 313)
4(337 362 363 338)
4(362 387 388 363)
4(387 412 413 388)
4(412 437 438 413)
4(437 462 463 438)
4(462 487 488 463)
4(487 512 513 488)
4(512 537 538 513)
4(537 562 563 538)
4(562 587 588 563)
4(587 612 613 588)
4(612 637 638 613)
4(637 662 663 638)
4(662 687 688 663)
4(687 712 713 688)
4(712 737 738 713)
4(737 762 763 738)
4(762 787 788 763)
4(787 812 813 788)
4(13 38 39 14)
4(38 63 64 39)
4(63 88 89 64)
4(88 113 114 89)
4(113 138 139 114)
4(138 163 164 139)
4(163 188 189 164)
4(188 213 214 189)
4(213 238 239 214)
4(238 263 264 239)
4(263 288 289 264)
4(288 313 314 289)
4(313 338 339 314)
4(338 363 364 339)
4(363 388 389 364)
4(388 413 414 389)
4(413 438 439 414)
4(438 463 464 439)
4(463 488 489 464)
4(488 513 514 489)
4(513 538 539 514)
4(538 563 564 539)
4(563 588 589 564)
4(588 613 614 589)
4(613 638 639 614)
4(638 663 664 639)
4(663 688 689 664)
4(688 713 714 689)
4(713 738 739 714)
4(738 763 764 739)
4(763 788 789 764)
4(788 813 814 789)
4(14 39 40 15)
4(39 64 65 40)
4(64 89 90 65)
4(89 114 115 90)
4(114 139 140 115)
4(139 164 165 140)
4(164 189 190 165)
4(189 214 215 190)
4(214 239 240 215)
4(239 264 265 240)
4(264 289 290 265)
4(289 314 315 290)
4(314 339 340 315)
4(339 364 365 340)
4(364 389 390 365)
4(389 414 415 390)
4(414 439 440 415)
4(439 464 465 440)
4(464 489 490 465)
4(489 514 515 490)
4(514 539 540 515)
4(539 564 565 540)
4(564 589 590 565)
4(589 614 615 590)
4(614 639 640 615)
4(639 664 665 640)
4(664 689 690 665)
4(689 714 715 690)
4(714 739 740 715)
4(739 764 765 740)
4(764 789 790 765)
4(789 814 815 790)
4(15 40 41 16)
4(40 65 66 41)
4(65 90 91 66)
4(90 115 116 91)
4(115 140 141 116)
4(140 165 166 141)
4(165 190 191 166)
4(190 215 216 191)
4(215 240 241 216)
4(240 265 266 241)
4(265 290 291 266)
4(290 315 316 291)
4(315 340 341 316)
4(340 365 366 341)
4(365 390 391 366)
4(390 415 416 391)
4(415 440 441 416)
4(440 465 466 441)
4(465 490 491 466)
4(490 515 516 491)
4(515 540 541 516)
4(540 565 566 541)
4(565 590 591 566)
4(590 615 616 591)
4(615 640 641 616)
4(640 665 666 641)
4(665 690 691 666)
4(690 715 716 691)
4(715 740 741 716)
4(740 765 766 741)
4(765 790 791 766)
4(790 815 816 791)
4(16 41 42 17)
4(41 66 67 42)
4(66 91 92 67)
4(91 116 117 92)
4(116 141 142 117)
4(141 166 167 142)
4(166 191 192 167)
4(191 216 217 192)
4(216 241 242 217)
4(241 266 267 242)
4(266 291 292 267)
4(291 316 317 292)
4(316 341 342 317)
4(341 366 367 342)
4(366 391 392 367)
4(391 416 417 392)
4(416 441 442 417)
4(441 466 467 442)
4(466 491 492 467)
4(491 516 517 492)
4(516 541 542 517)
4(541 566 567 542)
4(566 591 592 567)
4(591 616 617 592)
4(616 641 642 617)
4(641 666 667 642)
4(666 691 692 667)
4(691 716 717 692)
4(716 741 742 717)
4(741 766 767 742)
4(766 791 792 767)
4(791 816 817 792)
4(17 42 43 18)
4(42 67 68 43)
4(67 92 93 68)
4(92 117 118 93)
4(117 142 143 118)
4(142 167 168 143)
4(167 192 193 168)
4(192 217 218 193)
4(217 242 243 218)
4(242 267 268 243)
4(267 292 293 268)
4(292 317 318 293)
4(317 342 343 318)
4(342 367 368 343)
4(367 392 393 368)
4(392 417 418 393)
4(417 442 443 418)
4(442 467 468 443)
4(467 492 493 468)
4(492 517 518 493)
4(517 542 543 518)
4(542 567 568 543)
4(567 592 593 568)
4(592 617 618 593)
4(617 642 643 618)
4(642 667 668 643)
4(667 692 693 668)
4(692 717 718 693)
4(717 742 743 718)
4(742 767 768 743)
4(767 792 793 768)
4(792 817 818 793)
4(18 43 44 19)
4(43 68 69 44)
4(68 93 94 69)
4(93 118 119 94)
4(118 143 144 119)
4(143 168 169 144)
4(168 193 194 169)
4(193 218 219 194)
4(218 243 244 219)
4(243 268 269 244)
4(268 293 294 269)
4(293 318 319 294)
4(318 343 344 319)
4(343 368 369 344)
4(368 393 394 369)
4(393 418 419 394)
4(418 443 444 419)
4(443 468 469 444)
4(468 493 494 469)
4(493 518 519 494)
4(518 543 544 519)
4(543 568 569 544)
4(568 593 594 569)
4(593 618 619 594)
4(618 643 644 619)
4(643 668 669 644)
4(668 693 694 669)
4(693 718 719 694)
4(718 743 744 719)
4(743 768 769 744)
4(768 793 794 769)
4(793 818 819 794)
4(19 44 45 20)
4(44 69 70 45)
4(69 94 95 70)
4(94 119 120 95)
4(119 144 145 120)
4(144 169 170 145)
4(169 194 195 170)
4(194 219 220 195)
4(219 244 245 220)
4(244 269 270 245)
4(269 294 295 270)
4(294 319 320 295)
4(319 344 345 320)
4(344 369 370 345)
4(369 394 395 370)
4(394 419 420 395)
4(419 444 445 420)
4(444 469 470 445)
4(469 494 495 470)
4(494 519 520 495)
4(519 544 545 520)
4(544 569 570 545)
4(569 594 595 570)
4(594 619 620 595)
4(619 644 645 620)
4(644 669 670 645)
4(669 694 695 670)
4(694 719 720 695)
4(719 744 745 720)
4(744 769 770 745)
4(769 794 795 770)
4(794 819 820 795)
4(20 45 46 21)
4(45 70 71 46)
4(70 95 96 71)
4(95 120 121 96)
4(120 145 146 121)
4(145 170 171 146)
4(170 195 196 171)
4(195 220 221 196)
4(220 245 246 221)
4(245 270 271 246)
4(270 295 296 271)
4(295 320 321 296)
4(320 345 346 321)
4(345 370 371 346)
4(370 395 396 371)
4(395 420 421 396)
4(420 445 446 421)
4(445 470 471 446)
4(470 495 496 471)
4(495 520 521 496)
4(520 545 546 521)
4(545 570 571 546)
4(570 595 596 571)
4(595 620 621 596)
4(620 645 646 621)
4(645 670 671 646)
4(670 695 696 671)
4(695 720 721 696)
4(720 745 746 721)
4(745 770 771 746)
4(770 795 796 771)
4(795 820 821 796)
4(21 46 47 22)
4(46 71 72 47)
4(71 96 97 72)
4(96 121 122 97)
4(121 146 147 122)
4(146 171 172 147)
4(171 196 197 172)
4(196 221 222 197)
4(221 246 247 222)
4(246 271 272 247)
4(271 296 297 272)
4(296 321 322 297)
4(321 346 347 322)
4(346 371 372 347)
4(371 396 397 372)
4(396 421 422 397)
4(421 446 447 422)
4(446 471 472 447)
4(471 496 497 472)
4(496 521 522 497)
4(521 546 547 522)
4(546 571 572 547)
4(571 596 597 572)
4(596 621 622 597)
4(621 646 647 622)
4(646 671 672 647)
4(671 696 697 672)
4(696 721 722 697)
4(721 746 747 722)
4(746 771 772 747)
4(771 796 797 772)
4(796 821 822 797)
4(22 47 48 23)
4(47 72 73 48)
4(72 97 98 73)
4(97 122 123 98)
4(122 147 148 123)
4(147 172 173 148)
4(172 197 198 173)
4(197 222 223 198)
4(222 247 248 223)
4(247 272 273 248)
4(272 297 298 273)
4(297 322 323 298)
4(322 347 348 323)
4(347 372 373 348)
4(372 397 398 373)
4(397 422 423 398)
4(422 447 448 423)
4(447 472 473 448)
4(472 497 498 473)
4(497 522 523 498)
4(522 547 548 523)
4(547 572 573 548)
4(572 597 598 573)
4(597 622 623 598)
4(622 647 648 623)
4(647 672 673 648)
4(672 697 698 673)
4(697 722 723 698)
4(722 747 748 723)
4(747 772 773 748)
4(772 797 798 773)
4(797 822 823 798)
4(23 48 49 24)
4(48 73 74 49)
4(73 98 99 74)
4(98 123 124 99)
4(123 148 149 124)
4(148 173 174 149)
4(173 198 199 174)
4(198 223 224 199)
4(223 248 249 224)
4(248 273 274 249)
4(273 298 299 274)
4(298 323 324 299)
4(323 348 349 324)
4(348 373 374 349)
4(373 398 399 374)
4(398 423 424 399)
4(423 448 449 424)
4(448 473 474 449)
4(473 498 499 474)
4(498 523 524 499)
4(523 548 549 524)
4(548 573 574 549)
4(573 598 599 574)
4(598 623 624 599)
4(623 648 649 624)
4(648 673 674 649)
4(673 698 699 674)
4(698 723 724 699)
4(723 748 749 724)
4(748 773 774 749)
4(773 798 799 774)
4(798 823 824 799)
4(800 1625 1626 801)
4(801 1626 1627 802)
4(802 1627 1628 803)
4(803 1628 1629 804)
4(804 1629 1630 805)
4(805 1630 1631 806)
4(806 1631 1632 807)
4(807 1632 1633 808)
4(808 1633 1634 809)
4(809 1634 1635 810)
4(810 1635 1636 811)
4(811 1636 1637 812)
4(812 1637 1638 813)
4(813 1638 1639 814)
4(814 1639 1640 815)
4(815 1640 1641 816)
4(816 1641 1642 817)
4(817 1642 1643 818)
4(818 1643 1644 819)
4(819 1644 1645 820)
4(820 1645 1646 821)
4(821 1646 1647 822)
4(822 1647 1648 823)
4(823 1648 1649 824)
4(0 1 826 825)
4(1 2 827 826)
4(2 3 828 827)
4(3 4 829 828)
4(4 5 830 829)
4(5 6 831 830)
4(6 7 832 831)
4(7 8 833 832)
4(8 9 834 833)
4(9 10 835 834)
4(10 11 836 835)
4(11 12 837 836)
4(12 13 838 837)
4(13 14 839 838)
4(14 15 840 839)
4(15 16 841 840)
4(16 17 842 841)
4(17 18 843 842)
4(18 19 844 843)
4(19 20 845 844)
4(20 21 846 845)
4(21 22 847 846)
4(22 23 848 847)
4(23 24 849 848)
)


// ************************************************************************* //
