/*--------------------------------*- C++ -*----------------------------------*\
  =========                 |
  \\      /  F ield         | OpenFOAM: The Open Source CFD Toolbox
   \\    /   O peration     | Website:  https://openfoam.org
    \\  /    A nd           | Version:  8
     \\/     M anipulation  |
\*---------------------------------------------------------------------------*/
FoamFile
{
    version     2.0;
    format      ascii;
    class       labelList;
    note        "nPoints: 1650 nCells: 768 nFaces: 3128 nInternalFaces: 1480";
    location    "constant/polyMesh";
    object      owner;
}
// * * * * * * * * * * * * * * * * * * * * * * * * * * * * * * * * * * * * * //


3128
(
0
0
1
1
2
2
3
3
4
4
5
5
6
6
7
7
8
8
9
9
10
10
11
11
12
12
13
13
14
14
15
15
16
16
17
17
18
18
19
19
20
20
21
21
22
22
23
24
24
25
25
26
26
27
27
28
28
29
29
30
30
31
31
32
32
33
33
34
34
35
35
36
36
37
37
38
38
39
39
40
40
41
41
42
42
43
43
44
44
45
45
46
46
47
48
48
49
49
50
50
51
51
52
52
53
53
54
54
55
55
56
56
57
57
58
58
59
59
60
60
61
61
62
62
63
63
64
64
65
65
66
66
67
67
68
68
69
69
70
70
71
72
72
73
73
74
74
75
75
76
76
77
77
78
78
79
79
80
80
81
81
82
82
83
83
84
84
85
85
86
86
87
87
88
88
89
89
90
90
91
91
92
92
93
93
94
94
95
96
96
97
97
98
98
99
99
100
100
101
101
102
102
103
103
104
104
105
105
106
106
107
107
108
108
109
109
110
110
111
111
112
112
113
113
114
114
115
115
116
116
117
117
118
118
119
120
120
121
121
122
122
123
123
124
124
125
125
126
126
127
127
128
128
129
129
130
130
131
131
132
132
133
133
134
134
135
135
136
136
137
137
138
138
139
139
140
140
141
141
142
142
143
144
144
145
145
146
146
147
147
148
148
149
149
150
150
151
151
152
152
153
153
154
154
155
155
156
156
157
157
158
158
159
159
160
160
161
161
162
162
163
163
164
164
165
165
166
166
167
168
168
169
169
170
170
171
171
172
172
173
173
174
174
175
175
176
176
177
177
178
178
179
179
180
180
181
181
182
182
183
183
184
184
185
185
186
186
187
187
188
188
189
189
190
190
191
192
192
193
193
194
194
195
195
196
196
197
197
198
198
199
199
200
200
201
201
202
202
203
203
204
204
205
205
206
206
207
207
208
208
209
209
210
210
211
211
212
212
213
213
214
214
215
216
216
217
217
218
218
219
219
220
220
221
221
222
222
223
223
224
224
225
225
226
226
227
227
228
228
229
229
230
230
231
231
232
232
233
233
234
234
235
235
236
236
237
237
238
238
239
240
240
241
241
242
242
243
243
244
244
245
245
246
246
247
247
248
248
249
249
250
250
251
251
252
252
253
253
254
254
255
255
256
256
257
257
258
258
259
259
260
260
261
261
262
262
263
264
264
265
265
266
266
267
267
268
268
269
269
270
270
271
271
272
272
273
273
274
274
275
275
276
276
277
277
278
278
279
279
280
280
281
281
282
282
283
283
284
284
285
285
286
286
287
288
288
289
289
290
290
291
291
292
292
293
293
294
294
295
295
296
296
297
297
298
298
299
299
300
300
301
301
302
302
303
303
304
304
305
305
306
306
307
307
308
308
309
309
310
310
311
312
312
313
313
314
314
315
315
316
316
317
317
318
318
319
319
320
320
321
321
322
322
323
323
324
324
325
325
326
326
327
327
328
328
329
329
330
330
331
331
332
332
333
333
334
334
335
336
336
337
337
338
338
339
339
340
340
341
341
342
342
343
343
344
344
345
345
346
346
347
347
348
348
349
349
350
350
351
351
352
352
353
353
354
354
355
355
356
356
357
357
358
358
359
360
360
361
361
362
362
363
363
364
364
365
365
366
366
367
367
368
368
369
369
370
370
371
371
372
372
373
373
374
374
375
375
376
376
377
377
378
378
379
379
380
380
381
381
382
382
383
384
384
385
385
386
386
387
387
388
388
389
389
390
390
391
391
392
392
393
393
394
394
395
395
396
396
397
397
398
398
399
399
400
400
401
401
402
402
403
403
404
404
405
405
406
406
407
408
408
409
409
410
410
411
411
412
412
413
413
414
414
415
415
416
416
417
417
418
418
419
419
420
420
421
421
422
422
423
423
424
424
425
425
426
426
427
427
428
428
429
429
430
430
431
432
432
433
433
434
434
435
435
436
436
437
437
438
438
439
439
440
440
441
441
442
442
443
443
444
444
445
445
446
446
447
447
448
448
449
449
450
450
451
451
452
452
453
453
454
454
455
456
456
457
457
458
458
459
459
460
460
461
461
462
462
463
463
464
464
465
465
466
466
467
467
468
468
469
469
470
470
471
471
472
472
473
473
474
474
475
475
476
476
477
477
478
478
479
480
480
481
481
482
482
483
483
484
484
485
485
486
486
487
487
488
488
489
489
490
490
491
491
492
492
493
493
494
494
495
495
496
496
497
497
498
498
499
499
500
500
501
501
502
502
503
504
504
505
505
506
506
507
507
508
508
509
509
510
510
511
511
512
512
513
513
514
514
515
515
516
516
517
517
518
518
519
519
520
520
521
521
522
522
523
523
524
524
525
525
526
526
527
528
528
529
529
530
530
531
531
532
532
533
533
534
534
535
535
536
536
537
537
538
538
539
539
540
540
541
541
542
542
543
543
544
544
545
545
546
546
547
547
548
548
549
549
550
550
551
552
552
553
553
554
554
555
555
556
556
557
557
558
558
559
559
560
560
561
561
562
562
563
563
564
564
565
565
566
566
567
567
568
568
569
569
570
570
571
571
572
572
573
573
574
574
575
576
576
577
577
578
578
579
579
580
580
581
581
582
582
583
583
584
584
585
585
586
586
587
587
588
588
589
589
590
590
591
591
592
592
593
593
594
594
595
595
596
596
597
597
598
598
599
600
600
601
601
602
602
603
603
604
604
605
605
606
606
607
607
608
608
609
609
610
610
611
611
612
612
613
613
614
614
615
615
616
616
617
617
618
618
619
619
620
620
621
621
622
622
623
624
624
625
625
626
626
627
627
628
628
629
629
630
630
631
631
632
632
633
633
634
634
635
635
636
636
637
637
638
638
639
639
640
640
641
641
642
642
643
643
644
644
645
645
646
646
647
648
648
649
649
650
650
651
651
652
652
653
653
654
654
655
655
656
656
657
657
658
658
659
659
660
660
661
661
662
662
663
663
664
664
665
665
666
666
667
667
668
668
669
669
670
670
671
672
672
673
673
674
674
675
675
676
676
677
677
678
678
679
679
680
680
681
681
682
682
683
683
684
684
685
685
686
686
687
687
688
688
689
689
690
690
691
691
692
692
693
693
694
694
695
696
696
697
697
698
698
699
699
700
700
701
701
702
702
703
703
704
704
705
705
706
706
707
707
708
708
709
709
710
710
711
711
712
712
713
713
714
714
715
715
716
716
717
717
718
718
719
720
720
721
721
722
722
723
723
724
724
725
725
726
726
727
727
728
728
729
729
730
730
731
731
732
732
733
733
734
734
735
735
736
736
737
737
738
738
739
739
740
740
741
741
742
742
743
744
745
746
747
748
749
750
751
752
753
754
755
756
757
758
759
760
761
762
763
764
765
766
0
24
48
72
96
120
144
168
192
216
240
264
288
312
336
360
384
408
432
456
480
504
528
552
576
600
624
648
672
696
720
744
23
47
71
95
119
143
167
191
215
239
263
287
311
335
359
383
407
431
455
479
503
527
551
575
599
623
647
671
695
719
743
767
0
24
48
72
96
120
144
168
192
216
240
264
288
312
336
360
384
408
432
456
480
504
528
552
576
600
624
648
672
696
720
744
1
25
49
73
97
121
145
169
193
217
241
265
289
313
337
361
385
409
433
457
481
505
529
553
577
601
625
649
673
697
721
745
2
26
50
74
98
122
146
170
194
218
242
266
290
314
338
362
386
410
434
458
482
506
530
554
578
602
626
650
674
698
722
746
3
27
51
75
99
123
147
171
195
219
243
267
291
315
339
363
387
411
435
459
483
507
531
555
579
603
627
651
675
699
723
747
4
28
52
76
100
124
148
172
196
220
244
268
292
316
340
364
388
412
436
460
484
508
532
556
580
604
628
652
676
700
724
748
5
29
53
77
101
125
149
173
197
221
245
269
293
317
341
365
389
413
437
461
485
509
533
557
581
605
629
653
677
701
725
749
6
30
54
78
102
126
150
174
198
222
246
270
294
318
342
366
390
414
438
462
486
510
534
558
582
606
630
654
678
702
726
750
7
31
55
79
103
127
151
175
199
223
247
271
295
319
343
367
391
415
439
463
487
511
535
559
583
607
631
655
679
703
727
751
8
32
56
80
104
128
152
176
200
224
248
272
296
320
344
368
392
416
440
464
488
512
536
560
584
608
632
656
680
704
728
752
9
33
57
81
105
129
153
177
201
225
249
273
297
321
345
369
393
417
441
465
489
513
537
561
585
609
633
657
681
705
729
753
10
34
58
82
106
130
154
178
202
226
250
274
298
322
346
370
394
418
442
466
490
514
538
562
586
610
634
658
682
706
730
754
11
35
59
83
107
131
155
179
203
227
251
275
299
323
347
371
395
419
443
467
491
515
539
563
587
611
635
659
683
707
731
755
12
36
60
84
108
132
156
180
204
228
252
276
300
324
348
372
396
420
444
468
492
516
540
564
588
612
636
660
684
708
732
756
13
37
61
85
109
133
157
181
205
229
253
277
301
325
349
373
397
421
445
469
493
517
541
565
589
613
637
661
685
709
733
757
14
38
62
86
110
134
158
182
206
230
254
278
302
326
350
374
398
422
446
470
494
518
542
566
590
614
638
662
686
710
734
758
15
39
63
87
111
135
159
183
207
231
255
279
303
327
351
375
399
423
447
471
495
519
543
567
591
615
639
663
687
711
735
759
16
40
64
88
112
136
160
184
208
232
256
280
304
328
352
376
400
424
448
472
496
520
544
568
592
616
640
664
688
712
736
760
17
41
65
89
113
137
161
185
209
233
257
281
305
329
353
377
401
425
449
473
497
521
545
569
593
617
641
665
689
713
737
761
18
42
66
90
114
138
162
186
210
234
258
282
306
330
354
378
402
426
450
474
498
522
546
570
594
618
642
666
690
714
738
762
19
43
67
91
115
139
163
187
211
235
259
283
307
331
355
379
403
427
451
475
499
523
547
571
595
619
643
667
691
715
739
763
20
44
68
92
116
140
164
188
212
236
260
284
308
332
356
380
404
428
452
476
500
524
548
572
596
620
644
668
692
716
740
764
21
45
69
93
117
141
165
189
213
237
261
285
309
333
357
381
405
429
453
477
501
525
549
573
597
621
645
669
693
717
741
765
22
46
70
94
118
142
166
190
214
238
262
286
310
334
358
382
406
430
454
478
502
526
550
574
598
622
646
670
694
718
742
766
23
47
71
95
119
143
167
191
215
239
263
287
311
335
359
383
407
431
455
479
503
527
551
575
599
623
647
671
695
719
743
767
0
24
48
72
96
120
144
168
192
216
240
264
288
312
336
360
384
408
432
456
480
504
528
552
576
600
624
648
672
696
720
744
1
25
49
73
97
121
145
169
193
217
241
265
289
313
337
361
385
409
433
457
481
505
529
553
577
601
625
649
673
697
721
745
2
26
50
74
98
122
146
170
194
218
242
266
290
314
338
362
386
410
434
458
482
506
530
554
578
602
626
650
674
698
722
746
3
27
51
75
99
123
147
171
195
219
243
267
291
315
339
363
387
411
435
459
483
507
531
555
579
603
627
651
675
699
723
747
4
28
52
76
100
124
148
172
196
220
244
268
292
316
340
364
388
412
436
460
484
508
532
556
580
604
628
652
676
700
724
748
5
29
53
77
101
125
149
173
197
221
245
269
293
317
341
365
389
413
437
461
485
509
533
557
581
605
629
653
677
701
725
749
6
30
54
78
102
126
150
174
198
222
246
270
294
318
342
366
390
414
438
462
486
510
534
558
582
606
630
654
678
702
726
750
7
31
55
79
103
127
151
175
199
223
247
271
295
319
343
367
391
415
439
463
487
511
535
559
583
607
631
655
679
703
727
751
8
32
56
80
104
128
152
176
200
224
248
272
296
320
344
368
392
416
440
464
488
512
536
560
584
608
632
656
680
704
728
752
9
33
57
81
105
129
153
177
201
225
249
273
297
321
345
369
393
417
441
465
489
513
537
561
585
609
633
657
681
705
729
753
10
34
58
82
106
130
154
178
202
226
250
274
298
322
346
370
394
418
442
466
490
514
538
562
586
610
634
658
682
706
730
754
11
35
59
83
107
131
155
179
203
227
251
275
299
323
347
371
395
419
443
467
491
515
539
563
587
611
635
659
683
707
731
755
12
36
60
84
108
132
156
180
204
228
252
276
300
324
348
372
396
420
444
468
492
516
540
564
588
612
636
660
684
708
732
756
13
37
61
85
109
133
157
181
205
229
253
277
301
325
349
373
397
421
445
469
493
517
541
565
589
613
637
661
685
709
733
757
14
38
62
86
110
134
158
182
206
230
254
278
302
326
350
374
398
422
446
470
494
518
542
566
590
614
638
662
686
710
734
758
15
39
63
87
111
135
159
183
207
231
255
279
303
327
351
375
399
423
447
471
495
519
543
567
591
615
639
663
687
711
735
759
16
40
64
88
112
136
160
184
208
232
256
280
304
328
352
376
400
424
448
472
496
520
544
568
592
616
640
664
688
712
736
760
17
41
65
89
113
137
161
185
209
233
257
281
305
329
353
377
401
425
449
473
497
521
545
569
593
617
641
665
689
713
737
761
18
42
66
90
114
138
162
186
210
234
258
282
306
330
354
378
402
426
450
474
498
522
546
570
594
618
642
666
690
714
738
762
19
43
67
91
115
139
163
187
211
235
259
283
307
331
355
379
403
427
451
475
499
523
547
571
595
619
643
667
691
715
739
763
20
44
68
92
116
140
164
188
212
236
260
284
308
332
356
380
404
428
452
476
500
524
548
572
596
620
644
668
692
716
740
764
21
45
69
93
117
141
165
189
213
237
261
285
309
333
357
381
405
429
453
477
501
525
549
573
597
621
645
669
693
717
741
765
22
46
70
94
118
142
166
190
214
238
262
286
310
334
358
382
406
430
454
478
502
526
550
574
598
622
646
670
694
718
742
766
23
47
71
95
119
143
167
191
215
239
263
287
311
335
359
383
407
431
455
479
503
527
551
575
599
623
647
671
695
719
743
767
744
745
746
747
748
749
750
751
752
753
754
755
756
757
758
759
760
761
762
763
764
765
766
767
0
1
2
3
4
5
6
7
8
9
10
11
12
13
14
15
16
17
18
19
20
21
22
23
)


// ************************************************************************* //
