/*--------------------------------*- C++ -*----------------------------------*\
  =========                 |
  \\      /  F ield         | OpenFOAM: The Open Source CFD Toolbox
   \\    /   O peration     | Website:  https://openfoam.org
    \\  /    A nd           | Version:  8
     \\/     M anipulation  |
\*---------------------------------------------------------------------------*/
FoamFile
{
    version     2.0;
    format      ascii;
    class       vectorField;
    location    "constant/polyMesh";
    object      points;
}
// * * * * * * * * * * * * * * * * * * * * * * * * * * * * * * * * * * * * * //


1650
(
(0 0.229883072 0)
(0.0125 0.229883072 0)
(0.025 0.229883072 0)
(0.0375 0.229883072 0)
(0.05 0.229883072 0)
(0.0625 0.229883072 0)
(0.075 0.229883072 0)
(0.0875 0.229883072 0)
(0.1 0.229883072 0)
(0.1125 0.229883072 0)
(0.125 0.229883072 0)
(0.1375 0.229883072 0)
(0.15 0.229883072 0)
(0.1625 0.229883072 0)
(0.175 0.229883072 0)
(0.1875 0.229883072 0)
(0.2 0.229883072 0)
(0.2125 0.229883072 0)
(0.225 0.229883072 0)
(0.2375 0.229883072 0)
(0.25 0.229883072 0)
(0.2625 0.229883072 0)
(0.275 0.229883072 0)
(0.2875 0.229883072 0)
(0.3 0.229883072 0)
(0 0.238324226 0)
(0.0125 0.238324226 0)
(0.025 0.238324226 0)
(0.0375 0.238324226 0)
(0.05 0.238324226 0)
(0.0625 0.238324226 0)
(0.075 0.238324226 0)
(0.0875 0.238324226 0)
(0.1 0.238324226 0)
(0.1125 0.238324226 0)
(0.125 0.238324226 0)
(0.1375 0.238324226 0)
(0.15 0.238324226 0)
(0.1625 0.238324226 0)
(0.175 0.238324226 0)
(0.1875 0.238324226 0)
(0.2 0.238324226 0)
(0.2125 0.238324226 0)
(0.225 0.238324226 0)
(0.2375 0.238324226 0)
(0.25 0.238324226 0)
(0.2625 0.238324226 0)
(0.275 0.238324226 0)
(0.2875 0.238324226 0)
(0.3 0.238324226 0)
(0 0.24676538 0)
(0.0125 0.24676538 0)
(0.025 0.24676538 0)
(0.0375 0.24676538 0)
(0.05 0.24676538 0)
(0.0625 0.24676538 0)
(0.075 0.24676538 0)
(0.0875 0.24676538 0)
(0.1 0.24676538 0)
(0.1125 0.24676538 0)
(0.125 0.24676538 0)
(0.1375 0.24676538 0)
(0.15 0.24676538 0)
(0.1625 0.24676538 0)
(0.175 0.24676538 0)
(0.1875 0.24676538 0)
(0.2 0.24676538 0)
(0.2125 0.24676538 0)
(0.225 0.24676538 0)
(0.2375 0.24676538 0)
(0.25 0.24676538 0)
(0.2625 0.24676538 0)
(0.275 0.24676538 0)
(0.2875 0.24676538 0)
(0.3 0.24676538 0)
(0 0.255206534 0)
(0.0125 0.255206534 0)
(0.025 0.255206534 0)
(0.0375 0.255206534 0)
(0.05 0.255206534 0)
(0.0625 0.255206534 0)
(0.075 0.255206534 0)
(0.0875 0.255206534 0)
(0.1 0.255206534 0)
(0.1125 0.255206534 0)
(0.125 0.255206534 0)
(0.1375 0.255206534 0)
(0.15 0.255206534 0)
(0.1625 0.255206534 0)
(0.175 0.255206534 0)
(0.1875 0.255206534 0)
(0.2 0.255206534 0)
(0.2125 0.255206534 0)
(0.225 0.255206534 0)
(0.2375 0.255206534 0)
(0.25 0.255206534 0)
(0.2625 0.255206534 0)
(0.275 0.255206534 0)
(0.2875 0.255206534 0)
(0.3 0.255206534 0)
(0 0.263647688 0)
(0.0125 0.263647688 0)
(0.025 0.263647688 0)
(0.0375 0.263647688 0)
(0.05 0.263647688 0)
(0.0625 0.263647688 0)
(0.075 0.263647688 0)
(0.0875 0.263647688 0)
(0.1 0.263647688 0)
(0.1125 0.263647688 0)
(0.125 0.263647688 0)
(0.1375 0.263647688 0)
(0.15 0.263647688 0)
(0.1625 0.263647688 0)
(0.175 0.263647688 0)
(0.1875 0.263647688 0)
(0.2 0.263647688 0)
(0.2125 0.263647688 0)
(0.225 0.263647688 0)
(0.2375 0.263647688 0)
(0.25 0.263647688 0)
(0.2625 0.263647688 0)
(0.275 0.263647688 0)
(0.2875 0.263647688 0)
(0.3 0.263647688 0)
(0 0.272088842 0)
(0.0125 0.272088842 0)
(0.025 0.272088842 0)
(0.0375 0.272088842 0)
(0.05 0.272088842 0)
(0.0625 0.272088842 0)
(0.075 0.272088842 0)
(0.0875 0.272088842 0)
(0.1 0.272088842 0)
(0.1125 0.272088842 0)
(0.125 0.272088842 0)
(0.1375 0.272088842 0)
(0.15 0.272088842 0)
(0.1625 0.272088842 0)
(0.175 0.272088842 0)
(0.1875 0.272088842 0)
(0.2 0.272088842 0)
(0.2125 0.272088842 0)
(0.225 0.272088842 0)
(0.2375 0.272088842 0)
(0.25 0.272088842 0)
(0.2625 0.272088842 0)
(0.275 0.272088842 0)
(0.2875 0.272088842 0)
(0.3 0.272088842 0)
(0 0.280529996 0)
(0.0125 0.280529996 0)
(0.025 0.280529996 0)
(0.0375 0.280529996 0)
(0.05 0.280529996 0)
(0.0625 0.280529996 0)
(0.075 0.280529996 0)
(0.0875 0.280529996 0)
(0.1 0.280529996 0)
(0.1125 0.280529996 0)
(0.125 0.280529996 0)
(0.1375 0.280529996 0)
(0.15 0.280529996 0)
(0.1625 0.280529996 0)
(0.175 0.280529996 0)
(0.1875 0.280529996 0)
(0.2 0.280529996 0)
(0.2125 0.280529996 0)
(0.225 0.280529996 0)
(0.2375 0.280529996 0)
(0.25 0.280529996 0)
(0.2625 0.280529996 0)
(0.275 0.280529996 0)
(0.2875 0.280529996 0)
(0.3 0.280529996 0)
(0 0.28897115 0)
(0.0125 0.28897115 0)
(0.025 0.28897115 0)
(0.0375 0.28897115 0)
(0.05 0.28897115 0)
(0.0625 0.28897115 0)
(0.075 0.28897115 0)
(0.0875 0.28897115 0)
(0.1 0.28897115 0)
(0.1125 0.28897115 0)
(0.125 0.28897115 0)
(0.1375 0.28897115 0)
(0.15 0.28897115 0)
(0.1625 0.28897115 0)
(0.175 0.28897115 0)
(0.1875 0.28897115 0)
(0.2 0.28897115 0)
(0.2125 0.28897115 0)
(0.225 0.28897115 0)
(0.2375 0.28897115 0)
(0.25 0.28897115 0)
(0.2625 0.28897115 0)
(0.275 0.28897115 0)
(0.2875 0.28897115 0)
(0.3 0.28897115 0)
(0 0.297412304 0)
(0.0125 0.297412304 0)
(0.025 0.297412304 0)
(0.0375 0.297412304 0)
(0.05 0.297412304 0)
(0.0625 0.297412304 0)
(0.075 0.297412304 0)
(0.0875 0.297412304 0)
(0.1 0.297412304 0)
(0.1125 0.297412304 0)
(0.125 0.297412304 0)
(0.1375 0.297412304 0)
(0.15 0.297412304 0)
(0.1625 0.297412304 0)
(0.175 0.297412304 0)
(0.1875 0.297412304 0)
(0.2 0.297412304 0)
(0.2125 0.297412304 0)
(0.225 0.297412304 0)
(0.2375 0.297412304 0)
(0.25 0.297412304 0)
(0.2625 0.297412304 0)
(0.275 0.297412304 0)
(0.2875 0.297412304 0)
(0.3 0.297412304 0)
(0 0.305853458 0)
(0.0125 0.305853458 0)
(0.025 0.305853458 0)
(0.0375 0.305853458 0)
(0.05 0.305853458 0)
(0.0625 0.305853458 0)
(0.075 0.305853458 0)
(0.0875 0.305853458 0)
(0.1 0.305853458 0)
(0.1125 0.305853458 0)
(0.125 0.305853458 0)
(0.1375 0.305853458 0)
(0.15 0.305853458 0)
(0.1625 0.305853458 0)
(0.175 0.305853458 0)
(0.1875 0.305853458 0)
(0.2 0.305853458 0)
(0.2125 0.305853458 0)
(0.225 0.305853458 0)
(0.2375 0.305853458 0)
(0.25 0.305853458 0)
(0.2625 0.305853458 0)
(0.275 0.305853458 0)
(0.2875 0.305853458 0)
(0.3 0.305853458 0)
(0 0.314294612 0)
(0.0125 0.314294612 0)
(0.025 0.314294612 0)
(0.0375 0.314294612 0)
(0.05 0.314294612 0)
(0.0625 0.314294612 0)
(0.075 0.314294612 0)
(0.0875 0.314294612 0)
(0.1 0.314294612 0)
(0.1125 0.314294612 0)
(0.125 0.314294612 0)
(0.1375 0.314294612 0)
(0.15 0.314294612 0)
(0.1625 0.314294612 0)
(0.175 0.314294612 0)
(0.1875 0.314294612 0)
(0.2 0.314294612 0)
(0.2125 0.314294612 0)
(0.225 0.314294612 0)
(0.2375 0.314294612 0)
(0.25 0.314294612 0)
(0.2625 0.314294612 0)
(0.275 0.314294612 0)
(0.2875 0.314294612 0)
(0.3 0.314294612 0)
(0 0.322735766 0)
(0.0125 0.322735766 0)
(0.025 0.322735766 0)
(0.0375 0.322735766 0)
(0.05 0.322735766 0)
(0.0625 0.322735766 0)
(0.075 0.322735766 0)
(0.0875 0.322735766 0)
(0.1 0.322735766 0)
(0.1125 0.322735766 0)
(0.125 0.322735766 0)
(0.1375 0.322735766 0)
(0.15 0.322735766 0)
(0.1625 0.322735766 0)
(0.175 0.322735766 0)
(0.1875 0.322735766 0)
(0.2 0.322735766 0)
(0.2125 0.322735766 0)
(0.225 0.322735766 0)
(0.2375 0.322735766 0)
(0.25 0.322735766 0)
(0.2625 0.322735766 0)
(0.275 0.322735766 0)
(0.2875 0.322735766 0)
(0.3 0.322735766 0)
(0 0.33117692 0)
(0.0125 0.33117692 0)
(0.025 0.33117692 0)
(0.0375 0.33117692 0)
(0.05 0.33117692 0)
(0.0625 0.33117692 0)
(0.075 0.33117692 0)
(0.0875 0.33117692 0)
(0.1 0.33117692 0)
(0.1125 0.33117692 0)
(0.125 0.33117692 0)
(0.1375 0.33117692 0)
(0.15 0.33117692 0)
(0.1625 0.33117692 0)
(0.175 0.33117692 0)
(0.1875 0.33117692 0)
(0.2 0.33117692 0)
(0.2125 0.33117692 0)
(0.225 0.33117692 0)
(0.2375 0.33117692 0)
(0.25 0.33117692 0)
(0.2625 0.33117692 0)
(0.275 0.33117692 0)
(0.2875 0.33117692 0)
(0.3 0.33117692 0)
(0 0.339618074 0)
(0.0125 0.339618074 0)
(0.025 0.339618074 0)
(0.0375 0.339618074 0)
(0.05 0.339618074 0)
(0.0625 0.339618074 0)
(0.075 0.339618074 0)
(0.0875 0.339618074 0)
(0.1 0.339618074 0)
(0.1125 0.339618074 0)
(0.125 0.339618074 0)
(0.1375 0.339618074 0)
(0.15 0.339618074 0)
(0.1625 0.339618074 0)
(0.175 0.339618074 0)
(0.1875 0.339618074 0)
(0.2 0.339618074 0)
(0.2125 0.339618074 0)
(0.225 0.339618074 0)
(0.2375 0.339618074 0)
(0.25 0.339618074 0)
(0.2625 0.339618074 0)
(0.275 0.339618074 0)
(0.2875 0.339618074 0)
(0.3 0.339618074 0)
(0 0.348059228 0)
(0.0125 0.348059228 0)
(0.025 0.348059228 0)
(0.0375 0.348059228 0)
(0.05 0.348059228 0)
(0.0625 0.348059228 0)
(0.075 0.348059228 0)
(0.0875 0.348059228 0)
(0.1 0.348059228 0)
(0.1125 0.348059228 0)
(0.125 0.348059228 0)
(0.1375 0.348059228 0)
(0.15 0.348059228 0)
(0.1625 0.348059228 0)
(0.175 0.348059228 0)
(0.1875 0.348059228 0)
(0.2 0.348059228 0)
(0.2125 0.348059228 0)
(0.225 0.348059228 0)
(0.2375 0.348059228 0)
(0.25 0.348059228 0)
(0.2625 0.348059228 0)
(0.275 0.348059228 0)
(0.2875 0.348059228 0)
(0.3 0.348059228 0)
(0 0.356500382 0)
(0.0125 0.356500382 0)
(0.025 0.356500382 0)
(0.0375 0.356500382 0)
(0.05 0.356500382 0)
(0.0625 0.356500382 0)
(0.075 0.356500382 0)
(0.0875 0.356500382 0)
(0.1 0.356500382 0)
(0.1125 0.356500382 0)
(0.125 0.356500382 0)
(0.1375 0.356500382 0)
(0.15 0.356500382 0)
(0.1625 0.356500382 0)
(0.175 0.356500382 0)
(0.1875 0.356500382 0)
(0.2 0.356500382 0)
(0.2125 0.356500382 0)
(0.225 0.356500382 0)
(0.2375 0.356500382 0)
(0.25 0.356500382 0)
(0.2625 0.356500382 0)
(0.275 0.356500382 0)
(0.2875 0.356500382 0)
(0.3 0.356500382 0)
(0 0.364941536 0)
(0.0125 0.364941536 0)
(0.025 0.364941536 0)
(0.0375 0.364941536 0)
(0.05 0.364941536 0)
(0.0625 0.364941536 0)
(0.075 0.364941536 0)
(0.0875 0.364941536 0)
(0.1 0.364941536 0)
(0.1125 0.364941536 0)
(0.125 0.364941536 0)
(0.1375 0.364941536 0)
(0.15 0.364941536 0)
(0.1625 0.364941536 0)
(0.175 0.364941536 0)
(0.1875 0.364941536 0)
(0.2 0.364941536 0)
(0.2125 0.364941536 0)
(0.225 0.364941536 0)
(0.2375 0.364941536 0)
(0.25 0.364941536 0)
(0.2625 0.364941536 0)
(0.275 0.364941536 0)
(0.2875 0.364941536 0)
(0.3 0.364941536 0)
(0 0.37338269 0)
(0.0125 0.37338269 0)
(0.025 0.37338269 0)
(0.0375 0.37338269 0)
(0.05 0.37338269 0)
(0.0625 0.37338269 0)
(0.075 0.37338269 0)
(0.0875 0.37338269 0)
(0.1 0.37338269 0)
(0.1125 0.37338269 0)
(0.125 0.37338269 0)
(0.1375 0.37338269 0)
(0.15 0.37338269 0)
(0.1625 0.37338269 0)
(0.175 0.37338269 0)
(0.1875 0.37338269 0)
(0.2 0.37338269 0)
(0.2125 0.37338269 0)
(0.225 0.37338269 0)
(0.2375 0.37338269 0)
(0.25 0.37338269 0)
(0.2625 0.37338269 0)
(0.275 0.37338269 0)
(0.2875 0.37338269 0)
(0.3 0.37338269 0)
(0 0.381823844 0)
(0.0125 0.381823844 0)
(0.025 0.381823844 0)
(0.0375 0.381823844 0)
(0.05 0.381823844 0)
(0.0625 0.381823844 0)
(0.075 0.381823844 0)
(0.0875 0.381823844 0)
(0.1 0.381823844 0)
(0.1125 0.381823844 0)
(0.125 0.381823844 0)
(0.1375 0.381823844 0)
(0.15 0.381823844 0)
(0.1625 0.381823844 0)
(0.175 0.381823844 0)
(0.1875 0.381823844 0)
(0.2 0.381823844 0)
(0.2125 0.381823844 0)
(0.225 0.381823844 0)
(0.2375 0.381823844 0)
(0.25 0.381823844 0)
(0.2625 0.381823844 0)
(0.275 0.381823844 0)
(0.2875 0.381823844 0)
(0.3 0.381823844 0)
(0 0.390264998 0)
(0.0125 0.390264998 0)
(0.025 0.390264998 0)
(0.0375 0.390264998 0)
(0.05 0.390264998 0)
(0.0625 0.390264998 0)
(0.075 0.390264998 0)
(0.0875 0.390264998 0)
(0.1 0.390264998 0)
(0.1125 0.390264998 0)
(0.125 0.390264998 0)
(0.1375 0.390264998 0)
(0.15 0.390264998 0)
(0.1625 0.390264998 0)
(0.175 0.390264998 0)
(0.1875 0.390264998 0)
(0.2 0.390264998 0)
(0.2125 0.390264998 0)
(0.225 0.390264998 0)
(0.2375 0.390264998 0)
(0.25 0.390264998 0)
(0.2625 0.390264998 0)
(0.275 0.390264998 0)
(0.2875 0.390264998 0)
(0.3 0.390264998 0)
(0 0.398706152 0)
(0.0125 0.398706152 0)
(0.025 0.398706152 0)
(0.0375 0.398706152 0)
(0.05 0.398706152 0)
(0.0625 0.398706152 0)
(0.075 0.398706152 0)
(0.0875 0.398706152 0)
(0.1 0.398706152 0)
(0.1125 0.398706152 0)
(0.125 0.398706152 0)
(0.1375 0.398706152 0)
(0.15 0.398706152 0)
(0.1625 0.398706152 0)
(0.175 0.398706152 0)
(0.1875 0.398706152 0)
(0.2 0.398706152 0)
(0.2125 0.398706152 0)
(0.225 0.398706152 0)
(0.2375 0.398706152 0)
(0.25 0.398706152 0)
(0.2625 0.398706152 0)
(0.275 0.398706152 0)
(0.2875 0.398706152 0)
(0.3 0.398706152 0)
(0 0.407147306 0)
(0.0125 0.407147306 0)
(0.025 0.407147306 0)
(0.0375 0.407147306 0)
(0.05 0.407147306 0)
(0.0625 0.407147306 0)
(0.075 0.407147306 0)
(0.0875 0.407147306 0)
(0.1 0.407147306 0)
(0.1125 0.407147306 0)
(0.125 0.407147306 0)
(0.1375 0.407147306 0)
(0.15 0.407147306 0)
(0.1625 0.407147306 0)
(0.175 0.407147306 0)
(0.1875 0.407147306 0)
(0.2 0.407147306 0)
(0.2125 0.407147306 0)
(0.225 0.407147306 0)
(0.2375 0.407147306 0)
(0.25 0.407147306 0)
(0.2625 0.407147306 0)
(0.275 0.407147306 0)
(0.2875 0.407147306 0)
(0.3 0.407147306 0)
(0 0.41558846 0)
(0.0125 0.41558846 0)
(0.025 0.41558846 0)
(0.0375 0.41558846 0)
(0.05 0.41558846 0)
(0.0625 0.41558846 0)
(0.075 0.41558846 0)
(0.0875 0.41558846 0)
(0.1 0.41558846 0)
(0.1125 0.41558846 0)
(0.125 0.41558846 0)
(0.1375 0.41558846 0)
(0.15 0.41558846 0)
(0.1625 0.41558846 0)
(0.175 0.41558846 0)
(0.1875 0.41558846 0)
(0.2 0.41558846 0)
(0.2125 0.41558846 0)
(0.225 0.41558846 0)
(0.2375 0.41558846 0)
(0.25 0.41558846 0)
(0.2625 0.41558846 0)
(0.275 0.41558846 0)
(0.2875 0.41558846 0)
(0.3 0.41558846 0)
(0 0.424029614 0)
(0.0125 0.424029614 0)
(0.025 0.424029614 0)
(0.0375 0.424029614 0)
(0.05 0.424029614 0)
(0.0625 0.424029614 0)
(0.075 0.424029614 0)
(0.0875 0.424029614 0)
(0.1 0.424029614 0)
(0.1125 0.424029614 0)
(0.125 0.424029614 0)
(0.1375 0.424029614 0)
(0.15 0.424029614 0)
(0.1625 0.424029614 0)
(0.175 0.424029614 0)
(0.1875 0.424029614 0)
(0.2 0.424029614 0)
(0.2125 0.424029614 0)
(0.225 0.424029614 0)
(0.2375 0.424029614 0)
(0.25 0.424029614 0)
(0.2625 0.424029614 0)
(0.275 0.424029614 0)
(0.2875 0.424029614 0)
(0.3 0.424029614 0)
(0 0.432470768 0)
(0.0125 0.432470768 0)
(0.025 0.432470768 0)
(0.0375 0.432470768 0)
(0.05 0.432470768 0)
(0.0625 0.432470768 0)
(0.075 0.432470768 0)
(0.0875 0.432470768 0)
(0.1 0.432470768 0)
(0.1125 0.432470768 0)
(0.125 0.432470768 0)
(0.1375 0.432470768 0)
(0.15 0.432470768 0)
(0.1625 0.432470768 0)
(0.175 0.432470768 0)
(0.1875 0.432470768 0)
(0.2 0.432470768 0)
(0.2125 0.432470768 0)
(0.225 0.432470768 0)
(0.2375 0.432470768 0)
(0.25 0.432470768 0)
(0.2625 0.432470768 0)
(0.275 0.432470768 0)
(0.2875 0.432470768 0)
(0.3 0.432470768 0)
(0 0.440911922 0)
(0.0125 0.440911922 0)
(0.025 0.440911922 0)
(0.0375 0.440911922 0)
(0.05 0.440911922 0)
(0.0625 0.440911922 0)
(0.075 0.440911922 0)
(0.0875 0.440911922 0)
(0.1 0.440911922 0)
(0.1125 0.440911922 0)
(0.125 0.440911922 0)
(0.1375 0.440911922 0)
(0.15 0.440911922 0)
(0.1625 0.440911922 0)
(0.175 0.440911922 0)
(0.1875 0.440911922 0)
(0.2 0.440911922 0)
(0.2125 0.440911922 0)
(0.225 0.440911922 0)
(0.2375 0.440911922 0)
(0.25 0.440911922 0)
(0.2625 0.440911922 0)
(0.275 0.440911922 0)
(0.2875 0.440911922 0)
(0.3 0.440911922 0)
(0 0.449353076 0)
(0.0125 0.449353076 0)
(0.025 0.449353076 0)
(0.0375 0.449353076 0)
(0.05 0.449353076 0)
(0.0625 0.449353076 0)
(0.075 0.449353076 0)
(0.0875 0.449353076 0)
(0.1 0.449353076 0)
(0.1125 0.449353076 0)
(0.125 0.449353076 0)
(0.1375 0.449353076 0)
(0.15 0.449353076 0)
(0.1625 0.449353076 0)
(0.175 0.449353076 0)
(0.1875 0.449353076 0)
(0.2 0.449353076 0)
(0.2125 0.449353076 0)
(0.225 0.449353076 0)
(0.2375 0.449353076 0)
(0.25 0.449353076 0)
(0.2625 0.449353076 0)
(0.275 0.449353076 0)
(0.2875 0.449353076 0)
(0.3 0.449353076 0)
(0 0.45779423 0)
(0.0125 0.45779423 0)
(0.025 0.45779423 0)
(0.0375 0.45779423 0)
(0.05 0.45779423 0)
(0.0625 0.45779423 0)
(0.075 0.45779423 0)
(0.0875 0.45779423 0)
(0.1 0.45779423 0)
(0.1125 0.45779423 0)
(0.125 0.45779423 0)
(0.1375 0.45779423 0)
(0.15 0.45779423 0)
(0.1625 0.45779423 0)
(0.175 0.45779423 0)
(0.1875 0.45779423 0)
(0.2 0.45779423 0)
(0.2125 0.45779423 0)
(0.225 0.45779423 0)
(0.2375 0.45779423 0)
(0.25 0.45779423 0)
(0.2625 0.45779423 0)
(0.275 0.45779423 0)
(0.2875 0.45779423 0)
(0.3 0.45779423 0)
(0 0.466235384 0)
(0.0125 0.466235384 0)
(0.025 0.466235384 0)
(0.0375 0.466235384 0)
(0.05 0.466235384 0)
(0.0625 0.466235384 0)
(0.075 0.466235384 0)
(0.0875 0.466235384 0)
(0.1 0.466235384 0)
(0.1125 0.466235384 0)
(0.125 0.466235384 0)
(0.1375 0.466235384 0)
(0.15 0.466235384 0)
(0.1625 0.466235384 0)
(0.175 0.466235384 0)
(0.1875 0.466235384 0)
(0.2 0.466235384 0)
(0.2125 0.466235384 0)
(0.225 0.466235384 0)
(0.2375 0.466235384 0)
(0.25 0.466235384 0)
(0.2625 0.466235384 0)
(0.275 0.466235384 0)
(0.2875 0.466235384 0)
(0.3 0.466235384 0)
(0 0.474676538 0)
(0.0125 0.474676538 0)
(0.025 0.474676538 0)
(0.0375 0.474676538 0)
(0.05 0.474676538 0)
(0.0625 0.474676538 0)
(0.075 0.474676538 0)
(0.0875 0.474676538 0)
(0.1 0.474676538 0)
(0.1125 0.474676538 0)
(0.125 0.474676538 0)
(0.1375 0.474676538 0)
(0.15 0.474676538 0)
(0.1625 0.474676538 0)
(0.175 0.474676538 0)
(0.1875 0.474676538 0)
(0.2 0.474676538 0)
(0.2125 0.474676538 0)
(0.225 0.474676538 0)
(0.2375 0.474676538 0)
(0.25 0.474676538 0)
(0.2625 0.474676538 0)
(0.275 0.474676538 0)
(0.2875 0.474676538 0)
(0.3 0.474676538 0)
(0 0.483117692 0)
(0.0125 0.483117692 0)
(0.025 0.483117692 0)
(0.0375 0.483117692 0)
(0.05 0.483117692 0)
(0.0625 0.483117692 0)
(0.075 0.483117692 0)
(0.0875 0.483117692 0)
(0.1 0.483117692 0)
(0.1125 0.483117692 0)
(0.125 0.483117692 0)
(0.1375 0.483117692 0)
(0.15 0.483117692 0)
(0.1625 0.483117692 0)
(0.175 0.483117692 0)
(0.1875 0.483117692 0)
(0.2 0.483117692 0)
(0.2125 0.483117692 0)
(0.225 0.483117692 0)
(0.2375 0.483117692 0)
(0.25 0.483117692 0)
(0.2625 0.483117692 0)
(0.275 0.483117692 0)
(0.2875 0.483117692 0)
(0.3 0.483117692 0)
(0 0.491558846 0)
(0.0125 0.491558846 0)
(0.025 0.491558846 0)
(0.0375 0.491558846 0)
(0.05 0.491558846 0)
(0.0625 0.491558846 0)
(0.075 0.491558846 0)
(0.0875 0.491558846 0)
(0.1 0.491558846 0)
(0.1125 0.491558846 0)
(0.125 0.491558846 0)
(0.1375 0.491558846 0)
(0.15 0.491558846 0)
(0.1625 0.491558846 0)
(0.175 0.491558846 0)
(0.1875 0.491558846 0)
(0.2 0.491558846 0)
(0.2125 0.491558846 0)
(0.225 0.491558846 0)
(0.2375 0.491558846 0)
(0.25 0.491558846 0)
(0.2625 0.491558846 0)
(0.275 0.491558846 0)
(0.2875 0.491558846 0)
(0.3 0.491558846 0)
(0 0.5 0)
(0.0125 0.5 0)
(0.025 0.5 0)
(0.0375 0.5 0)
(0.05 0.5 0)
(0.0625 0.5 0)
(0.075 0.5 0)
(0.0875 0.5 0)
(0.1 0.5 0)
(0.1125 0.5 0)
(0.125 0.5 0)
(0.1375 0.5 0)
(0.15 0.5 0)
(0.1625 0.5 0)
(0.175 0.5 0)
(0.1875 0.5 0)
(0.2 0.5 0)
(0.2125 0.5 0)
(0.225 0.5 0)
(0.2375 0.5 0)
(0.25 0.5 0)
(0.2625 0.5 0)
(0.275 0.5 0)
(0.2875 0.5 0)
(0.3 0.5 0)
(0 0.229883072 0.0062)
(0.0125 0.229883072 0.0062)
(0.025 0.229883072 0.0062)
(0.0375 0.229883072 0.0062)
(0.05 0.229883072 0.0062)
(0.0625 0.229883072 0.0062)
(0.075 0.229883072 0.0062)
(0.0875 0.229883072 0.0062)
(0.1 0.229883072 0.0062)
(0.1125 0.229883072 0.0062)
(0.125 0.229883072 0.0062)
(0.1375 0.229883072 0.0062)
(0.15 0.229883072 0.0062)
(0.1625 0.229883072 0.0062)
(0.175 0.229883072 0.0062)
(0.1875 0.229883072 0.0062)
(0.2 0.229883072 0.0062)
(0.2125 0.229883072 0.0062)
(0.225 0.229883072 0.0062)
(0.2375 0.229883072 0.0062)
(0.25 0.229883072 0.0062)
(0.2625 0.229883072 0.0062)
(0.275 0.229883072 0.0062)
(0.2875 0.229883072 0.0062)
(0.3 0.229883072 0.0062)
(0 0.238324226 0.0062)
(0.0125 0.238324226 0.0062)
(0.025 0.238324226 0.0062)
(0.0375 0.238324226 0.0062)
(0.05 0.238324226 0.0062)
(0.0625 0.238324226 0.0062)
(0.075 0.238324226 0.0062)
(0.0875 0.238324226 0.0062)
(0.1 0.238324226 0.0062)
(0.1125 0.238324226 0.0062)
(0.125 0.238324226 0.0062)
(0.1375 0.238324226 0.0062)
(0.15 0.238324226 0.0062)
(0.1625 0.238324226 0.0062)
(0.175 0.238324226 0.0062)
(0.1875 0.238324226 0.0062)
(0.2 0.238324226 0.0062)
(0.2125 0.238324226 0.0062)
(0.225 0.238324226 0.0062)
(0.2375 0.238324226 0.0062)
(0.25 0.238324226 0.0062)
(0.2625 0.238324226 0.0062)
(0.275 0.238324226 0.0062)
(0.2875 0.238324226 0.0062)
(0.3 0.238324226 0.0062)
(0 0.24676538 0.0062)
(0.0125 0.24676538 0.0062)
(0.025 0.24676538 0.0062)
(0.0375 0.24676538 0.0062)
(0.05 0.24676538 0.0062)
(0.0625 0.24676538 0.0062)
(0.075 0.24676538 0.0062)
(0.0875 0.24676538 0.0062)
(0.1 0.24676538 0.0062)
(0.1125 0.24676538 0.0062)
(0.125 0.24676538 0.0062)
(0.1375 0.24676538 0.0062)
(0.15 0.24676538 0.0062)
(0.1625 0.24676538 0.0062)
(0.175 0.24676538 0.0062)
(0.1875 0.24676538 0.0062)
(0.2 0.24676538 0.0062)
(0.2125 0.24676538 0.0062)
(0.225 0.24676538 0.0062)
(0.2375 0.24676538 0.0062)
(0.25 0.24676538 0.0062)
(0.2625 0.24676538 0.0062)
(0.275 0.24676538 0.0062)
(0.2875 0.24676538 0.0062)
(0.3 0.24676538 0.0062)
(0 0.255206534 0.0062)
(0.0125 0.255206534 0.0062)
(0.025 0.255206534 0.0062)
(0.0375 0.255206534 0.0062)
(0.05 0.255206534 0.0062)
(0.0625 0.255206534 0.0062)
(0.075 0.255206534 0.0062)
(0.0875 0.255206534 0.0062)
(0.1 0.255206534 0.0062)
(0.1125 0.255206534 0.0062)
(0.125 0.255206534 0.0062)
(0.1375 0.255206534 0.0062)
(0.15 0.255206534 0.0062)
(0.1625 0.255206534 0.0062)
(0.175 0.255206534 0.0062)
(0.1875 0.255206534 0.0062)
(0.2 0.255206534 0.0062)
(0.2125 0.255206534 0.0062)
(0.225 0.255206534 0.0062)
(0.2375 0.255206534 0.0062)
(0.25 0.255206534 0.0062)
(0.2625 0.255206534 0.0062)
(0.275 0.255206534 0.0062)
(0.2875 0.255206534 0.0062)
(0.3 0.255206534 0.0062)
(0 0.263647688 0.0062)
(0.0125 0.263647688 0.0062)
(0.025 0.263647688 0.0062)
(0.0375 0.263647688 0.0062)
(0.05 0.263647688 0.0062)
(0.0625 0.263647688 0.0062)
(0.075 0.263647688 0.0062)
(0.0875 0.263647688 0.0062)
(0.1 0.263647688 0.0062)
(0.1125 0.263647688 0.0062)
(0.125 0.263647688 0.0062)
(0.1375 0.263647688 0.0062)
(0.15 0.263647688 0.0062)
(0.1625 0.263647688 0.0062)
(0.175 0.263647688 0.0062)
(0.1875 0.263647688 0.0062)
(0.2 0.263647688 0.0062)
(0.2125 0.263647688 0.0062)
(0.225 0.263647688 0.0062)
(0.2375 0.263647688 0.0062)
(0.25 0.263647688 0.0062)
(0.2625 0.263647688 0.0062)
(0.275 0.263647688 0.0062)
(0.2875 0.263647688 0.0062)
(0.3 0.263647688 0.0062)
(0 0.272088842 0.0062)
(0.0125 0.272088842 0.0062)
(0.025 0.272088842 0.0062)
(0.0375 0.272088842 0.0062)
(0.05 0.272088842 0.0062)
(0.0625 0.272088842 0.0062)
(0.075 0.272088842 0.0062)
(0.0875 0.272088842 0.0062)
(0.1 0.272088842 0.0062)
(0.1125 0.272088842 0.0062)
(0.125 0.272088842 0.0062)
(0.1375 0.272088842 0.0062)
(0.15 0.272088842 0.0062)
(0.1625 0.272088842 0.0062)
(0.175 0.272088842 0.0062)
(0.1875 0.272088842 0.0062)
(0.2 0.272088842 0.0062)
(0.2125 0.272088842 0.0062)
(0.225 0.272088842 0.0062)
(0.2375 0.272088842 0.0062)
(0.25 0.272088842 0.0062)
(0.2625 0.272088842 0.0062)
(0.275 0.272088842 0.0062)
(0.2875 0.272088842 0.0062)
(0.3 0.272088842 0.0062)
(0 0.280529996 0.0062)
(0.0125 0.280529996 0.0062)
(0.025 0.280529996 0.0062)
(0.0375 0.280529996 0.0062)
(0.05 0.280529996 0.0062)
(0.0625 0.280529996 0.0062)
(0.075 0.280529996 0.0062)
(0.0875 0.280529996 0.0062)
(0.1 0.280529996 0.0062)
(0.1125 0.280529996 0.0062)
(0.125 0.280529996 0.0062)
(0.1375 0.280529996 0.0062)
(0.15 0.280529996 0.0062)
(0.1625 0.280529996 0.0062)
(0.175 0.280529996 0.0062)
(0.1875 0.280529996 0.0062)
(0.2 0.280529996 0.0062)
(0.2125 0.280529996 0.0062)
(0.225 0.280529996 0.0062)
(0.2375 0.280529996 0.0062)
(0.25 0.280529996 0.0062)
(0.2625 0.280529996 0.0062)
(0.275 0.280529996 0.0062)
(0.2875 0.280529996 0.0062)
(0.3 0.280529996 0.0062)
(0 0.28897115 0.0062)
(0.0125 0.28897115 0.0062)
(0.025 0.28897115 0.0062)
(0.0375 0.28897115 0.0062)
(0.05 0.28897115 0.0062)
(0.0625 0.28897115 0.0062)
(0.075 0.28897115 0.0062)
(0.0875 0.28897115 0.0062)
(0.1 0.28897115 0.0062)
(0.1125 0.28897115 0.0062)
(0.125 0.28897115 0.0062)
(0.1375 0.28897115 0.0062)
(0.15 0.28897115 0.0062)
(0.1625 0.28897115 0.0062)
(0.175 0.28897115 0.0062)
(0.1875 0.28897115 0.0062)
(0.2 0.28897115 0.0062)
(0.2125 0.28897115 0.0062)
(0.225 0.28897115 0.0062)
(0.2375 0.28897115 0.0062)
(0.25 0.28897115 0.0062)
(0.2625 0.28897115 0.0062)
(0.275 0.28897115 0.0062)
(0.2875 0.28897115 0.0062)
(0.3 0.28897115 0.0062)
(0 0.297412304 0.0062)
(0.0125 0.297412304 0.0062)
(0.025 0.297412304 0.0062)
(0.0375 0.297412304 0.0062)
(0.05 0.297412304 0.0062)
(0.0625 0.297412304 0.0062)
(0.075 0.297412304 0.0062)
(0.0875 0.297412304 0.0062)
(0.1 0.297412304 0.0062)
(0.1125 0.297412304 0.0062)
(0.125 0.297412304 0.0062)
(0.1375 0.297412304 0.0062)
(0.15 0.297412304 0.0062)
(0.1625 0.297412304 0.0062)
(0.175 0.297412304 0.0062)
(0.1875 0.297412304 0.0062)
(0.2 0.297412304 0.0062)
(0.2125 0.297412304 0.0062)
(0.225 0.297412304 0.0062)
(0.2375 0.297412304 0.0062)
(0.25 0.297412304 0.0062)
(0.2625 0.297412304 0.0062)
(0.275 0.297412304 0.0062)
(0.2875 0.297412304 0.0062)
(0.3 0.297412304 0.0062)
(0 0.305853458 0.0062)
(0.0125 0.305853458 0.0062)
(0.025 0.305853458 0.0062)
(0.0375 0.305853458 0.0062)
(0.05 0.305853458 0.0062)
(0.0625 0.305853458 0.0062)
(0.075 0.305853458 0.0062)
(0.0875 0.305853458 0.0062)
(0.1 0.305853458 0.0062)
(0.1125 0.305853458 0.0062)
(0.125 0.305853458 0.0062)
(0.1375 0.305853458 0.0062)
(0.15 0.305853458 0.0062)
(0.1625 0.305853458 0.0062)
(0.175 0.305853458 0.0062)
(0.1875 0.305853458 0.0062)
(0.2 0.305853458 0.0062)
(0.2125 0.305853458 0.0062)
(0.225 0.305853458 0.0062)
(0.2375 0.305853458 0.0062)
(0.25 0.305853458 0.0062)
(0.2625 0.305853458 0.0062)
(0.275 0.305853458 0.0062)
(0.2875 0.305853458 0.0062)
(0.3 0.305853458 0.0062)
(0 0.314294612 0.0062)
(0.0125 0.314294612 0.0062)
(0.025 0.314294612 0.0062)
(0.0375 0.314294612 0.0062)
(0.05 0.314294612 0.0062)
(0.0625 0.314294612 0.0062)
(0.075 0.314294612 0.0062)
(0.0875 0.314294612 0.0062)
(0.1 0.314294612 0.0062)
(0.1125 0.314294612 0.0062)
(0.125 0.314294612 0.0062)
(0.1375 0.314294612 0.0062)
(0.15 0.314294612 0.0062)
(0.1625 0.314294612 0.0062)
(0.175 0.314294612 0.0062)
(0.1875 0.314294612 0.0062)
(0.2 0.314294612 0.0062)
(0.2125 0.314294612 0.0062)
(0.225 0.314294612 0.0062)
(0.2375 0.314294612 0.0062)
(0.25 0.314294612 0.0062)
(0.2625 0.314294612 0.0062)
(0.275 0.314294612 0.0062)
(0.2875 0.314294612 0.0062)
(0.3 0.314294612 0.0062)
(0 0.322735766 0.0062)
(0.0125 0.322735766 0.0062)
(0.025 0.322735766 0.0062)
(0.0375 0.322735766 0.0062)
(0.05 0.322735766 0.0062)
(0.0625 0.322735766 0.0062)
(0.075 0.322735766 0.0062)
(0.0875 0.322735766 0.0062)
(0.1 0.322735766 0.0062)
(0.1125 0.322735766 0.0062)
(0.125 0.322735766 0.0062)
(0.1375 0.322735766 0.0062)
(0.15 0.322735766 0.0062)
(0.1625 0.322735766 0.0062)
(0.175 0.322735766 0.0062)
(0.1875 0.322735766 0.0062)
(0.2 0.322735766 0.0062)
(0.2125 0.322735766 0.0062)
(0.225 0.322735766 0.0062)
(0.2375 0.322735766 0.0062)
(0.25 0.322735766 0.0062)
(0.2625 0.322735766 0.0062)
(0.275 0.322735766 0.0062)
(0.2875 0.322735766 0.0062)
(0.3 0.322735766 0.0062)
(0 0.33117692 0.0062)
(0.0125 0.33117692 0.0062)
(0.025 0.33117692 0.0062)
(0.0375 0.33117692 0.0062)
(0.05 0.33117692 0.0062)
(0.0625 0.33117692 0.0062)
(0.075 0.33117692 0.0062)
(0.0875 0.33117692 0.0062)
(0.1 0.33117692 0.0062)
(0.1125 0.33117692 0.0062)
(0.125 0.33117692 0.0062)
(0.1375 0.33117692 0.0062)
(0.15 0.33117692 0.0062)
(0.1625 0.33117692 0.0062)
(0.175 0.33117692 0.0062)
(0.1875 0.33117692 0.0062)
(0.2 0.33117692 0.0062)
(0.2125 0.33117692 0.0062)
(0.225 0.33117692 0.0062)
(0.2375 0.33117692 0.0062)
(0.25 0.33117692 0.0062)
(0.2625 0.33117692 0.0062)
(0.275 0.33117692 0.0062)
(0.2875 0.33117692 0.0062)
(0.3 0.33117692 0.0062)
(0 0.339618074 0.0062)
(0.0125 0.339618074 0.0062)
(0.025 0.339618074 0.0062)
(0.0375 0.339618074 0.0062)
(0.05 0.339618074 0.0062)
(0.0625 0.339618074 0.0062)
(0.075 0.339618074 0.0062)
(0.0875 0.339618074 0.0062)
(0.1 0.339618074 0.0062)
(0.1125 0.339618074 0.0062)
(0.125 0.339618074 0.0062)
(0.1375 0.339618074 0.0062)
(0.15 0.339618074 0.0062)
(0.1625 0.339618074 0.0062)
(0.175 0.339618074 0.0062)
(0.1875 0.339618074 0.0062)
(0.2 0.339618074 0.0062)
(0.2125 0.339618074 0.0062)
(0.225 0.339618074 0.0062)
(0.2375 0.339618074 0.0062)
(0.25 0.339618074 0.0062)
(0.2625 0.339618074 0.0062)
(0.275 0.339618074 0.0062)
(0.2875 0.339618074 0.0062)
(0.3 0.339618074 0.0062)
(0 0.348059228 0.0062)
(0.0125 0.348059228 0.0062)
(0.025 0.348059228 0.0062)
(0.0375 0.348059228 0.0062)
(0.05 0.348059228 0.0062)
(0.0625 0.348059228 0.0062)
(0.075 0.348059228 0.0062)
(0.0875 0.348059228 0.0062)
(0.1 0.348059228 0.0062)
(0.1125 0.348059228 0.0062)
(0.125 0.348059228 0.0062)
(0.1375 0.348059228 0.0062)
(0.15 0.348059228 0.0062)
(0.1625 0.348059228 0.0062)
(0.175 0.348059228 0.0062)
(0.1875 0.348059228 0.0062)
(0.2 0.348059228 0.0062)
(0.2125 0.348059228 0.0062)
(0.225 0.348059228 0.0062)
(0.2375 0.348059228 0.0062)
(0.25 0.348059228 0.0062)
(0.2625 0.348059228 0.0062)
(0.275 0.348059228 0.0062)
(0.2875 0.348059228 0.0062)
(0.3 0.348059228 0.0062)
(0 0.356500382 0.0062)
(0.0125 0.356500382 0.0062)
(0.025 0.356500382 0.0062)
(0.0375 0.356500382 0.0062)
(0.05 0.356500382 0.0062)
(0.0625 0.356500382 0.0062)
(0.075 0.356500382 0.0062)
(0.0875 0.356500382 0.0062)
(0.1 0.356500382 0.0062)
(0.1125 0.356500382 0.0062)
(0.125 0.356500382 0.0062)
(0.1375 0.356500382 0.0062)
(0.15 0.356500382 0.0062)
(0.1625 0.356500382 0.0062)
(0.175 0.356500382 0.0062)
(0.1875 0.356500382 0.0062)
(0.2 0.356500382 0.0062)
(0.2125 0.356500382 0.0062)
(0.225 0.356500382 0.0062)
(0.2375 0.356500382 0.0062)
(0.25 0.356500382 0.0062)
(0.2625 0.356500382 0.0062)
(0.275 0.356500382 0.0062)
(0.2875 0.356500382 0.0062)
(0.3 0.356500382 0.0062)
(0 0.364941536 0.0062)
(0.0125 0.364941536 0.0062)
(0.025 0.364941536 0.0062)
(0.0375 0.364941536 0.0062)
(0.05 0.364941536 0.0062)
(0.0625 0.364941536 0.0062)
(0.075 0.364941536 0.0062)
(0.0875 0.364941536 0.0062)
(0.1 0.364941536 0.0062)
(0.1125 0.364941536 0.0062)
(0.125 0.364941536 0.0062)
(0.1375 0.364941536 0.0062)
(0.15 0.364941536 0.0062)
(0.1625 0.364941536 0.0062)
(0.175 0.364941536 0.0062)
(0.1875 0.364941536 0.0062)
(0.2 0.364941536 0.0062)
(0.2125 0.364941536 0.0062)
(0.225 0.364941536 0.0062)
(0.2375 0.364941536 0.0062)
(0.25 0.364941536 0.0062)
(0.2625 0.364941536 0.0062)
(0.275 0.364941536 0.0062)
(0.2875 0.364941536 0.0062)
(0.3 0.364941536 0.0062)
(0 0.37338269 0.0062)
(0.0125 0.37338269 0.0062)
(0.025 0.37338269 0.0062)
(0.0375 0.37338269 0.0062)
(0.05 0.37338269 0.0062)
(0.0625 0.37338269 0.0062)
(0.075 0.37338269 0.0062)
(0.0875 0.37338269 0.0062)
(0.1 0.37338269 0.0062)
(0.1125 0.37338269 0.0062)
(0.125 0.37338269 0.0062)
(0.1375 0.37338269 0.0062)
(0.15 0.37338269 0.0062)
(0.1625 0.37338269 0.0062)
(0.175 0.37338269 0.0062)
(0.1875 0.37338269 0.0062)
(0.2 0.37338269 0.0062)
(0.2125 0.37338269 0.0062)
(0.225 0.37338269 0.0062)
(0.2375 0.37338269 0.0062)
(0.25 0.37338269 0.0062)
(0.2625 0.37338269 0.0062)
(0.275 0.37338269 0.0062)
(0.2875 0.37338269 0.0062)
(0.3 0.37338269 0.0062)
(0 0.381823844 0.0062)
(0.0125 0.381823844 0.0062)
(0.025 0.381823844 0.0062)
(0.0375 0.381823844 0.0062)
(0.05 0.381823844 0.0062)
(0.0625 0.381823844 0.0062)
(0.075 0.381823844 0.0062)
(0.0875 0.381823844 0.0062)
(0.1 0.381823844 0.0062)
(0.1125 0.381823844 0.0062)
(0.125 0.381823844 0.0062)
(0.1375 0.381823844 0.0062)
(0.15 0.381823844 0.0062)
(0.1625 0.381823844 0.0062)
(0.175 0.381823844 0.0062)
(0.1875 0.381823844 0.0062)
(0.2 0.381823844 0.0062)
(0.2125 0.381823844 0.0062)
(0.225 0.381823844 0.0062)
(0.2375 0.381823844 0.0062)
(0.25 0.381823844 0.0062)
(0.2625 0.381823844 0.0062)
(0.275 0.381823844 0.0062)
(0.2875 0.381823844 0.0062)
(0.3 0.381823844 0.0062)
(0 0.390264998 0.0062)
(0.0125 0.390264998 0.0062)
(0.025 0.390264998 0.0062)
(0.0375 0.390264998 0.0062)
(0.05 0.390264998 0.0062)
(0.0625 0.390264998 0.0062)
(0.075 0.390264998 0.0062)
(0.0875 0.390264998 0.0062)
(0.1 0.390264998 0.0062)
(0.1125 0.390264998 0.0062)
(0.125 0.390264998 0.0062)
(0.1375 0.390264998 0.0062)
(0.15 0.390264998 0.0062)
(0.1625 0.390264998 0.0062)
(0.175 0.390264998 0.0062)
(0.1875 0.390264998 0.0062)
(0.2 0.390264998 0.0062)
(0.2125 0.390264998 0.0062)
(0.225 0.390264998 0.0062)
(0.2375 0.390264998 0.0062)
(0.25 0.390264998 0.0062)
(0.2625 0.390264998 0.0062)
(0.275 0.390264998 0.0062)
(0.2875 0.390264998 0.0062)
(0.3 0.390264998 0.0062)
(0 0.398706152 0.0062)
(0.0125 0.398706152 0.0062)
(0.025 0.398706152 0.0062)
(0.0375 0.398706152 0.0062)
(0.05 0.398706152 0.0062)
(0.0625 0.398706152 0.0062)
(0.075 0.398706152 0.0062)
(0.0875 0.398706152 0.0062)
(0.1 0.398706152 0.0062)
(0.1125 0.398706152 0.0062)
(0.125 0.398706152 0.0062)
(0.1375 0.398706152 0.0062)
(0.15 0.398706152 0.0062)
(0.1625 0.398706152 0.0062)
(0.175 0.398706152 0.0062)
(0.1875 0.398706152 0.0062)
(0.2 0.398706152 0.0062)
(0.2125 0.398706152 0.0062)
(0.225 0.398706152 0.0062)
(0.2375 0.398706152 0.0062)
(0.25 0.398706152 0.0062)
(0.2625 0.398706152 0.0062)
(0.275 0.398706152 0.0062)
(0.2875 0.398706152 0.0062)
(0.3 0.398706152 0.0062)
(0 0.407147306 0.0062)
(0.0125 0.407147306 0.0062)
(0.025 0.407147306 0.0062)
(0.0375 0.407147306 0.0062)
(0.05 0.407147306 0.0062)
(0.0625 0.407147306 0.0062)
(0.075 0.407147306 0.0062)
(0.0875 0.407147306 0.0062)
(0.1 0.407147306 0.0062)
(0.1125 0.407147306 0.0062)
(0.125 0.407147306 0.0062)
(0.1375 0.407147306 0.0062)
(0.15 0.407147306 0.0062)
(0.1625 0.407147306 0.0062)
(0.175 0.407147306 0.0062)
(0.1875 0.407147306 0.0062)
(0.2 0.407147306 0.0062)
(0.2125 0.407147306 0.0062)
(0.225 0.407147306 0.0062)
(0.2375 0.407147306 0.0062)
(0.25 0.407147306 0.0062)
(0.2625 0.407147306 0.0062)
(0.275 0.407147306 0.0062)
(0.2875 0.407147306 0.0062)
(0.3 0.407147306 0.0062)
(0 0.41558846 0.0062)
(0.0125 0.41558846 0.0062)
(0.025 0.41558846 0.0062)
(0.0375 0.41558846 0.0062)
(0.05 0.41558846 0.0062)
(0.0625 0.41558846 0.0062)
(0.075 0.41558846 0.0062)
(0.0875 0.41558846 0.0062)
(0.1 0.41558846 0.0062)
(0.1125 0.41558846 0.0062)
(0.125 0.41558846 0.0062)
(0.1375 0.41558846 0.0062)
(0.15 0.41558846 0.0062)
(0.1625 0.41558846 0.0062)
(0.175 0.41558846 0.0062)
(0.1875 0.41558846 0.0062)
(0.2 0.41558846 0.0062)
(0.2125 0.41558846 0.0062)
(0.225 0.41558846 0.0062)
(0.2375 0.41558846 0.0062)
(0.25 0.41558846 0.0062)
(0.2625 0.41558846 0.0062)
(0.275 0.41558846 0.0062)
(0.2875 0.41558846 0.0062)
(0.3 0.41558846 0.0062)
(0 0.424029614 0.0062)
(0.0125 0.424029614 0.0062)
(0.025 0.424029614 0.0062)
(0.0375 0.424029614 0.0062)
(0.05 0.424029614 0.0062)
(0.0625 0.424029614 0.0062)
(0.075 0.424029614 0.0062)
(0.0875 0.424029614 0.0062)
(0.1 0.424029614 0.0062)
(0.1125 0.424029614 0.0062)
(0.125 0.424029614 0.0062)
(0.1375 0.424029614 0.0062)
(0.15 0.424029614 0.0062)
(0.1625 0.424029614 0.0062)
(0.175 0.424029614 0.0062)
(0.1875 0.424029614 0.0062)
(0.2 0.424029614 0.0062)
(0.2125 0.424029614 0.0062)
(0.225 0.424029614 0.0062)
(0.2375 0.424029614 0.0062)
(0.25 0.424029614 0.0062)
(0.2625 0.424029614 0.0062)
(0.275 0.424029614 0.0062)
(0.2875 0.424029614 0.0062)
(0.3 0.424029614 0.0062)
(0 0.432470768 0.0062)
(0.0125 0.432470768 0.0062)
(0.025 0.432470768 0.0062)
(0.0375 0.432470768 0.0062)
(0.05 0.432470768 0.0062)
(0.0625 0.432470768 0.0062)
(0.075 0.432470768 0.0062)
(0.0875 0.432470768 0.0062)
(0.1 0.432470768 0.0062)
(0.1125 0.432470768 0.0062)
(0.125 0.432470768 0.0062)
(0.1375 0.432470768 0.0062)
(0.15 0.432470768 0.0062)
(0.1625 0.432470768 0.0062)
(0.175 0.432470768 0.0062)
(0.1875 0.432470768 0.0062)
(0.2 0.432470768 0.0062)
(0.2125 0.432470768 0.0062)
(0.225 0.432470768 0.0062)
(0.2375 0.432470768 0.0062)
(0.25 0.432470768 0.0062)
(0.2625 0.432470768 0.0062)
(0.275 0.432470768 0.0062)
(0.2875 0.432470768 0.0062)
(0.3 0.432470768 0.0062)
(0 0.440911922 0.0062)
(0.0125 0.440911922 0.0062)
(0.025 0.440911922 0.0062)
(0.0375 0.440911922 0.0062)
(0.05 0.440911922 0.0062)
(0.0625 0.440911922 0.0062)
(0.075 0.440911922 0.0062)
(0.0875 0.440911922 0.0062)
(0.1 0.440911922 0.0062)
(0.1125 0.440911922 0.0062)
(0.125 0.440911922 0.0062)
(0.1375 0.440911922 0.0062)
(0.15 0.440911922 0.0062)
(0.1625 0.440911922 0.0062)
(0.175 0.440911922 0.0062)
(0.1875 0.440911922 0.0062)
(0.2 0.440911922 0.0062)
(0.2125 0.440911922 0.0062)
(0.225 0.440911922 0.0062)
(0.2375 0.440911922 0.0062)
(0.25 0.440911922 0.0062)
(0.2625 0.440911922 0.0062)
(0.275 0.440911922 0.0062)
(0.2875 0.440911922 0.0062)
(0.3 0.440911922 0.0062)
(0 0.449353076 0.0062)
(0.0125 0.449353076 0.0062)
(0.025 0.449353076 0.0062)
(0.0375 0.449353076 0.0062)
(0.05 0.449353076 0.0062)
(0.0625 0.449353076 0.0062)
(0.075 0.449353076 0.0062)
(0.0875 0.449353076 0.0062)
(0.1 0.449353076 0.0062)
(0.1125 0.449353076 0.0062)
(0.125 0.449353076 0.0062)
(0.1375 0.449353076 0.0062)
(0.15 0.449353076 0.0062)
(0.1625 0.449353076 0.0062)
(0.175 0.449353076 0.0062)
(0.1875 0.449353076 0.0062)
(0.2 0.449353076 0.0062)
(0.2125 0.449353076 0.0062)
(0.225 0.449353076 0.0062)
(0.2375 0.449353076 0.0062)
(0.25 0.449353076 0.0062)
(0.2625 0.449353076 0.0062)
(0.275 0.449353076 0.0062)
(0.2875 0.449353076 0.0062)
(0.3 0.449353076 0.0062)
(0 0.45779423 0.0062)
(0.0125 0.45779423 0.0062)
(0.025 0.45779423 0.0062)
(0.0375 0.45779423 0.0062)
(0.05 0.45779423 0.0062)
(0.0625 0.45779423 0.0062)
(0.075 0.45779423 0.0062)
(0.0875 0.45779423 0.0062)
(0.1 0.45779423 0.0062)
(0.1125 0.45779423 0.0062)
(0.125 0.45779423 0.0062)
(0.1375 0.45779423 0.0062)
(0.15 0.45779423 0.0062)
(0.1625 0.45779423 0.0062)
(0.175 0.45779423 0.0062)
(0.1875 0.45779423 0.0062)
(0.2 0.45779423 0.0062)
(0.2125 0.45779423 0.0062)
(0.225 0.45779423 0.0062)
(0.2375 0.45779423 0.0062)
(0.25 0.45779423 0.0062)
(0.2625 0.45779423 0.0062)
(0.275 0.45779423 0.0062)
(0.2875 0.45779423 0.0062)
(0.3 0.45779423 0.0062)
(0 0.466235384 0.0062)
(0.0125 0.466235384 0.0062)
(0.025 0.466235384 0.0062)
(0.0375 0.466235384 0.0062)
(0.05 0.466235384 0.0062)
(0.0625 0.466235384 0.0062)
(0.075 0.466235384 0.0062)
(0.0875 0.466235384 0.0062)
(0.1 0.466235384 0.0062)
(0.1125 0.466235384 0.0062)
(0.125 0.466235384 0.0062)
(0.1375 0.466235384 0.0062)
(0.15 0.466235384 0.0062)
(0.1625 0.466235384 0.0062)
(0.175 0.466235384 0.0062)
(0.1875 0.466235384 0.0062)
(0.2 0.466235384 0.0062)
(0.2125 0.466235384 0.0062)
(0.225 0.466235384 0.0062)
(0.2375 0.466235384 0.0062)
(0.25 0.466235384 0.0062)
(0.2625 0.466235384 0.0062)
(0.275 0.466235384 0.0062)
(0.2875 0.466235384 0.0062)
(0.3 0.466235384 0.0062)
(0 0.474676538 0.0062)
(0.0125 0.474676538 0.0062)
(0.025 0.474676538 0.0062)
(0.0375 0.474676538 0.0062)
(0.05 0.474676538 0.0062)
(0.0625 0.474676538 0.0062)
(0.075 0.474676538 0.0062)
(0.0875 0.474676538 0.0062)
(0.1 0.474676538 0.0062)
(0.1125 0.474676538 0.0062)
(0.125 0.474676538 0.0062)
(0.1375 0.474676538 0.0062)
(0.15 0.474676538 0.0062)
(0.1625 0.474676538 0.0062)
(0.175 0.474676538 0.0062)
(0.1875 0.474676538 0.0062)
(0.2 0.474676538 0.0062)
(0.2125 0.474676538 0.0062)
(0.225 0.474676538 0.0062)
(0.2375 0.474676538 0.0062)
(0.25 0.474676538 0.0062)
(0.2625 0.474676538 0.0062)
(0.275 0.474676538 0.0062)
(0.2875 0.474676538 0.0062)
(0.3 0.474676538 0.0062)
(0 0.483117692 0.0062)
(0.0125 0.483117692 0.0062)
(0.025 0.483117692 0.0062)
(0.0375 0.483117692 0.0062)
(0.05 0.483117692 0.0062)
(0.0625 0.483117692 0.0062)
(0.075 0.483117692 0.0062)
(0.0875 0.483117692 0.0062)
(0.1 0.483117692 0.0062)
(0.1125 0.483117692 0.0062)
(0.125 0.483117692 0.0062)
(0.1375 0.483117692 0.0062)
(0.15 0.483117692 0.0062)
(0.1625 0.483117692 0.0062)
(0.175 0.483117692 0.0062)
(0.1875 0.483117692 0.0062)
(0.2 0.483117692 0.0062)
(0.2125 0.483117692 0.0062)
(0.225 0.483117692 0.0062)
(0.2375 0.483117692 0.0062)
(0.25 0.483117692 0.0062)
(0.2625 0.483117692 0.0062)
(0.275 0.483117692 0.0062)
(0.2875 0.483117692 0.0062)
(0.3 0.483117692 0.0062)
(0 0.491558846 0.0062)
(0.0125 0.491558846 0.0062)
(0.025 0.491558846 0.0062)
(0.0375 0.491558846 0.0062)
(0.05 0.491558846 0.0062)
(0.0625 0.491558846 0.0062)
(0.075 0.491558846 0.0062)
(0.0875 0.491558846 0.0062)
(0.1 0.491558846 0.0062)
(0.1125 0.491558846 0.0062)
(0.125 0.491558846 0.0062)
(0.1375 0.491558846 0.0062)
(0.15 0.491558846 0.0062)
(0.1625 0.491558846 0.0062)
(0.175 0.491558846 0.0062)
(0.1875 0.491558846 0.0062)
(0.2 0.491558846 0.0062)
(0.2125 0.491558846 0.0062)
(0.225 0.491558846 0.0062)
(0.2375 0.491558846 0.0062)
(0.25 0.491558846 0.0062)
(0.2625 0.491558846 0.0062)
(0.275 0.491558846 0.0062)
(0.2875 0.491558846 0.0062)
(0.3 0.491558846 0.0062)
(0 0.5 0.0062)
(0.0125 0.5 0.0062)
(0.025 0.5 0.0062)
(0.0375 0.5 0.0062)
(0.05 0.5 0.0062)
(0.0625 0.5 0.0062)
(0.075 0.5 0.0062)
(0.0875 0.5 0.0062)
(0.1 0.5 0.0062)
(0.1125 0.5 0.0062)
(0.125 0.5 0.0062)
(0.1375 0.5 0.0062)
(0.15 0.5 0.0062)
(0.1625 0.5 0.0062)
(0.175 0.5 0.0062)
(0.1875 0.5 0.0062)
(0.2 0.5 0.0062)
(0.2125 0.5 0.0062)
(0.225 0.5 0.0062)
(0.2375 0.5 0.0062)
(0.25 0.5 0.0062)
(0.2625 0.5 0.0062)
(0.275 0.5 0.0062)
(0.2875 0.5 0.0062)
(0.3 0.5 0.0062)
)


// ************************************************************************* //
